47 33
111100010011100011111101100111001
110011010101111100100110011100001
111110100001101110000111001100111
110101010001100101000000101001001
111001000011111000000011100010001
100110100110111000110100111110001
111100111010000001011000011001001
100001101101000010010100001101001
111000111101000000011010010100111
111101000110001111111010010000011
111101010110000101001100001010001
110010010110110101101001000010001
100000101101110000011010101001101
100000010110011010000000110000011
100111110100101010100010011000111
110110100011001001101000001111001
100110000110010110110110110011101
110001000001110000010000100111111
110001001110100010010000100000101
110011010001001101010010010000001
110010110100010000101111010001111
111000111111000000001010101110011
110111001110001110010011110001011
100010000001100011011101111001011
111000110101111000100111011001011
100110011001011011101100000000011
100011010010010010001001101001111
101011111101100010101101011101001
110101100101011010100110110011011
101010001100000011000111001110001
100101001100001001001111010100011
111110110110101100011110111100101
100111001000111011111000011110001
110000100000000001111000100100111
101011111011111010010000010110011
111010100011001000100000000000111
101011001000100010000100111010001
100001010001010001010101111000011
111001110001000010101100010101001
111100000111101010101000110010101
110110000011110010010110001111101
101111100011100010000010010110001
110000111101010111001001011110011
101001001111010110110001000000101
101010000011000000001101000100001
101111001101100000011010000100001
100111010001011000111010110011111
