69 49
1001101001100000110110111111001110100000011101011
1101010010100010110111101000111001110101010101101
1001010101100101111010100000000100100101001100101
1100000100101011001110100110011010100110111010101
1000110100110010101101011110011110011110010010111
1010110110001100010010011001001000100010111111101
1001001001001001110001010011010011101001110110011
1010101111010010001010011001011111011110010101001
1001010111001111010111101101101000011010010001111
1000000101111111111001000011101100111110100011011
1010011010010101010100001111100111111101001000001
1110000101000011000010111111111110011111011011001
1010110000101101110101000111011110100011111001111
1000011010100011101000000111001010011000000011111
1111010101011100111011110011010111001010011100001
1000011011001011101111100100011101011011101101101
1110000111111011001110010011101111011011111101001
1101011000010111110000111011110001000010011011111
1000000011010011000110001111011000011111000110101
1110100110111000010001110110011101100100110111101
1000001100100000111101011100001010010110010111111
1001111000010001111011010101011000000000010011011
1000101001001000000100100011111001010000011101111
1111010110010101111111010100111100000101101111101
1010100110100110110001100101000000101001101010101
1001011100010111100001011100101010111111101111011
1000111011010111010101010101010101010101111000101
1110001110010111100111001000010110100001001100011
1110001001100000000101000001110101000101100101101
1000111111111110011010001100100100011101100010101
1001101111001110110010001101100101011101001101101
1000000011100111100100001111111010110111100110011
1100110101011010000101001100111110110110001000101
1010000101100001010110000010000011110011010000001
1100000111011001111000111101111001110000010110101
1111011100100011000110110101010111001101001000011
1001111001011111110100000000101010111101011001011
1101001100010011000101111000100010110110100010011
1000111011100111101111100111101100011011100001101
1010111010001100001100110000110100110000001001001
1000100111111111101011010101001001010011100010001
1001111010111001111111011110011000101100011111101
1100101110010000101001000010001011100111110101001
1000011111110010001001001101111010111000101010101
1110111110011100001011110111100011001101101101001
1001011011110000101001001111010011010011100010011
1111010100110000101101001000101011101110010010111
1100110001110111000001001101010010100010010010111
1100110110100110010111000000000011111101111110001
1110100110010101001110100000100001110100011100001
1111001001101110111001101011111010111010111100001
1000000110010110111001101000101100100001101011001
1101011100000100100001100011100000111000000100011
1000100000010101100111111111100010000110001011111
1111101011001110000010011110011010011101111101101
1101101011011110100110000111100110101010101001011
1011010100011010100010010010001101110011101011001
1011111100110010000001010101000110101000100111011
1011111011001110111011011100111001101000110000101
1100110001000011000101100100100001010110011110101
1010111011110010001000010000001011111001010110011
1111111000101100111110100101001110001110011000011
1010000110001101010010010010101111010000001000101
1100100111000111110000011100100001110100001100011
1001100101100101000000101110100101110111110111001
1011100111000010010101111000011001111101011111011
1001011010101110011101011011011101001001010011101
1111000001111000010101011000111111101100000000111
1000001011001101101111110001011100111001101011001
