65 58
1111000110101100110000000001110100000000110010011000010011
1000110101000001000000000000000000111100000110000010100111
1100000001110100000110001100100110001000011110010110000001
1000000010110101010000000011000010110010001110110000100111
1010000000011001010010100001000001010000100010011000100001
1001000001000010000100011001100100100111010010000111010001
1001011001011110101111000010011000001000010000000011110101
1001101011000001000001011000100001001100101001010010000101
1000101001010000000001000101000100101010001101100000001101
1001000000001111111000001000001011000100100000000110000111
1001100111000010101000011100111100101101000011100101100011
1000011001110000000010111101100010101000100000111110000101
1110010101001100101100101100010011101000010000100111011001
1100000100110000100000100000101010001000000000011100001001
1001001100111000101010100000011000110000100010010000011001
1001100000010010110101000010000100000010000100000111010111
1000110000100110011001010010111010000101101010100001000011
1100011000010001000110100101000010011000000100011100001001
1000010100111000010010011001000101100000011100011100000001
1000011000000000001000110001100010010001000110001100110101
1101101100011010010100100010000011100000001001101000000001
1011000000000000110011010010000010010000000110000100000111
1110000001000010000011000000011100000110000011101100111001
1101101001100010001010001010001000010101100011110100100001
1000001010001010000000000000101010001000011000100001011011
1100000000000100100010001000001000000101001100101000010011
1110000100000000101000010001011011000000000010101001101011
1000010101100001110110001000010010000000011000000111011011
1110010000000000010000000000000110010100001010111011000001
1000001001000001001100100000010101010011000001100000001111
1000010010110001000001010101010010000000010011100101111001
1000101110100010010100100011000000000110010111010111000101
1010001101001001001101100000100101001110000000001000011111
1011100000001000110010000001000100100011111100010011001101
1101010100000100100000000101101100010111000000100001010011
1010000100000100000111011000101111100110010011010000000011
1100101010101111101000101100000100011000000111001111000101
1010010001000000100010001100110000011000011100010110010011
1010001001010100000001000101011000110100110110010010100001
1110000011001101101011010110000001000100010001000010010111
1101101010001111001001101101101100000001000010000001100001
1001000011010010111010100111001000001010100000100000010111
1100000000010001000010000011000110001001000001100000101001
1100110000000001101001100110010010010000001010000000001001
1001001111000000011100010010010011001110000010011100110001
1011011010111110000000101010101001000010000000001010110011
1111100001011011010110011110110001000111001101101010010001
1000100101011011101000100000110101001011001010010011110011
1101110101011101011000011000011000111010001001000110011001
1011011000100000100110100000010110110110010100001100011011
1000010010000000001101110100001000100000111010000110100011
1110000000100000000111000001110100001110100100100001000001
1010101000000101000010010000001110010100010010011000001001
1000011100100100000011000101100110010010100011100010001101
1011000000000001101000100001111100001000001000000010110111
1110100000100000010100000001011100000100000000100000000001
1100001111101001001000011000011011011001010001000001001001
1101000011000110000100001111000001010110110100000000000101
1001010011001100010000000010000000100100100101001000101101
1000100100101000000011100100000110001110111110010000100001
1101000001100110001011011001100100111000011110001000110001
1000000100000110111010100100001101000110100001100101111001
1101010100101010100110000010010001000010011001001000100001
1001001010111100111000100010100010010001000001000011010011
1000000000100100000011011001011001000101011110010000000101
