81 64
1110011100001111111101001110011111011011111001111110011000100111
1001010101100010111011001001101001100001111110101101110101101111
1100110111111001011110101010101111111000000111011111100110111111
1011010110001001000110101100010111101010111111001010110000010111
1011011010111011010100110000011111110110010110001011111010111001
1010111101010111011010110000111100011110011111101110101101101001
1001100110010010111011110111001110110001010111110010111110101011
1110001011000000110000011100101001101101100000010110111110011111
1110100011111101111111011111010110011111001100000111110111000011
1101111101011100111010010001101110000001010101011100010101111011
1100010010001011001010111101101010111010011111110111111001001111
1110101100111010101010011111110111100101111011010011001101101111
1111010110110100001110111101111001100010101101111101110100111011
1101101111001101010001101110010000010000101110111001011000001011
1011100110001011111010011010111110011000101011011000111101110111
1111011000011101010011101011111011101111101101010111000000110111
1100011111010010011001111110010101000110100111111011010110011011
1110000101110010001011100110111100101011101110011110011110010111
1011101000001011010110100110110011010101010000000001111101100011
1100111110111111000111101101111111111111000111001101111101111101
1111111011101111001110110101001000100110111111111001110110000101
1100101111010110110101011101010001011111110100100011101100111011
1111111110101010110010000110011100101101101111101111101101000111
1111110011111101100100010111111100010111111111111011010100110101
1101111100101001111011010001000111111000011101100010001111110111
1101111001111110100101110011000000101000011010001110011111011011
1111000101110101111111111011000110110111001010101100100101101111
1101101010010111100011000001100011101001110110101111111010100111
1001110111111010111101001011000110000101011100100010001111100101
1101111011110110111010100011111001101101100111010110110010110011
1101000110111100111101011111100101011101001101111011010110110001
1010011110100100011000110011101000000011010111101001110111101111
1010100111111111111110110101011101000011111010101111010101000101
1001110111101001100110001011001010010111010111101001010111000001
1001011110011001000010001010110111011000110111001100111011000101
1101110111001100011101001100110011011110010100111100000110110111
1101111100001110110010010011011101011111101110010110110100110101
1011111110001011111000111111001101001101011110111010000101111111
1010100011000101011110000011111110100011011100101011000000011111
1101110111010111010111011011110011111100111101011101100001010111
1110011101001111010011010011101100001000011111011011111101110111
1000110101101011111111110111001101101011011111100110111111010001
1010011011110111101010111001110011011101101011011011101111011001
1100110100111011111101110000000110111110111001110101001010101011
1100011100000010001111100001110011111011101010111111101010111011
1111100111000010111111010111010110110010001001111011001000111001
1110101101111111010010111001011100100110001000100110010000100111
1010111111101001110000100111001001010100110100101110101111010001
1101100101111001001110101111101001011111011110010000111000110011
1011011111100010000110000111001110110111011011101100110110110101
1100111110011101001011111010000000100000010101111111111001110001
1001110101011100110110011010110111011111000110001110011001101111
1111110011100110110111111011011101001011111011111111100101111101
1111011110001111011011110100100111011101111111011101111110111011
1001011010001010110000111101100111010111101010101011000100110001
1000111010111011101100010110110111111001100011001001011011101101
1011111010101110101000101010110101101110110111001100110011011111
1101100011011111100011111111001001111000010011111101111010011011
1100111100001011100111110101001010111001000111011101110110010111
1011101011111110011011100101110010111111111111111010001111110011
1110100111011111110101000011001011011111000000110011100000001111
1111111010111100111101001111101011111100001110010001110000001111
1011100011111101011101011011011011010101110101000010011101000101
1111100111011011111110000111110001101100111111010001111010111101
1110010010101110010001100100111011111110001111100010001111011111
1010110011001011000111011101011110001000011010101101110011010111
1011001101100001100101101100010111101110000101101010111011010111
1111011110100111111101101010111100111010001101110110011000000111
1100000011001101010111101100110111100101111101000111111001100111
1111001111100100111101000111111101111011111111011111101111100001
1011101100001000010010000010100111001100111111101110000111011001
1100000101110100010111100111011010111101010110011001110110100011
1010100110111001110010010110101110011010011111100111001010011111
1000001001011011111001000101111011100011111001111100110111111111
1111111111101101111001110111011111001111110100111011110000011011
1000111101011111011011100110010101010110000101011001111111011001
1010000100110100011111111101011111111001111101010100111111101001
1011111101000101010010000001111010011111101110011101010101011011
1111101010010101110100100111010111011000101101100001111110101001
1110111001111001111011110111001011111100101111011011011110110111
1100010010001011100010001111100001011101001111001111111111111011
