83 92
10101111000111001000000001110000111110010010001101000010010110001110101100110010111010011111
10101000000000000111101000001101100011100001101110011000110000111000100011100000000111010111
10111100000000110000010000011100011100110000010011100100000001000000000001111001110011000001
10100001001101000011101001011000001101000110001000010011000101110100101100011110100101000111
10010010100001000000010110110100101000001110001100100001000101011101001101000110000001100101
11000110100110001110010011001100100101000010100100000100001100101010000000000000011110000001
11000011100011010011001100101001011000110000100111010000011100000010011000000000000000010101
11010010000010010011011101100101110100101101110000100100100010100000100100111101101110000011
11001000100011011000011100100111110000001011110000010010011001000000111101000001100001001001
11000000001010000100000000101100000100100100000001100001000001110100000011010101010000110011
10001100100100010101000101100011010011000101101010000000110010101000000110010000000011011001
10011010000100001010100000011010010110100110000010100100100001010111011000100000101100110001
11011011110000010100010101010100010110110100101101011011100100101001001001000110001010011001
10100101000010000011001011000100001001010100111001111100010011010010011010110100110001010001
10000100110011000000011010101100111101010101110101110101011100100110000100100001101000000101
10000110000011010000000111111000101000011010110000000000000100110010001000000100011100010101
11001000001101011100001010111010000110000100000110101000001010110110100000001010110011010101
11010010110010010000001100110000110010010000100010010011000001111011010101001001010101100011
10100011100001010011110100100110001110000001010000011100000001001011110000000100100100001011
10011001101001001011001100010000011000000100100010000000000100010000101101001100011001001011
10000001001000100011101000000100110001011010100100101111000000010000110111110110001101101111
11001011000100000100001010010001011100011001111100001001010111010000010011011010100010101011
10000000000011011001101001011101101000110011000010010000000100101110101010010101101011001101
10000001000100110010001000001000000110000000110101101000001000000101001000000101001010111001
11100000101011011110100000100101101010100110110100010101101001100010001001100001001100100111
10001100001001110110000111000011010000100000011000010000010001000110011010000000000001010011
11010100111111010000001100010101011100100011110000000001001000100100110000100100100101100001
10000000000100000010011100100000000110100101000010010111011000011100100111000100111001010001
11010010100000110000110010100101001000100100000101100001001000011000010101100100100101001011
10000010011000100111010000110111101010011100100011000110111001000100001100011000100101000001
10000101100101001000011100000111001000011011010010000100001100000010010100000001110001101001
11001000101011100100101110010011011010001000001010001101000111100000100000000000001010110001
11111101110100100111100101101010000100010011000100000110000101000011011010010011001110110101
11000110000010000000011111000000001100100010001001101100000001011110010101000000010011011011
11110001111010100010010110000010000000000110100110000000010011001101001111001100110010011001
10111000001000111001010010000001011110001010011101011000010001101110000010001011010101100001
11010000111100100000011100110010101110100100001000001111001010110000001000101000001111000001
10100011101111111100000010010000100100000010010001000001000100011000111100010011000000001111
11011000010110110000101100100001001111000011101110011011011000001100000110011000001011001101
10111010010000001100100011100111101100011100000000010010110100101001010111001001111101011001
11010000000010100100111110101000101000000100010101000000000000010000011010111001001001001011
11101100111000001000000000010000001010000100000101000100011000010100100000010101001000011011
10000010011000000000010000110000010011010000011001100111001010010000000101100001000000001111
11010110001001001010101010100100001101111100010110000000100111010000110001010000011101101011
10100000001110000110001000101111100010100010001000000011111001111000100010100111000000110001
10101011000000001000001011101101010011010010101011101110100001100000000101111000001101011101
10010011001000111111110010100011001100010010001010011000010100000110110010001100000101000001
11000100101001111100101100100010000111011101011100000000000000110011000000001000000100001101
10010000000100111100100111000001011000110000110100010000011100000101010010010010100110000101
10011000000000011011100000001011110101111011101101010100011101010110010101101010101100100101
11010111000001010101011110000110100001001010000100011011011100100101101100011100010110111001
10010010010100011100000000001010010011000000101101100011000000010110010000010000110101001011
11000000000010010100010000000110001010000100100011100101100000010010101101000010110111001001
11111010001010111000111101001010100010100000101000110110001000111000011000010100110001100101
10001110110000000111010010011010011010001101000000001011110001000000000011000000000110111001
11000101101110001010101001110011000011101100000100110110100101011010000010100101000001010011
11101000100101001011100001001100000000000001101000111000100011011110010000001010100000111111
10110001110001101110000010000110010001000101010100001011111101101000100000001001001000000001
10110001000000000101010000000000011001100101011111010000011100000010101000110001000100100001
10001100000011100001000110011000110011101000101000010110100000000010100001110000111100000101
11011010001010110001100100110000101000001100000111000111100001000010000001000111001110000001
10100100011001001000101100100000011000001110000010110010110000010101000001000110111001001101
10000000101000100111011000000001000000110011111001010010000010100000101000010011000101011001
11001010001000000001010101010110101111001010100001101010001000000110011010100110100010010101
10000100011000001001010101100000010011001101011101110010010000001100110001100010101000100001
10111010110101001010000111000001100000001000001010110101100100101101011111100001000000100111
11000000100101010000001001010000011001001100100010001010000110011010101001100110100100110001
10000110001110010110010100100000111001010110100000100001001010111001001010000110001010110011
11001010010011000110011000011011011001101100010110001110001100111000100100101000010000011011
10001010010111000001000000001010100101100001011100100100101011000100000110001001101101101111
11010010000110110111010100000100011110000000010010100011000111001000101011000000000110100011
10000000011100000001001000000101000000100000011010111110011001000001000110001011010001100001
10001101111010101101010000100000100000011000111111110000010010111001001101001111011110011001
10100011001010001011011000100101111101000001001100000000100000111011010001101100000001101011
10110100010000100011110000000111001010011000010010010110001101001001010011110000110110100101
10111000001000010000111000000100100110000100001000100000000000011010101000100000010000011011
10011000111010000101000100000000111011100001001011000010100000010001000111011100101000000101
10100001010000101010010010001000011000110001101001101010011010100100001010011011010010010001
10000010000001110010011101101000001011010011000000010011101110110000000001011001001001011011
10011001111101101010000100000010011100011100000001110100001000110001000000000001000101000011
10011001101000101001001101010110100001001001001011011110111100101001101000111010100010000101
11000010011100001101011000001010100011000000101000010000100000100100100100110010001000011101
10000011111110100100110101111001001000101000001011100110000000010001000000100000110011100101
