98 89
11111001001001011011000001001100010110011000111000100000100110111111010101100010101110011
10111111100001110111011111101011010100010100000011010100000110101001001101001001110010111
11110101010010010011001110011011100110000001101010101011000110101000101000110011000000111
10100100110011100010100100111011000001111110000100010110100110010011001100010011111100111
11000110011111000011110001111101010011010001010100110000111000011010101010001110001001111
11101010101000111001111011111000111110001010111011000000100111010000111011010011000011011
10100000100111011100000101110110010000100010011010101001101101001001001010100110010011101
11100000001000011110000010101100000001111111111110100010010001110110100011110001001000111
10110110001001011011110011110000010011001010001010110011011000111010001110101101010111011
10000110111111001001001010110000110101111000011110001010110001111101011100110001010111101
10100000100001100110100000010000011001000100101001001001100000100010010001000011010101111
10101000001100010001110011000101010011010011100001100010000110001010000001001011101101111
11001100111100010100111101101111000100110100000100000101001010001001111001110011001100001
11001110111110010101100001010000111110111000011111111101110010001100010101100010000101001
11001110110011110110000111001010110000000101101101100000011111110100000101001000011011101
10001001010010010011110000010010100101111100001010110101010010001100110100101001010000101
10100011001100011001001011011011001110110111111101100100110100100001011001000111000110111
10001110100101011100111001011010010101110110000101101101000110001000000101000011101011001
10100111101111011011101111001111110101010010111011001110110100100010101000110110100100011
11010011010010011110101110100001000000111100011110010111110110001111111101001101100111101
10110000001100001000000001001111101101111000010001100000100100001011001001000101011100011
10011110100010110011100001110010011011100101000100101011111111011001111010011011110011011
10000111000011011100101001111111010101000110010001010100001000100101000101001010001001111
11101110000100111101011011101000110110100100010010110011101110010110010100000011100001101
11111110000101001010111110110010100111110011110011000010101001010001101100101000100101001
10100101101100100011110010000100001001110100100110000111101011011100111111011111010001011
11001010001110011001110010101111010001110010011010100000100111111111010101010000011011001
11010010101000001000001001111111011100100000010101000011101110110101010011011111001101111
11011011100110010001010110011110000110011011000101011000001111001001101010111111101100011
11101100000011001011000110110111011001010101101010110001010000100001111110001110000100111
11111110001001011010110010000100101001000011111010100100001100011000010000110100000000101
11111111001110110100101010001010100100010000011111101101100001110010010001000100011110011
11111111111100010011110110101011101110101010111011100100100101110000110011111010001100101
11100100010001100010100111101010000010011000100110111110101110010111010111000000111101001
10100001000110111001101001100000011110000010101000100111010000111100101100110000000111001
11001001100001010100000011111010111011000101000000101110000100001011001101000001100001011
10001010011000110111100010011100110001001111110111111100011101001111101100110001001100101
11110110110110010111100000111011101010100100000011100101101000001110011011101010000101011
10010111011101110110001110100100010010101110111010111000001001000010011011110110101010011
11000011110110010111100101010011011101000001111000100110010000011001011001001000101010011
10110100011001010011100011010010111011000010010101010010000100011111100011101011010111111
10000001111010001010010000001111011001111101111011010100100010110111101011111000000101111
10110110111001010001111000010011001101101111111100100000100110101000001110100000010011011
10110111110011000110011001101011101011010100110010100000101000100011111001110110000010111
11011100000101101001011011111000010100101100011010101101001101100000100100100101000001011
10001111001000000111010000001100100110100110110000100011101001011100101000001110010001101
11011111101010010110010101000111100110101011011100001011101111110000101001000000011001111
11111110000010101011001000110000010001111011010111011111100011001000100111011100111011001
11100111101010000101101011000011001010010111001101010000001100001001101010100110101001011
11000100101101110000110110100010011000101110100001100000111101000000110111100010100110011
10000011110001001110111010100010010001010011000101111010011000101001001101110101110000101
10100000011010100000100110111100100111111000110111101111011000110010111011010101011100001
11010000001111001100100111111100110001011000010110110100110000101110001110111100000001011
10100011100111101111011110110100011111001001100011110011101110110010000101111100011100111
10101000001101101100101010110010100000001011011100101100011001111110110001001101100111011
11011001101100110001100000100110111010011110011110001101011010001011110000111000010101011
11001011001000011011001100110010000110011010011011000011111101000110110010011000001001001
11011010010000010010111011111100001110101100001011011001000010011101010010100110111110001
11001100010101111000110010100000101100001000110000001001010000011100101110010000111110101
11111110011000110010001011010001010001001010001001110111010001111111010011001010100000111
10010100001001011100001111010100010000100000110111000000111001001010000000000000111101111
10101010010000011100001010010100110111100111101101110001000011100100001110100011010010101
10111110111010111000010100011011000000110110110000110111100001010001101000010011100001011
10000101110100000111110100000011011101100011001111111000101000000100110000011100100000101
10100010010100101111100100001101110001011000101001111001011010111101000010101111101111111
10111100000000110000000101111111000100100001101001011101010010111011011001100111101101111
11011111100001110001100101101110110101010101101011100100011110110111011101010100100111101
10010110000100010011000100000000110000100000010010001000110110000100110111100110100110011
10110111001001011110110101100010010111101010101010010000011001101100101000011101001111111
10010000000100011100010110010000000010100001100001010001000111011000111101100000111011111
11101101001011001000010010101010010011110110101010011011011010001110010110101010101111111
10001011001001010011010101000111000001111011111111010010011110010000011001110000101000011
10111000111111000011000110000101100100001110011100010011110111010000010011001000100010011
11011101111100111100001000101010010000000011101001000000100001010100101010000011001101001
11000000111001111110010000111011110000010010000011101010011111111011100001101010001110001
10000000100100101100011110101011010011001010000110011100101001010111100110100010111011011
11100001110010000000111010110101000000100101110010011111101101111000001000110110000101011
11111111111100101000000011111001110010000101100001010110100110001001011010010101110101101
11100010111110100000011000101111011001100000101101001101101101010001110100100001110000001
10000000000011011001101100010111000111110010001110001110100001001001111101100110110001001
10110011101001100110111001110101100110110011011000101111111110101111111110011010000111001
10100011010111010001110111111000101100011101110001100010000110111111010100000101001101011
11010110010111011011111111110110110101111010111000010111101101100110110000101000111001011
11001100111111000000010101110101001011100111000111000101110111010001010001100000110101101
10011010001011111111111000111101111001101001011101111001100111101001011000101001001101001
10101001000000010101001001010011011110010110001001000111001001100011110010011010001011001
11111111111010001011100010010101101101100111111010000101111110000011100000001110100101011
11001010100010001110010001101100110011100100100101100011100001101011001010101010010001001
11001101010111001110001001111011110000101011100000111110011111101110000010001101011001111
11111101111011110100101010000010111110000011001101011110111011110001111111000111101001011
11011110001010100100001100001111110011001100101100101000100110000111000010110111011101001
11010100000011000011011100100101010100100011010110011101011110000011010101100001101110111
10101010000101111001010111110111110111011000001000110111010000110111000000110111101111011
11111111100111101111000100000111010100101100010010000001100010111000011101111001000010011
11011100001010000101001001100111111100000000100010001100001101001010000101110011101000001
11000101101110010010011110101011011001110001000111111010000011100110010101001010010101111
10100101011110111110011000110001110111000010111101000100110101011111111101110111100011111
11100100011111010000100110000110001100001111000011101100110011111111100010111101000010101
