100 104
10101110010101110011101011011011111001100010010010100111001111111010100011110110101000011111000110110111
11110111101110100010101110001111001001110010011001101001110001111000101010101011101111010100010110110011
11001110011110100011111001110010111111101010111010011101110011110111010101010001011100011101101001011111
11100101000000011110011101100111100110101100001101001101110001001100101100101010011010011111011111100011
11001010110011111100111111111011111100011110010111011011000111110111101011111110111111111111101001111001
10110111110001011111110010000011011010101110000100001000111111111011111010100101100011101010100111011111
10110111110011010011011001111001111111011000111011101111111010110101001111000111101011111101000100010001
10101011011101000100111110011011100111110010101110101101111011101000111111110100001111000111001100111011
10011101111010100011011010111010011110111010000110101001000101000011001111110111100110011010110100111011
10010110111011110011010111110010010111001001010110111110101111110101100111000010010000000001101110110001
11111011011101011101010100100111111110110011111100001001101111001010001110010110011110110001010011101111
10111101011101010101000111101011001011011101110010001010111110001110001011011001000011101010100001101011
11010101101111001111111110110110100110101110110011011100011101110100110101111100110101000100101101110011
11110101011000111110111010111110011000011110111010001010100111100110010001001011111100011100011001111111
10110000101011110100001111100110000101101101011110110010111101111111111011110100001011111100111100001101
11010101101110001001011101101001100111001010110101101110101110111111100001001111011111110011111001111011
10111010111111101001100110011100011110110101010010011100010111101111010010011100000100010010011110011011
11011000001101101101110111110101010010010011010100101001101011001010011100011010010000101010000000110111
10110011011110011110111110111110010001110010101000000100111111101110111000001111010111100111011100010101
11100100110100010011111010100001100110010110110001100010010100011000010110111011010001011100110000100111
10111010011111111100100011101111001000010101001100111000000011111111011101001110100100101011110110111101
10101011011111100101010000010110110101110000101111001011001110011000010110111111000100000100001001110001
10110001111101111111111011011111011010111011100101001100110000011010000101111110111111100101010111001101
10110011111001100110101000111100110111000101111011011110010010101001111001110011111111100111111100000011
10101001111111011111011111111111010100111001111111000010011110100010111110011010001100110011000101000001
11111001100101100001000010011011111001001110110111011001101110001010111111011111100000110011111000111011
10011111001100000100110011011101011100111110110000011101110111101010001101100101010001000010100101101001
11100111011111100000110100011001000100000011011111111001011101101101110100111000101011000011111110100001
10010101011101110001011011001100110010100110000001011110110111100110101101111010101100111101101011101111
10110110011100011011000110101101101101110011000000000110111101011011011100111011110000111110111110101011
11011011100000010011010101101011110110010001101100010010110011010101100001000000101110100001101101101111
11001010010011101011101110111010011111001011100001111100110011010111011011101100001011000101111101111101
10011101111101111011111110011010110011001111110101001110100011100001011000101000100010000000000100010101
11010111110010001111110111100100110011111111100100111100011101101110001101110010111101100111110100101001
11101101101111000001010101101000111101011111010010110000110111000101011101011000111000010000100011000111
11001110101010111111110101111101101010011011001111001010010001001000011101110001000110011011010100100111
11011100011101100010011111100111010010010001100110011100001111010111000110101111110101101011111100111101
11111001100101000110011111110111100011011101011110011001100111010001110011010011110000001111101101011001
11101111000111100111000100011011011001111010010101100110111111111000101011111011101001111110110100110001
11101111101101110001110111001011111110111110111100111100110101001011011001010110011010111110101010101011
11110101101110110100011101110101011011111001000110001000111100011111000101110011000111010101111100001111
10101110001110101000101001000000110010010101011011111001101000110110000100110011110010010011000100110101
10011111101011011101011100110010001011011011000101100100010101011111100001011100000011011101111001100101
10111010011111001011100001111010110100000100110110001110111010110000111011001101001111110111101001000101
11011010111001011110101100011010011111010001101001001011001011100011110011101011101001111011010011111001
11111011000111000010111111010100110001100001000001011100011100101111101110100110111111101011111111100111
10001100000010101010101001101110101001011000010000010111101011101101111111110110101000100111011100100101
10111011110101111111011110001111011101111010011000111001000111011010101111110101100001011110011011111011
10011111000101101011101110111010001000110111101001000100111001101101100101000001101111111111011100000101
11010110111110111011111110101011001011011101101011000111111111001011100111000111000101011001010111001101
10110111111110111000101101011111111001101010011110101101101101100101111101111001010111110001011111101101
10001101011011111001110111111001111101110110100101110110101111111110101101000011010000111000011101010111
10111011101001011011101011000110111110111101011100001100111011011110011010011111011001000001100011011111
11000111010001100110000110011101101100101111101000111101111111001000110010001110110010101110101110111111
11101000001111110100011011101100011001000001100001110000100010000001011111100011101101011000011001001101
11110111111001001110001001001010111001111111010110001101110111001011011110111100100110000010011010111111
10111101011111010010010010000000010110111100011001110111011100100111100011011001110010011010011111000111
11001110010001101111000110011101100101101110011111010011000111100110111010010100111111011110000010110011
11010011110010101001101000010011000111110101111011010111001110010110110111101101001011101101111111010101
11110011111100111010110000011100001111011101101001111101110011100100000110011011110111110000111001010101
10000110111010000010101111101101101111010001001010111100101100010010000110111110111011100101110011010111
11110110110111100110111101101000000111111111111110100101110111010001100111110110000111100011101010101001
11111010111001111100010100100011011110110100101011111010001110100001110100110001100010111101101101110011
11110000001101011110111110111111101011111111001011111001110111001100101010000111010000101110110010100101
10110100100011101101011111001001101011110111001110101111101000011011100101001000101010101000001001011111
10101111111101110100100110110000011000000110010100111001101101100111110111101111110000111110010110110111
10101011110101110011101100010000001011110001110100111101111001101110110101001101000111000010111001011111
11110111010011100100001001010110111111010111011011110001111110001111000011111000100111001010100111100101
10011100011011110111011001110011110111101001101111101101011101110000011111111111110011110011001100110101
10110110111111101110011100110111001010011110110001001010110101010100000001001100111111000101001011011111
11111010110111101101101010000010101111011110111111011011101111000101101010010110110101010000101110000011
10001111100111101001011101100111010011010011000111111100110110000110111001010111001011111110100101110111
10001011010100001101001100101101101100111010011001001111011010110111110010000011000001010111110011111111
10011110110101100110000110100011100011100000111111110001000000001110111011110010010101101001111101111111
10110111111111011010101001101110111110110110101110111111111001101100110111010011111111001110011000101101
10011011010001111100111011110100010001101101111111111111100110001110101000011101011100111001011001011011
11010110111011111010011111111011111111111110110010110111011101010010110110110001000001011100000100010011
11110101111100001110111001111011100101000110000010111011100001001011011000110000000111111101001110111111
10111111111110011111000111101011001010100110011110111111111111111111100000001101010101110111110010000101
10111100011101110011010111001111001101011111011101111110101111011011010011001110100100011001010100010111
10011011111101010011111101111111101100110001101110100001111100100000010111011100101101011110101000011001
11101010110111100100011111011110010110000110100110110000110110111101110111100011001000111011110010000001
11010011111010011111011010001010100111100101111100101101011011010111101010011111010101100111111000011011
10100011110101010001011000000010110011000110001001001001010100001011111010010100010101011100111011010001
11110101001010011110100110110000100111110011110101111010100100111011101001010110001100010101101010110111
11100000011010101101111111111110001001111000011011010011001111011001011110010110010001010110011011001101
11011011110011101111111101011111101111110100010111010010000100101011010101111111110101111010101101011101
10101110001111011010100101101111001011101101111111011101110001000011000001001001100110110111110011001101
11011111011110101011111001000111100111011111011110010110110010100111101101011111111110111011111111000101
10001100111001010001010011011101111110111010101011001010100011010110010011101111111111100010010111001111
10101111111001111110110011011111000110100111100110111000011101011100100110010100010011101111001111001111
11010100101011101101001110001001111101001011111001011101001011011110000110100001001111101110011000111011
10111101101111110101100111111110011011111101000101111110011110110011111111011100111000110110110110001011
11010000110110111010011111000011101011010101000011011011110001011010111111011011110011000110011111110101
10011101111110110011011100110001111111001000010000111011100101011110101111100001011010101000010111111111
10110110000001101111000010101111011110011010111000100111110000010111011011110101110000010111111001011101
11101101010101101001110011111101101001011010110111111001111101100011110110100111010110001101111101111011
10111110111100010100010011101111101000111100001000101100000010011111011001110101000100011101010101100001
11010101111111111110011101111111000011011010101100010000110011011111011111111000111110000100001100100101
10110010100111111110000111010111011111010110011111101110000001010011011101011001011111111001101010110101
