122 115
1001100011000001110110111001001001101000101000000010101100100010000100111010000000001011001001001011111100010000101
1101001100011110101111000010000110010000010101001000110010001000011100101110000001001111000011101101100111000001101
1110010100000100010011011011000101011111101111110111000100100001001101000101001000100000101101110110011010011010011
1000011010011100010111110010110010011000101010001010110100000101001001110010001001100000110100111000001111110011111
1100111001101111101111101111111000000010110011010000100111100000011001101010110000100110000101100000110110110011111
1000100001000010000010010001000000100110111001011000010010010011010100100101111000000110111110100110100110010011001
1000001111001000000001110000001010011100010001010010010001010111000101011011011011000010111001101000101001000000101
1001000010110100000000001011000110100000010111111101001101001011111111110100111101010110010100010101010001111101011
1110000000000001000001100011100000111100000011101001011000001001101000100010001110011100011000110000010011101001101
1001000101101101101001100010101101000010001001110101001100011111100010110010110010010011111100000010101010110000101
1010100010010110100100000101110010010101011000101001100101010100001100011010011001110011110011110000001110011101011
1000100100000000111000010100100001100000100111101011010101001011110000100100000100100011100001100000001100111010101
1000000100110000010000001001110000010101011010010110010000000111011010011011010111001000101000001110101011010011011
1110100011001001101010000011010100111001101010000000101010000111111100000010001110001111111110011110010101000011101
1001010010000000001101110100101111110011110101001010000111100111011000101000000001001001011000110010100111011011101
1001011111101100101001100100110100101111101000011001000000000000001010110100000000101000011100000010010000100010001
1110110100010011001101000001101000010010000011100100101100110000000011010001100111001110010011100010101011000101101
1100101000100110000011101111010110001000010001000110100101011101101100000110101010000101100101011111100000110000001
1110100000011001110000010001100111000000001101101010010100010101111000000001010110000010100100110001011000100100101
1001110000000100000110101001001011010101100001011100100100001010100010010110000101000001000011010000000100101000101
1111111001110000011111101010000110000001000010001001110000100000011111100011001100101000110011100100001100100111011
1100100001110010010100101001111111100101010010101110000000001001100101010100100000100000110111000110100100001010101
1101110000000000011000111001001011001101001100010000000100100100100010111001000000111011111001010001000100010100011
1000011110001001010111100100000000000111000011011001110101001010011100010110100110000010101010000000001010001110001
1001100110101100001111010001101101010000011101110111101010101000011100101100100101010010000110010111011001001000001
1011010111010000101001110011111010100111110000000000000001000000011011010010001100011010011000011111101000100011011
1000000101010100001110101010011110001101101011000110110111010101001001010101000010101100011101000001110001111011111
1001010001100010001010000000000010110001101111101011001001000010100001000011010000010001110100110100101001000100011
1010001100001001000000001110111010010111010000001010100000010011011110010111001111111000000010001101000000110100001
1110001101010110011100010001010100000100011010100110000000110010011000100111000100011000011110010010000100000011101
1001011110011001100001100101100000010011101010110010101000001110001100000101011100010001011000101001100101000100001
1010000011011101110000010110010101001101001100100000101000010110001000101011000101000000010001010010001011100011111
1011000100001101010000100100101011101010000000011001010101100000000111000011110001011100110101100001111101010001001
1000001000000111010100001010101010011011001111000010110001010011010100010011111000111101100101101110011010100010001
1010011101110110111000011111100010110100100001010110001111001011000010101001100110000011110010101101100001100000101
1101001101010111001000001000101110010000111000000110000000001001101000001001001100101100001111000101010100000011101
1100000110110001001001100111000101010110110100010001000101011011000111000111001110000100001010011110100111001110001
1011100001010011001001011010011110100010101000110111010010111000100111110000000010010000011010000101011110001001101
1100010000010100100010101001011011011010111011001100000001000100000110100010100000001001111101100101110100100111101
1010010100100110010000001001001000111100000001010101010011101001101100110001101101100010000011011000010001101010001
1000000100010110101010100000011010000000000110001000010010000000110101010100001001000001010001001001010001110010001
1100001000100010101100000100000100001111100110011011101010011110100010000001000100000001010101100001001001110000011
1011001000100100100011001110001001000000111010100100000110101101010101000000100101100110000101010000011010000001101
1111000011011000101000101001100000100110000111100010100101110000100100000111001001101001100101101000011000010001011
1101010011000000000100101101011100000101000011100111110101010100110000101000101000000111110010001011011100001011001
1101100011011000000100000001100100010000100100100000011000110001110110001000011001001110111101100111111011101010111
1101001100111001000011001001000000010000000101000001110101010011100101010101000011000111101010111100101011000101111
1011000110001010100011000000100000000010010000100001100010011110100000100011100110100100100001100001111000100000001
1110000001011110000110011010000100111101001111001100100011001001111000010011111001101011010001000111001111111110111
1000110101000101000010100000111010000000000000100010001100100110111010110001101101011001010011000001010001000000011
1001001011000110100010000000010000001100100001010001111110001100011111000111001110100001101011011110111001101111011
1100001101101010000100110101110110011001011101011101000010100110011011000011010110000001110111001001001001111100001
1010010000000100100011011101001011111001001011010010101011001010000001010000111100010000000001100000001101010111101
1001110100010000001000101100010110001000100000110000010000110000011100111010010010001001001000011110000101110100101
1100001000101001011000100110111100000100000100010100001000001100101100001001011010100010111001010101111001000101001
1100100101110110000000111001100000001111001001100100111000001010001000100001010010100000000010001010010101001000001
1000110001000001010110000101001011111100111000110011110110100101000001000010101100110010011011100111000101100111101
1010110110110001011010001000110010101001100000001000010100001000000000001000110111100011100100011000011000000010001
1010010111101110000101100100000000110011000000110001011001110101000100000101011101011100101111111000100100000100101
1111011110001010011001010111011110110110010100001100001001111010101100110010011100111111111101100100100110000001011
1000000010001011100101101000000100110110101001011101011100111001110011001111110100000010000011111101010100011000001
1010110001101000010111011100000111011111110001100010000100010100010100001100011100100100010010000100111010110100111
1011100011010001011101100000000000110110110101010010100100000010011001000111011100000100100011010011111000001001111
1001100010101001110110010010000100111000011001000100110010110000100100111100011100101100101001100001011001110101001
1000001100010101010110001000101001001111011110100001000010111101001100110100010100010100000001101000000010110101111
1010111001011110001010011100110100000100000101011010001101000011000101000000111110000001000101101011000110000110001
1110000000000000110101010100001011111010011100111001010101000000001010111111011011000100010000011100000111101100001
1010001001001011100110010000000000001001101110101100010010110100001000100000110100101010111110001010001110010001111
1000000101110000110011000010111110101011000010000111110100010010110010010110110010000011110110000011110101000110001
1100110101001101100000110001101010100000001101101110001001001010000100010001100011111011010101110000100100000001101
1010000001000101100110001000011000011010110100010101110101110110110110011100110101111011111110000101000100111010001
1000110011000100011000101110100110000001010100111100010111000000010001100101101000101011001101000111001111000001001
1001100101011010100101110011001101100101011110111000000000100010010100101000101001011100100000011100001001101011011
1011000010001011101101100000000001110010100111110101110001000100000000011001010100000110110111011000011011001100001
1100101001110010011111011001000100010011001100000000101010000110100010000010010001011000000100010001010110011100011
1000100111001101010011001100100001110101010000110100100110100100000000000110001000110000000100110000010100100000001
1001101100000111110110101001001011110010001000010111111111011111110100110010110000001100100001000000001110001111001
1100000000111111111000110001000000101000010010110111110101010111000100100001101001000111110001100001100110000001001
1001010011100111101000101111000001001011110100100001101011011000110110101010110010000110001010101010100111100100001
1001110111010101101101000001000000100000100000011010100000110101010010111100100110000001010101110000000000101101001
1000010000011010111111101111100101100011000000110000110000001011001110010011011110111110100111000000010010101001011
1001011111000011101010010000100000100010110000100010000000110000110100011000100100001111100111110100101010000100101
1010111100110100101001110011000100000110101001100011010010000100000000111101000100100110000101010001000001000110001
1001000010000111000101010101001011001111100000100110000010111001011101000001110111001100000010111100011101100100011
1111001100010010101001000010011110111001000110001100101100011011000001000001100111100000011101100000100101011110111
1101100010111011001111001110000001011000010111010100110110100000100011000101100010110001001000001000001000101000101
1001110001100010010000001110101010100010001010100000011000000111000101011111001011000111000010100000001001000010111
1111000000000110001110000000001110010110101110001000100001001011101100101110001100110101010000001000101001101010001
1000000111000000111000111010000110101010011000010001100110100011100111100010010000000010010101101000010011000000001
1110101000110110101000100101101011100000000101010101001111101001100000001010100101101000101000110100000001010001111
1001101010110100010001100011011100100001100001100010001101010000001100010000100101100000101100111011010110000101001
1001000110010101110000000101100011000110110010110010000101110100001101011101001001101100000000101110101110110001101
1101110111000010100000101110100010000010001101100001001000000000100110001000010011111010110010101001000001000101001
1100100000010010010111001011101000001011000011000000000101001100001000000010000110000110011011000000100110110100111
1000001100010010010000001111101110101001100111101100000100000001000010111000110000101001111001010000010010001110001
1110110001110010000101000100110001000011111100010110010111101011011110000010101100000110000111001000101000000000001
1001001001001100000011001101000110101100000101100001100011110101110111100100110000000101000010011110000101000010111
1100011111100010110111110000100100111000010000111110000010110101111110001001100101001111110110010000110100110001001
1000000000111001101100010001100101001011011010001101011000001101010001000001101000111111111110001001100100001001001
1110001000011010010011011000000001010000000101110001010000101000011001101001001010000000110011001001100100011110011
1000001101000101010100001001001101100101100010001001010111011000010001110000001110100111110010110111001111110000111
1010000100010001101101000000001100101010000000110011011000000011101101110111000010011111000000010011011001000000001
1100011001010001010010000101001000001001101011000101001101100101001010100000000110000100111010011001010000000001001
1100001111010000110100100100001001000000011101110001101010011101010101100001000001001110101101101010001001010010001
1100000011011100010110101000001000001110001111010000010110001110110001011101010100110000000000001000100011100011001
1010100001111001010101101111010100000011110111000001100010110010011011110011100011010010011110000010010100010101001
1111110000000110011000001101010010100010011010000110001101010011100111011110110011111101000001000000111010010000111
1010010000010101011100000100000001101100011010010010000111001111110001000000010101110000110011010100110010010000101
1110001010100010101100000010001000101110000011100010010100100011111101010100101000001110001001000111100110110001101
1111010110001100010011110100100000100101101000010011010100011001000010100001001111001010000010111001011111111101001
1011000101111101010011100110100011001010010110011101101011111101100000000111110100001000100011100110100110110111101
1101011000000000000001101100001001011011000000111010001101101111000001001000000000101011010100111001100001000100101
1001101101110110111011000010011000000111000000100110110001100000110100001110011100001000001100001111010100000011001
1110101111000001111011000110000101110101000000100110001001100011111110111001010100100001000100010101101000101011001
1011100000100000101100100000010101100000000001100010001100100100111110101110101010001000000010110000011001000101011
1011101101000011010101101010100010011000000010101001101001011100110000110111110100110111001000101010101001110111111
1010010100010011111001101011110001110011000111001110001110001001010010110000101100100111000100110100010101110110001
1001101111000000100011011111000000001000000011100010100011100111110100101100000100100110100001101100111001011101001
1010101001001011010001111011111011110110001101100010010010100100100010011010111011100001100100010011010111001010001
1000000011000001011100000101000010001101110111010001000001110001110010000000000000010111011101101110100000001000111
1000000100001100110101101111100011001011001111101000010101110000101111101100000011011101101001111000100010101000001
1001110110101111010101001110000011110011010110001101010000001111000011001010000101110000001010010000011110001101101
