122 147
101001111011000101100111011000100011001010000000000000011011000110101011110010101111111110010101000100011010111000001001100011110000010001010101001
111101101111101101111010000001011011001110111111001000011011011000110101110110000111011111101111011010010010111010111111111111011100100110100110101
110001001010000001110010100000000110110111010100000011001000010010100001111100000111000010011111101101000001100100110111111000101110001010101011111
111111111000010110110010110101001011101110101001011001110111100001110000101000000010100100000001001001011111011111010011000011001111011100010101101
101100101111011001001010001000000101111010001011101000101100110000100111100110001101000110000000111111001100111100110100010010011111110011100011011
111100001111011111101010111000111111110111101111110001010110111110001000000011011001011100111101111111111110001011100111011010110010101111011011101
111110100110001110010101101101111110010100110111110101110111010001101110100010101010000011001001100110100001111000100100100110011001010011110101101
111101110100001000001110000010001110111001000111010100101000100101011110100101110010100100111000111110000000000011111101100111011110110100110010101
110100110000101011101000001100101010100110111001010010101111010000100001100110001111001111000010110010011110101111100111100101110010101011111111101
111101111110100000110001110100111010111110010010000000110100100000111010001001100000110000011010000011000011010101110011111001001000100001011111101
111000101001101100001101101001111000000011101010001011000111110000100001111100101101111110010101010111110101100101010011101101001110100110110101111
111000100111110011101110011011101011011011111000010001011001110100110101110111011101000111000001000000110000000011011000110100010011100111001100111
100101000010100000100001010110100001100011101111011101000010001110110101110010000011110001000010111101000100011010001100101001100101110011001000101
101110110100010101100100111001100111101001011110011000001010100010100000011011000011010110011000101101000001000110000111110000001111101010010101101
100010000110001011000111010001001111100111011110111100111111001000011111010100111010010001001101111101011011110110111110001011111110001011011111111
110110000001100111001111100010110100001111101101101010001100001101000000000011100010011001011001101010001110010101111100100010010001111011010110011
110011000100001101100110110110010111001101001010110101111000110011000011100101001101100010100011111101111101011100000111001111011010101110111100001
100001100001010110010111000011001110110000100001101011010011000001011001100010000110001001110010011110001110010001001011000001101001000011001111001
101110100110010111110110100111010100010010010011101010111001010111110010011101110101010101010010011100011111010001111101111100110011000100100010111
101100101001111111110010010101111101101100000011000000001010111001101100111101010000000100011101011111000001001101110011000100100000001111111101111
101000110010101110010110101101011110100011010010000001010100111100001111010110010110111011110000000110000010010100011001100101000000100100100010101
101111011011011111010011001100010010001111000111001001100101111010001101101111011101110100000100010001001011011001100110001011011010000101110101101
111000011100110100010000011011000001011001011001000111100101101000101110001001111011101110111100110101111011110010010011110100001110001000101011011
111010000011000010101110011000011000111101010101000110110011000000111110010000010101010010111101111000010111110010010101111011110010010110001111011
101011111001011101100110110111110001110100001011000110110001000011010000001111001110001011011111101100111100101111010001010110011001101110100100001
111000111010011011000000111110010100001110110111011001001101001110111111100101100100011010100011011010101011100001001110111000010010011110100101111
100111010001000111100101110011100010101011010001001101100101011001000000111000101100011101001111001100101011010110000110001101101000110000100100011
101111000111010110010101010000001100101111010111100110110110011010110101111000001101001000001101000110100111001110001010101110000011101011010111101
111011101100010101101101000111111001000101011110001010111100011100000100011100001111111110100001110001110100100011100110101000110000000100010000111
100010100110010000011011001100010000011111111010101111010110111011100011000011101111101101001101110110100011110100011000110101111010001101111101011
111000001001010101111110011000001100000101110111001001111101011000001011110110001111101111101010111100110001011111100010001001110100001111101100111
111101001000001000001110110001000000010010100111010011001011010101011000011100111110000010111011000111101011000011001100101001100110000010111111011
110011101101000000100110011100100101010001101010101110101101011001011101100110010101010010100011000111110101000111101001001001010100110001110010001
100110010011110111111101110101000011101110101101100100000101000111101100011111101100010101011111011111011010101001110111010110010100011001111001101
101010010010101110100101110110100001111100100000111010010111110110000001010001001110100101110100111001010010011000110011000010110010111001100011011
101111001111000110110111100101011001100001011100011110010111010101001010100001001111100001000001000101111001111111111111001001001100001100000110001
111011101101110100100111110110001010111011010010101101101111001110001000010010010010101110011001110100010010100111010100100011111111101000110010011
111000010001110111110111001001001100100101100111110000000111110101111010101100100000101010100110011001110010111101100001111101000001011111011001011
101110001010011010010110110111111111110010010011111111111001101000101110011110011000011010110000001001100001111110100100001011100111010000001111101
101110001101011011101100110101101011100011010111000011001100111010100101110110011111110101011010110001010010100100000111100010101110111001010101101
100101001011011110101111111001110010101100100010111101010011011101010100111111111011000101011001110100111101111101101001010110011001011100101000011
100011011111111000010110000100011101101101110011001100110010111010001101101010000111100000011111100101000110110110001000010100010001111111001110111
110001001110100100001000010010000111010011111010101111001110100001001100000101101000011111010110011011001001101010011111001010110101101010110010101
111011001101000101010000010011010010110011111110111011000110001100110101101101011011010110111011111000011011110010011100101011001000001101110110011
111111010111100101001111000010110110111110000111010100111011011100010011010110011100101110100010100010000001010111001011010000111101100100101010011
101101011111001111000101000011001010010001110110101001100011110100101111100101000001010010011101000001010011100011001111101110110111101110010110001
101110001001001001110111111111110110101111000011100101001101001100110001000010001010001001111001111110111111111010011011111011001001010101010010001
100100010101011110101000111001001001111010101010110001010111100001010010101101111010000111100010101010111111101110111101001101001011001111100111001
110000100100010001110001011111011010110110000100100010111010001110100100110110111100000100010000110110110111001001011100000011110111010111001011001
111001010011011100001001000101010100000101101011111001110100100101101100110000101000110001111001110111001110100000011110011011001111001110111001111
100010101000000001100011101110100110010110000100111011000011111100111110101111101010101101101110100101000110101011101000110010010110001100101001101
110011010111001100001001101011000100010001000010001101010110101101110010010011011000100111111000100000110110110011110011101100111011100111010000011
111100110101001111111001001001000010011010011111011111000101110010000100110010011010100001111001101110100110110111011010001111111010100000110001001
101100110111100111011111110010110010011100110110101000001101000011100010100101100100100010011000100100100001110010110110101110011011000011110010111
110011110000000100010111100010001111001001000110000010111011011011000110001110110101011011110010000111010101110111100010110100000110000011111101001
100001110011011011001100010001101001110110101111100101111101010101001100010001101101011010001100010000000000101101010111000110100001111101000011101
110010011111001000101001111011010011111000110100101010001010011011100010110011001011001001101111100110101101001010010000001010001010101111000100001
110011001000100110101111000000100010100100110010010110100010001011110011101011000110001111011000101000001110101111010100010111010000001011100001111
100100100010000000100001111001010110011001100011101010000110100110011111000101011110110011111111101011011000011100001011111010011100111001110001001
100011110110111011100110000100011100010101100110000110110000001010111001001011001010000011111100110010111111100001011000110000110000011101100111011
111000110011110001000101101110101101011000101000011101111101110010111000111000010010010000100011000001000101100100111000111000000111110010000110111
100111101110000100000111010101110010110000010001100101011100101101101000100100000100100111000101111001000110001110001000000000001111101001000111101
111101000100111110111011101111110111111110000100011010110001001011111001010011111000111001101010110010100110000111110110100000111000100000110010001
110111001011110100100011110001001011000000000101110111001000000010000110100101010011101101001001111101011001111110011001010101101000010100111111101
100001111011100010001001111111101110000010111100001000001010001101010111110111010111111100100100010110111110100110000111010100100011110010110000001
101010000110111111001110000010101111001100001001000011101110111000111011101010011011000100011101011101000001000100011100011010000001000100110001111
100110001001111111110110111110100011000101100100011100100001000111101111100001111101001101001100010000010010000000011001010100110100011011000110101
101100000110010100100000111110111111101111010010000110011111111101111100000100011010011101111010011110110111001110100010111101110110001001011100111
101100001111000001000001101000001101001101011011010011101010101010001011100000000110000000100011010100000111100000010101000111100011001101101101101
111101011111101011111001000001111010100100001011110100010000110110000010111000111110011000110110011100011110111100000101110110011110000111010011001
111001111101110101110101100001000100000000011100100111010111001010001010110011111101011001010010011110011010100000001101011101010010111111010000011
111010000011101110101011101010111000101101011100110001001001110000010000100010100111001111111000001011010111101110110011010111000001000101010111111
111011010111001010101001111101100010111100110001011010100011110001111111101110000110010000001000100001011011000111100110101001111110110110110100011
110101010100110001010001000101010100111001101001111110011011110111010010100001101111001011011110001110101000001001110000010011000100111101010101011
101000110010100110110000001111101001000111000011101111110110011110001010100001100001101010110101111101010101000100100001111010111010110111001100011
100110011100000010110101110111100000010011010010011101010110110000101111111110101110101001000001110000000110001110001000100010111100011001111001001
111011011110111101011101011100011100110110000101111011100000111010011011110100100001101010111101110110100001110001101100100010001101000001101110001
100110011001100111100010111000100011110010000100110001110000001100010011111110011000011010001100011110100010110010111001001101011001010000110000101
111111111000101001011111011010000101110110011010000010101110110110001101001111000010001001001010110010010101110111010011111110110000101111010110011
100110011110110110011010000010100101000100111101100010110110111110010110100100011111010100001100101001011011010010111101100100101111111000011110111
111000011010100001111000110001111010100100101100010110110010101111101010011101101110010011110001111010110000110111000000011100001001010000110001001
101000000111111001100111100101000101010000000000100111011001110001110101011111110010000100111000110000101000011101001100101010111010111001100011001
111100101010101001101001011111110011111101010110000111001010110000101001111110010111111001001111001111000111010101110100000001111110011000101000011
100000001110100000001111100000001110001011000011010001110010101100100111011111011000100100110111000000111101110101111101110010110110111111001000111
111000001101000011111011010001011010100100110111110100101010111001000000001110011110101011100011111011011100110000111111001111110101001101001101001
101101110101101101000111110010001011110010110000101000011101001100011000101100000100001011110011100101001001011111010110111000001110111111100011011
100100001100000011111011001111110000101111101101111000010101101101110001011011101100010100110010011011011011111110111100100110011101110100011000101
110000011111011001111000101110001001001011100110111001101111000000101011000110110000111100000011000100001111011001011111111110001110101100101000111
101000111010110101100000010111101001111000110100101010011110100001000110110100011001111101011100001001011000011101111001011100010111011010011001101
111101011101001001000011001010001101111000110111010011000100001100101101001101110100011001101101100011000010011001110010100101011101010101111111011
100000010100111001111110001111111011101100110010111010100010100011000101010000111100111001100111110011100110001100011000110101011001001111111101011
100010101100111011101111100101110001001010010001101011111000011000111001100000000001101111101000001101111010010110011110000101101110111111000111111
110000111011011000000000100010110001011011111111011011000000001101110111111100110110100100110101011101100011011001001101101000101110101001110110011
111110110001111110011001001101000011100101111111001011110011001010001101011101010100010101011111001100001010011100011001000010110011100100010000011
101000001010100001110101001010101011011101101100110110011100111000101111000110101000010100001010111100011011111101110101101101111010111111011001101
110100101100011011110100100100100111010010011001111010111000011011010101101110000111100100111101101111000001111101111010101110011111100001000110101
101011101111000000011000100011100101111100110011110010011110111010110111011010011100100101100011101100011101010110110001001000011100101001010011111
101011110000011000101010001110101101110111101010011101000101000101000111100011000101010001101111011011011100100101101111011001100110011100000110011
110101001110000001011101001001110011111111110011111010010101100011011100100001001101111011000110111100001101010111010101111100101100011101000000001
111110100110110010101011110111110101111100010111001010110110110011010111100010100110011110111011111100101000111101101001000111000110010010000100001
101000111100000100100001010100001110011010100011100001100000111000111000101001011100101000111001001110111111110101011110111110111000110010101110011
111001111001000011110000100001111011110110111111110001001110000010101000011110100011001000101010111110000110011100111010001111110010011100010111101
110100011001100111011011100100111010110111111101011010001010101111000101111100111111001011000101011000010010000110001111011111110001001100100100011
110111001110101010001011110011010100111000001011010011010110001110110101001110000111100001101010000101101100011010001110110000100101011101010010111
110111111111110011111111011111100110101101100010000101111001010110100100001100100000011101111110110101010010001010111010100000100010111101011010001
110011001100010011111011110001111011000001111010100001101111110111001101000001100101001011010111101001111000101111101100110010110101111101001000001
101101111001100100000001101101110000100001111010110110000011010011111100000011000010100101111001100011011100100100111110111111010110101111101000001
111100000101110110010101001010010101000111000111001110000010000011101111010111011001100100100001101111111111000111110001100101100011100010010000101
101101011111011101100000100101000101111111100100100101011011011111000010011011110001000111000000100000111000110100000000001101110010010111000011101
110011000111100110010111100011001010100011011111011011010011100001101000100100010110000110101110101010011110000100011100111110011000100101110110001
100100111110101100111110100000001001011110100100101000011110100110100000010100000000100000111110010110010000011100110010111000101000100100100101101
100010000110111011010111111011100111110100011111111001001010100101000110100111000101111101110001010011110111111100011010100001000101111001010011111
111101110101100011100011001011000010000001100111000011000010101110111011101001111110010000111100111111101100111111010010101010000010110100110111101
111010100011101111101111100101101010111111111011011110000010000100100110100000010000010000110100001001101101000101000001001000000110001110110001011
110101001000001000000000101010010011111010010010100001111101100100011010000100101111110010000010000110111010101011100101111101110000111011111001101
110111101100111101100010101011000000001011111111111001100010111100000000101111011100110110010010111111100100111100100111100001001010001101110101111
101110110000100001110100010000011100110111010000001110101000101111011111111110101010111110001110011001100111010110001111101011101100000101000001011
111100111011010101110010001011110010100110101111100011101100110111100001010111111000010110110011101011100010101001010101001000000000101001101011101
101110101011000101010001010101011011101110100001100101000101010100101111100101011100001010011001001101100001000101001001111110101100100011110100011
111010101101011011111011100001011101100101111010010101101001001101011111000111011101001001111110001001011000100011110001111110111001101000001111101
100001100111110001100010000010111101011101001110101110100001110011100000011011000111111011000010011011110100101101101101000011100001010011101101001
100111000011100001000011010110101011111000011101101011100101101110111100101001100110010011101110000110100001011111010001001110001010101101010111011
