190 130
1000111101001100000001111001001011001001100010000011110011110000110101001110010010000101001001100001111101110000011001100110110001
1000100010100110111001111010111000110111011110000101110111111010110100011100000010010111010010001100001011101011001011100011100101
1001111110111110111111100000101001011011010000010101100010001100001100001000110000000100100010010001010011100101110101000001011111
1001010100111100000100100010110011100100101101011110110111010010000001011010100111010001011001100010010001010101011010011110110111
1111111100011101010110000101110101010110101110100110010001001110110101001110100011000001111010000000000010110010100000110011000001
1000001011101100010011111111101100111110101111101111101101111111000001111110110010101011110111110011110010100110111111010011100001
1011111010011000011100010000110011011011111101101001110100110011001010101100011111100011101101101100100111100110110001100010111111
1111011111101000100000111001100100010101100101000101001100010000110000010111011000010111001110010010101100101111111000110110111001
1100010010101001000100001011001010001010010000001100001001010000101101001001100010000101100101110101101001100100001101100100011111
1111001101110011100001101001011011000110100001111000110011000001101100110101100010101100101001111001001011110110111001100011011001
1010111001111000010000000111100001000101110010111110001111111111111010101100110001000101010010010110110100001011011001101111101011
1110001011011110000110101010011010010111010110011101011001011000000000011111001111001101101100100001001011001111011010001001000011
1011101111111001010011111111000110011100000010000010111000111101100000100110010010001011000111111001100111111011011110101100111001
1011010010111110000100011000100011101010111000101001001000100001110010111100111001000000000000000011010110100010110101110101110111
1111101011111100011101100010001100110110001111100111100011011101000111101000000010110110100100110111101111111000011011010110100001
1111111010011100111110000101001011010001110110111110001000110000000011011000011100100010111110010100101100000010110110111011100101
1000100100001101010010101000110010001000100010110001100001100001110011111010010111010001011110000011100101001001011000100000010111
1101010000101000111101101001111100100101010110100011000101001111111001001010011111101111101110001111110010111000110010000100010001
1101100110000101010101101000100110010010111101011011010011101110000101000101000000000010001111100011101010000010110100111001110001
1111101110010001101001101000101001001001000010000101111101100011011010100001101111110000111011010100111001110001011101001111011011
1000100100001110100110011101111000000111111011111111000110110100100100100011101111010011111001110100111010110001110110100010011101
1111110101010100111010100011010000001111111111111000010110011010110010010110000100101000001000101011010010010100111111011001010011
1000010110001010010110101101111100000110000100100100011101101000011100001111001101010011100011101010100001000101010110000001000101
1011101011010101100000001110100001010011001011101111100011001011000000101010101111001010000101111101010010010101001000010010110101
1100110111000101110000001100010101100011100000010000101011000011001111101101110110001000000001011001010011110000100110000100110111
1111000000011111111011110000100011110111001000100100010111000001001100011010111011001100101011100010111100101000110001100000101101
1011110101010110010011101100100101111111011010110101000011010100010010011100000010011111000100110011101001010011001111111111101001
1000011011011000001110100111100000001000011001101101111001001101101000110000010000000001101111100000101000010011101101011110100011
1100100110000000010101111001111100010100110110000101010000010000110011010110100100001010000010101001000100000100000101101001011001
1101110100100110110001001001001001001111011111101111101000011000001101000100000001111001110000000111001001101000100110100001001111
1011110100000000011101011101110101010011001111011011101101101111101111101000011100011110000100100000001010111100110100000100101101
1011110110001010011010010001110001100111110010010101010000001011110001010101010001100011010001010010100111110001011110100100011101
1101010000001101010010111010110100001010010000111010111101011010001111011111001110111010000111101111000010101000011011010101001111
1100101010000101000100101111100111010110000101100100010100011011110001010010010010010011110100111101100010001001101110110111000001
1001111110011010101000101010110010010011100001001110111010001101011001101010010111111100011011010001001011100000110001110110001101
1010111011001110000100001010010010100011110010111011000001100101010001100010100101011011100001001010011000111000010100000000011011
1010111110100100010110011001000110111100001011100110100111011110001001100001110011010101001000001010100111101001100001011111000011
1010011010110011010011011100111000111001001011100100000011000010111010010010111100010110100000110111010101001001101111101011000011
1000111011101010101001001101110100101110110111000000000111010001010110000000001011010011010001101111001101101000011101011110100011
1001111100011101010010110100001111011011100111110100111101111111100100100111011110111100011011001001101101101001000011010010111001
1100011110100100100101100011011110110000001011000110010100111000101011000111010000001101001110100111010110011100110001100001101101
1100111111100110011010011000101001001110001010011100101100111000011011100001000100010010010010010011011000001010000111110111110011
1101000100010011111001001111010010000110101101101010011010010101000100000100001000000110000001100111010111000110111011101001110011
1101000001100010001010110010110010101001000111000010101001001010001011010101011110110111001100101011101001101110100100100110010011
1110100011011110110100101100101100000011101000100000101001100010000110100100010000011111010001100101110010111010101000011100010111
1101110000110000011011010111110101000001001001101010101001000000100001110000000100101101110111010001101010100110001011001110110011
1011010111110011111111111001111010101101100101100111110000010001110010100011100111110000110110000110101110011010101100110001000001
1011001101101111100011001100000101001111101110110100101100101101101101010010111110011001001000011110010100011101101011011011001111
1101010001001100100011111100010011101010101100011011101000101000010100000010011111111101001001000001100001111111011111110100101111
1111111100111110011011110111011001011101101010010101001010000000101000101101100000100100110011011010110000100100111001100011111001
1101110010101111111110000111101111110001000110011110110111110110100101000011011001100100100111100010100110100111001110011111110111
1101001001010010111011100101000000001110000010100101101101100001101010101001000101110100011010101000001001001100001111101110010001
1000100001100100101100110011010110111100010010100001000011000000010110100100011001010001100100000111011001000110111000001011110101
1111111101101011100100101000010001011111100001110010010000110011111100101110010000001001000100010101001001100001100100111001011001
1101010011101100101000000101010100001000010010101110010111000011000101100111011011110110001001111000100000111001000001110110001011
1011100110001000011100100100100001100000110001011101001011000110011001011001010111100011010000001101011001100101100100001010010001
1000010011010110111100101100000000111111001100111000111011001111110110100001100001010100101101101000111011111100101001110001000001
1100011111111000110011011101000000101111011001101110010100110011110011010010110010001111001101010011111000101000100101000000100101
1001000000011000001111100000001110101111101101111111011110010000011011010011010001110000001100001111000011100101010010110001100001
1100000110100011010000110100000111001011001011010110110011010001001000110010001000010001001100010010101001101101011011110101000101
1011111100111110111010101111010100001110001011011001000110101101011010100001010111010000100111010011011010011011100101011010110001
1001011001010011111001000101001110001100100010101111001011110010100011010010111001100100011101101010011110001110000101000101101001
1000111111001011111010011001011110101000010011101110100001011101100110111011111100101100001110110110100100100001111000010111000001
1010010100000011101010011110001110111110110101001101110000111000110011111101010000011010100001101001011011100010110101000011101001
1011111111010001011000011111000000110110111111001000011110010011001001000101100111010111010110111111011101000001010000101011101011
1001000011100110110101000011111011010110010001110011111010000010010000010001110111100001111110011010100010001111010000011001101101
1001011000000001011001010100011110000010000000001111100101100111100010111010111000110111100101101011111010001010110011101001100011
1100000000100000101010110001100001111111110011011110001101110001110000001100110110100000101000011111001010101000101001111100111101
1100001010110100000111000011110001101001111111101011010100110001001011001110011001101011111101110001011111100010111011100110111111
1101101010000111010011110000111100111101000010010101001000100100001000001101000101000101010000001101000001110100110011010101100101
1000000011100101110000000000101101111010010010110111001110011010001010100001001100011011101101111100100110011010111000101000100101
1011011100100010000001101101101001111000011001100010001110010011010101011111010001001000000111000100101111101100000101011000101001
1010101101110001100000101101101000111110111000101001100100000001001110101001011000101001111101100000100101010111000111000011000001
1100101010100111010111000011000100111100010110001001001000000010001101010110111101111010110100101011010010100010101101001010110011
1101000111100101010001001110000101100100111110111101001100000100110100001000110111001011001001100110001011000100001001001001011101
1110001110011010000110001000011101010101110111000000001111110010111000110101000010111111110001111111011110011110011001001100111101
1111101101010000100000011011101001110000110010100100101111100010101001010000110001100101101110110001110101100110110110000110011011
1110111101000010111111000001100001000101110110011111011001011011110011011011100001000110000010000110100101011001110101000101110111
1001110111100010011000001100001000110110110100110110001110010111111110100110110001011100010000000101001100000110010110100010100111
1001010110100010000101111100100010100011001100011101101110000001101000110011001011001100100000001101011100111010010010101111110011
1010001001000101000101110100001101110010101010001011101111001001110000000110011110001111001011001101111000110101100010101001100011
1101110011111001001010010011100111101011010000101001011001011000010100101111111111100111001001010000001011001010111001000110000001
1000111101011100001101011001111001001110101000101011001100011111101111101000110111101000011101100110001100001111010111111110110011
1100001111110111010000101011010000001000000001000011001100110110001110011101010000000110010110111110011011101101100100110010101101
1011001001000100010000011010010011101110110000000111101000011101011111010111110101000100100101101010111001111101100100111110100101
1010100111001000011100011110011100001011110110011101110001100100001110100111010101101010100110001001011001010110101100110000110011
1011011000011010110011011000001000010001110010001010101000111011110110000101001000011010101100100011110100111101100001001000001111
1001001010010101010000101110100010111010100000100111011001001011010011111010110001000001110011100101111100001101001010010001101001
1100011010011110100110010101001001101010001000010011101111011110101010101111000011001010111111011110101111111000010111000100000111
1000011011001010110000101011000111000100011101010011011011010010000011101001001010011111100010000111000000101111101001011110000111
1000001110001110001010110000100100010110110011111111001001101001111010001100001100001001101011001110011110111000111000100010010011
1000001000111110111010000001110001100111101111001010000110010011101110110100110101010110101111000001011010101110001101010010100001
1001100111010001110000001111011000011011000000010111000010001010100100111111011010111010001011110101111101000001000110101111111101
1000111101000010000001011111111000011001001001001110101111111010000000001010111000000100101010101111111101001101010001011010010101
1100111011110110100111101000110110100101010010011001000101101111100101001010011011001101101010110010000110011000001100110010101001
1111100001011111110110101100110000010000000000111001110110110100101110010111011100110110010000110000011110110110001001011110110001
1110001010000110101001111010110100101111110001000001001001010100111100101011011001011010010100001000010100001011001001111101000111
1101000110101011010001001100100110111011110001000111010011110010100000111001000000001100100011100111010000111010011100101010111011
1101010010000000011110000010110001101010001011010100010001110100000010000101110101011010111111101001100101110100000000000011110101
1010110111110001100000001011010110001000110110100000101101000011011100001001001010111110100000011101100000000110100001101000000011
1001100100000010110111000101001111101001000001011110011110001001001000111010010001001000110000011010001001100111100011001001010001
1011110010110000100001101010111101001110101101001101000001101111011001101000011111100111111010010111101100111100001011001001110101
1010011010111001111011010111101000100001101010110001010010101101101101111011011011111000010000010110101110001111001110001100011111
1000000110010000100010010010010000010100100111010000010011100110010100010011110000001110000111100100100111101001101100011001111101
1101100111010001000001111110100100011111100110011101010110101000110010010101111010011000110011001011010001100001111000110010001001
1001111000001001101100101101110000011111010001000100111000000000011111010000101101100111000000100011111000010011000111110001000111
1111001100100011001000001011000000001000011111011001111001000110001110100010110010000111001101101011100000000010010110111101000111
1111101001100000010000001110100101110001000011001000010101110111100011010111001101111100110111100001000110010100011001101011110101
1001111101100101011110111111000110110011001011000101001110111010011000101001001001000000011111101101001110001110011110111100100101
1010100000101001001110101001101101101001111111001000101010100001000011100001000011110110110010000001111011000011000100100100000101
1000101101100101110111110010011011000010101000011001000001001001110011000010101111101110111110011110010001100101000010100110110001
1000000100101011010001001110110110001011111001000011001101100001101000010101000100100100001011101100111101110010100001000101100111
1000101001001100100010101100111101100111100110001001110000111000011000011101000010111010101101101000101111001111101000010100101011
1011101110010111111101000001011111110101010011000011001011111000001100000011100101100101010100100101110000110100000101011011111101
1001101100000100010010001111010010001100110000101000111001001101111000110000000000111001110110111010111110000110010001010100110001
1011011011001001101111011110110011110011011111111000110110000011101010011111011010111111101101111111010110001000100110011000100001
1001010001100011100010110010010000000101000110001101100011101101001110001100101010001001100110000100000100010101100000100000111111
1101011010100010110011010100101010101100111001100001100000010110101101100100011011110000100111000011000101110010100110101000001011
1010001111010000000111111110101010000001111000011110000011100000101100010011101100000111001111110111000111001010000001001100001101
1001111000100101001001101111000010011111010110001000010000100011010110011111011101001101011101100010101100111110011011100110010101
1110001100101101100000010100101100001110010001001101000010111110101001011000011000100010101110100111111000100110011111100111101011
1000010111010010110110111000101100000100101010110011011101100001011001010011001011011011100101010011010100110001100000001001110001
1011100001010110101001111011010100010010000111110011011000111000001011010111011110001101000010111100000000101000100010101100001101
1100101100010010110011110001010110100101110111111000111010011001010111101101001110111001011010001101011000000000100100001100000111
1000000100011001101011111001010010110011101010110101111101010011111100010111000010110010000011111010110001100001000111010110101001
1100001001111111000010110010100101000110010001001100111010010001100111000100001110101100100000101001011011101100011011011000110001
1000010110001111100001011001011111100000101000101010100000100010000000110111000101001111111110101011100110000010010111011011111001
1100011110001011001101000110010000011110001100101011110100111011101001000000111101010110011111101001010010101010110011101101001111
1010100011100000001101110010000111000111011100101111111000100000000000100100111111000101011000011011010010000111011010110011001011
1100100000100000000110111010001001011101000111111011100011101001101011011101100100111100011000111001011110011001100000010010010111
1101010001001101110000111011010101011110100111000100010100100011001010110010110100010111111110110010000111000100001100110110111101
1001111111101111110100101111111010101101010001011001001001000011001001000010000010011101111001001111000111110110100001100110110011
1010111110010101110101111100000001000010011101010100100111100111001110011010001001011101101001111101100000100100011101001100110011
1110101001101111011000110001010011101001101100101101101001110110110001001000100001010011101000111100110001110000011101011101001011
1000010101110001001101001000000111011010001101111111011100011101000111111111000000110010010101000100010110111110001001100110011111
1001110111110111001011100010101101111100101010110110101010011011010010010001011111000101101011011101000101010110000010001010111101
1001001001110110111011001100011100010011011100100111000010110100011100000100111100110110010100000101100100000011001101101011010101
1110100110110100101100000110000111000010000000100010010001100000111111011000111101110100000100000111011100101010111110010101011101
1110011010011001111101001100001000100101110011001010101001111011001000110101111001100100100000010000011100000010101001011011000111
1011110001001100110100010100111111100101111101011111000011101001111001111010101010100101001000000001001000111111110000101101110111
1001100101101101101100011101110001010111011100011111000001111000011100001000011111000010001110110111011001111010000001110010001111
1011011011111101011110100110001100110001011010111011001000101110011000100110001000111110000000011000110011000001011001101101111011
1010001000011111001110101100001100011001101101001101100010000001100101011011110000111100100000011000010100100001001110011000110101
1010010111111000100101001010000001010001010011110100000011111000010110010000011010110101001111000110110100100010101000110011011111
1000110000101001011001000000111000101101000010100011010011000111101111110000001011100111000100111110010110111111010001010011010001
1011011101010111010010101001101100000110000100010001101111110000110010010110110101111010010001001111111100011011010110011110001101
1111010011010110110101101101001010101011011100011101111000000110110100001010100010000001110110011000010000110111001101010110010101
1101111110011000001000100000001010011110011001011000010111011100111101100011111010101000000111010100001000101111101101110001100101
1000011000001100011110111110010011010011011010100000001000110100110011001011001010111110011100100001011000101110001100110111100001
1001100011000010110010010001100101100000100010010000010010110011010001110000001000010011110110111011100110001100100001101001111011
1011110000010011100001010011001001000001000111110110111110101001011100011100101100110101101000101011001000100010001010101001011111
1101011000000100101010110010001010011000111001101001011010010001100101100000010100110111011100111111001010111100100100110010001011
1000111110110101100110001000110011111111011000110101100111111110011100000110110100111010010110011000010000111001110101110010001001
1111011101111100111001101100101011000100000110101111010000110110010001001100011000000000110101100100110100011010101110110110100111
1101110110000000001011011011110010100100000010001001001010110100011001011100000101001111010011010101010100010000011101010010001111
1011111110101001100101001001111010000011000111111101000101110011101000010000010110111001111001000100001011110000011000100001101111
1101100001100111010001011100100110110100000010000111111010011011111101111010110101110100110111100110001011101111101000010111000011
1011101101000110101001001110110000101101000001110101100111111010010000100111001001001110010110110101000001101111000010110111000001
1010010101111110100101101110111111100000100110001110010110111000110000101000101010101101000010011100100110111000011110001111010011
1111100011110011001000101011100011110001010101111001011000011010111101101001110010000101110110000000101110101101111010010110101011
1001000110000000011010110111011110100000111110101000001111100011010010100101100010101111101111110011010001101001101001001011001011
1111100110101110101110100000101101010100001110110010111010101000100100111111010011010110100101111000010010110011111101111100011011
1110111111100110101111011011001010011111111011101000110101101000010110011000111111100011101000100101011010100010011111110010111011
1010111001110111001111010111010001101010000000111011011100000011111010110101101001011000000001000011001101011110000110010110001111
1010010100101101010010001100000101010001101101101010110010101101110110010010001100011011101001100110001010111000111011000011010001
1011100000011010100001011101100100010010000101010111010100100100111000110011101101100111111110100010101000011111111010011100111111
1001100001111100100011100111000011100001011010011100100011101111011001001011111110000100101000011110101100110000011100110110111101
1000001010001011101110111110110000101010110010100010110101100111011000010010101101101100010010010011110001001011011011011000100111
1100010011111000011100011010101000101100101011100000110001110111000011001000000010100000010011100101000010100001011110101001110111
1101001110011100100011001010010100001001010001001100100001111010000001101010000010101110010001111000100000110100101100000000100101
1101010000011110100010100111100011001001100101001110110011110010110010000000110001011100011110001001100000100000101101011101000111
1001111100101111100100100110101110100000001001111001000010110010001101101000111011110000110110010100010000110100010010001001001101
1001110101001101000110001011100110011100111001110000100111100001101110101100001110001011000011011111111110001010000000100101100001
1110010000000110000111110110101011100010100000100001001111001100110110111001100000001000001100010001010111011110011110001100101001
1001101100011001001011001000110111010101100011011010011110010110100010001001100101101101110111001000010111100001101001010110000011
1000000010010000000110010101001110001111010101101011110111010011001110111011100100101001000000001110110100010110001011001011110111
1010011000011011001011001011111101100100101111100001010001000110010111100010001101010110000010001011010011001111010000100000111101
1001101011110000111111011001000011110111011010110000010010100001001111001011111110000111111000010100000100010011010011001010101011
1111101010111110100100000100101110110100000000111011101000111101111101110100001010001010001000001110101000010000010111010101101101
1111100011101100101110011011111001100001001010110001011101100101001000001111011010110000010000111111010010101110101011010101001111
1110000010110111100100110100000100110011110110100010010011000010110101100110100100010010101010001101111001000110010000101000001011
1101001011011001001101100101110111001010110011011011010110010000010111111001000010110010100001000100000100110101011011011010111001
1101100100000111010010110110100101111000101111110010101011001100111111011011100001111111110110111101010100111001011010011011110001
1011111111101111101110000010001110101000001100001110001000100110010010011001000110110101011001111010100100111110010000001110001001
1001110101110001111000000010100100010010111111111011010000101110110010110010100111101100011110010111001100000001011000000110101011
1101101101111011101100000010110001101010001000111001010100010100100100100111011001000111010101010111000001011111000101010101111011
1011101001010000010000011010010101110100100001010100110011111000111110111111000101101011001100110000100010100101011010010011110011
1000011101001010010101101000110001001111001010101001001010110000111010111010110100100101101001111001111010011101011000001000010001
1111001110000101110111000101101010101100000111101010010100110100100110100000011100000000011011101101101011000110000111010110001101
1110110100111011111101011010100111101111111001111010101100101011100111111011101011000001101000010111111011110100000101100110000001
