151 174
111110000010101101101110111001011010011111011110101010000010010101111111101000100101001110111110111001101000100110011110000111101101010110010001000111000111001000110100010111
110001101101000011010001111111011111000001011001100111110101010000101011000100001001111110010010010101110010110111110001101100010000001111101101011100001111001101101010011101
110000000111110101110001101111010101111101001010001101000111100000111001000000000000110111100000101101101110101100001011001101110110111101110001011110100110001001110110101001
110101111101111101010010010110011111110111111000100011010101000011001000110101101011010011111011011001100011110100001111111010110111110011001000110110000101110111101000111111
111001011010111101000110101011100100101101011001011101010110101011110011101111100110111101110010110111110001101011111111110110101100001010010111001100111011101100011000101101
111110101010001001011101011100000111100101111111100101011001111111001101111110010111000011111010110110010101100111100111111000110110111101001110100111011011101010101111111101
110010111111000001000111101110001000010110111111000010001011101101101111000110001001010101111111110011110101110111010111011011111000101000101111110000101011100001000100101111
101111100110110011011101110011111110100011110011101011100010101101001001001101100011000100100010010010111010110001100011011010110000101101101001111110011111100101000101100011
111011101001010101111100011011111110110110100101110011011000001000111111100101111111101011110101110110101110101101001110010001101100010110100111010111001010101111110010001011
110111000101110011000001101011100011011011110111001010000000010111010011010111101001011010011111111101101101111011010010111011111111001110011101001110101111001010100110101101
101101100100110001000101001011000111001100101011110001110011001110111110010000001100100100011110100001110011100111011010110010101010001000011000011111111111110110001101100101
100100111110010010010101010011111100111001010001111111101110111101000010001001001101100011110110111100101100011100111010111111001111101111101100110101010001100100111111010111
101010110110100101110111111110000011111101010111010001110011111011100101101010110001111010110111110101111001001111101101001000011001000101000000010100111100010100101001110111
111100010011000011100100001011111000011010001110000011011011011000001111110000011110111011101111010101101011001111000100010110011111011100001001010011111000000000011110110101
101011011011111101101010001110100001000101010000001100110010100001011001010100100001000110011101011111001011111000110111111110000111010101000111011000111110110101010111111001
111111100101011100100011000101111100100110000111000111110100011010011011000101000000111001011011011100010001101100101101101101011110101111000011101111100101001001110101010001
111010101011001100110001100010111111011100101000111111011110111010110101010101010111001111110110010010001001001100011111100111011100101010110110110101100011100100001011110001
101110101100011001110111011001101111011000110111001111000110000110101000100111101000111111110001100100010011100000100111101111101000110001110101101100001000011110111100111101
110000110000111000101000101011010011011111110001111100110110100000110101101111001100100000001101111101001110100100011110000101001011111010001101011110011111010001110101000001
111100010011011010001101010011101011101100101010001001010101101100100001110001101011011110010101100110101100100101100111101000011111111101110110100001000110000000011100011001
101011100110101111011110111011111100011101111110101100100111011000011001111101110011011010100111000111011110110010010100111111111010110101110100111100111101101001111001110111
110100101111101101111001111110100001100101010011001101110110000110111000011011000000100101100000001100010101001010000110000001111011000000110101110001011011111110110011001111
110100110100101001111101011100110011101110001011001001000100111011110101110100001100110011111001100010001011111011011000011111100110011101111110100001101110101011110001010011
100100010101001010111101111101001111111010001010010101110010010001010100110110000011001110101011111111011010111111111100011111100111110111000101010000110010011011011011100101
111111110101111011100011010100110110001110101111110011010011000111011010100111111110010101110101001011111011101001111110110010000011100011001101001000000111010001101001111101
111001111000101010001110011111110000101111011001101101011100010100110011111011011110011110111111110110111100001101110111100101110011011001010010110011100101100101111101001001
110110110011101111000011010011110110010000100000011111010101011110011000110111111101100011110110010110010111001011010001001110000100100000001011110000111010000111011010101011
111010001111010100111101101001010111000000000100010110011110001010101001011011110110000110101011000001100110001001011101011011100001111110011000111001010011011001001011100001
100111010010010100101001111001011110101111010110001000001110110011111001111110100111100111011110000110111011011111111011110101110000001111001111001100101100111110111110111111
100010000011110110110011101100100001100001010011111110101000100111111111011011100011001000011110000110001010110110100010111010100110101111101010111110110111100010101110101011
111000100011100111011110000000101101010110101010110110101010110000101010101110000110101101100011100111111001111100111110000000101100000101110011010101011111000010011000000101
100000000101011110110110000001111111001110110010111001011011110111111110011100011101110011100101011111001111010111001111110000010111000101011010100000100011111101010011000011
111101001101110001011110010100010001111010011011111010111000111001110010111000101011100010111000110110001011100011100111111111101110111001111011100011101011000011101110010011
101011101111000100111001010001010110101000011111110110111110100011111110011010111111101011111000100011001111010011101101101011101111111110101110110011110110010000101100010111
100100010011101111110011111111110111110110010000011101111110110111011001010110110111100101010000101110101110111110011101000110010110010001101111001011111110001000001010011101
100000100101110000000010011010000000111101000101000110010110111110111111010011111111100110111010000101111110001000011010011000101011010101110111110100101010000010101100110101
111110101110100111101001110111110101101101101010111110110010001001011111001011001000110011111101000111011101001011110111101010010111111000011100001111111010110001101110010001
111101001110101011011111101011110001001111101101001110010001111110010111101010111100110001011100100101101110000011011101011011001011000011000100011100000100001110000111101101
110111011101100111101010101111010111100110111001100010110001101101001100000111001000111110111010000011100000101001110111110111010101101000011010001101100110100010011101100101
100001111101010110001000110001100000100111100111000101001111110111110010111101000101011011011011110011010100000110100101010000001101100100001111011001100110110111110000101111
110010000110000001001001001011010111011010101000100101010010101011111001001000110001011001111010111001000001010100010110111011111010100010100111001000100001111110111110101001
110001000110010010111000011011000111000101101100111001000110100101001001000101101010110111101101010011011011011000000100101011010010010111100000010110010000001111101000001001
111101100110100100100110011111011001010010110000111010110101011101011110101011001111101011110111011100100000110001110111101010101000010100101111111010010001110100110111001001
111000010111111010111001011101111101101010111111011000110000111000010000101001101000000100101111011101010001100111001111110001000110001010111110011001100011011001010101110011
100110001111111010111010110010110101011110100001111001111011110101110110000000110110010110000101101100111000001000101011101100010101001001101011101011100111001010110111000011
110011111110111110100101111101010001111101100111011011011000111101011011110100111100110010100001001011111010000000101001111101101111011100111000010101110000011100110110011111
101000011111111010001001011001100100111111000010101001101000000100010010011111001000000111101101101001110011110001101101001010000011111111111101101100000010101111010010110011
100101101000111111111000011101111000001010010000001001001110001010110100111011001010100101011101001000101110110010000100011111010101100011011100000011110001000110111000111101
100101100001010111101110110110011010101001000101111001011111101110100010110010100110100010110110011000000101101111001011100001110001101110100001010011101110111100101111000001
101111101111001100110011000110111111100000111001111110110001101000111011001101111101110000011101100110101011000011111110110101010101110011001101010010111011101001111001010011
100001111101101011101101111011111110001001110001000011110100110011100101000100010000010011001110001011011010100011100110101101100010100010100100001111101011001101010110001101
101101000011001011010100000010010011110000101110100001101110110111100100100111010100001110011010110110100010011001111011111000101111000110110001100101111010111101011110100011
100010100010100100000101110111100111100000111010010111001010100101111110101111001000011101001101110000000101011111101101001010111001010100011101001100111000000011001110111111
101100010011001100110111110110100011010011101011110101000001011111100100001001001010101111100100110001101100011010010010110111001100110111001101101000001000111010110100110001
111000000001110110100110110110011010001011111110001001110100010111000110101011010110001101000010110110011010000110101111101101100001010111010001001110101100011101011010111111
101001111111111101101101100000000001010111110000100001100010100000111010101111100011011111110111111011010000101000111110111000010010101111111011101000010111111011010000101001
110011111100111110000100011101000011011011100010111111110110101011110000000011001100011001001010001000100111001111001101001100000110000111001110100101101011101100101101010001
101100010011110101110011000101111001111010100111001011111110101101011100111001110100110111101001111001010011101000100111001011110111100111001110001101100000100000010011101111
111010001001110000011011010001100001111111100001011111101001011100100111011111000001100000000011000101111101011100111001110101111101101101101000111110010100101101000110101011
111110010010110001110011110110001110101110101101111111110011101001011001101000001110000100111101101110011110001100111010101011101011010100110110101001011100001110001111110101
110011111111100110100010111101011111011100110000101011101001101001111101110100100110000000000010110101100101011100101111001111011101101110001011010101001000110111001100010111
101000000110111101100111101111011110001100100111101101011111111000000110001100100100001010000111001101011111001001111001100111111101001101110011011011111110001001100100101011
111010111100010110111110110001110100011010111111111101110101101101100111111011011110000011111101000100011010010000011111110100001101011110011111111110101110100110101111001001
110111011101110001001011010101001110011100000100101100011101001010010110001011100001101000000000101110000111011111110100110010111100101000110100111100100010101111010010101111
101111101000100111011111001110001010111101100100100010000001011101111110010101101010111000111100111101101001011100100001101010101100101000001101100101101001011101001001111001
111111001111110110101010000111101110111001001111110111110001010100111100100001101001011111000011010011111001101010111001111011100011101110101101000111010111011011110111011101
111000100101011000110010001010001100111111111100011010111111111111100011111010000011001010110110110010001110010101001100011011100111001110000110011101010101111001000001101111
110000011011000001001110111111011011101111011110011001010010010001010110110110100011111101011001001001000111001000011100101011001001001110010001010101100110000101110100101101
111101111000111100000111111111111000000100111011000100001100111100110011101101110100101001001100000100100101000100010001011101101111111100011001111111110111101010101010010011
110011110100010001001111111010110101110011110011111010100110100000010100010100000010011001100010100111011101100110001001100111101011001111101101011101000011111110011101011111
110110011011110001100001000100100110110000000101111111011110110111110111011111111001010101011000111101111111001111111110000100110101100111111101111100111111000110101000011101
100111100111011100111111011000010001111001010000111001111011011000000001100000111100110100011011110011110011011001111111100101111010101001111111111001000001111010100111101011
111000010110001010110111110011000111010111100100101011111011101111111001110110101011100100110011101110101100100000001000110010110000000101101111001000001101000001111100000001
100111001110000110101010001110001111100110111000100011000110101010101000100110101110111001110001100010011111110001110011010110000000101110100010001101101110011100101010000011
111011111101101111101010101110011011010111111101010101010011001010111110010110111100101100001111111011101010110000001100110111110000010001011001111001001011101110100100111001
111110001111101110111010001011111010001011101001101011110110101111111011111111100011011101000101111111001100000111111011000000011101110101111100110111110011010101111101111011
111101111110000001011011001000110011101111000111011111100010010101011011010011111101111101110000110110111001110110000110100010001111111011000111101011100011110001100101100011
111011000111001010110101111011101100010000111011001011101101111000110101110101111011011111101001101110110110101111101001011010111101001001011111100110011011101011101011110111
100010010010111110011010100000100001011100110111001110111010011101001111001010010011010101100111111111110010110011000111011010101100101100010010111010111000110010001101001001
100111111011000101111110100011100011100101111010101101011111100001110100111000010101100101100011000110110101110001110111111011000010100110001110111110111001100111001100111101
110000001110101100100111110000000001101011000111110110111000101011010110101000010111011110000011000110101011110000000000111101000111110101111111111101001111011001111111111011
101111111101111100111010111011010001001101101011010010011010110101110010111001001100110100110111110000110000101001001001111110101101100101001010011101110010010101100010100011
101110110111101100011101011101101101010010010000010111011100100000010110101001001101010101001100110010000100001111000111001111110110011111001110100001111110101000100100001011
111111111010111101110011110101001110011010111101111001000100011010111000011001101111000001110011111101101010110110110011000000111101001010110010100010010001101011011111110001
110011110100101010100101100000111101100111110110111110010110000001110111011011111101110011110111011111010100100111111111010000111111111111100111111110111010001001000110011101
111110111010101101000010110100101100000010001010111101010100010101001010010001110101110100110100001001111010011101110101000111011110100011111101001010101100010111000111011101
110111100100000101011100100101111000101100101011111111010100001110100010110110101111111000100110100011110101101010111110000111110011101010101001011110100100111110100010011111
100110110101101100101000100001101011001011000011000100001011011110001001100101001001110001111101001100011111101111110110001011001111011010110010101111101111010011000000110011
111101110001110011101100010111100011010011011110001101011110000111100100110110000111110111011000101000101011001010011111110110011000110010101001100111101011101111110111111101
110001101010001110010010111110101011011100111011111011100011001110010101000001000101001100111000100010000011101001000011100111111110010000100100110111010111100110111010011011
110001000011101000100011011011000100011110110101111111101111000001001001101011111001011111100101010101111011110101101001111110110001001101110110110111011111001010010110011111
101111000010001100000101110111111011010011111100111110110110000000111111011011111100101110100010101000100111011100001111110011000001110100101010011011010111110101000101000011
101111100000101010111001010111111101101011111100111111101010100001000110110011110011011110100111100111011000110011110110010111110011111111101100001010010100000101100001001001
111111111110000011111000100110011111110111011100110011100001110101101110001110010110010110111011101101011101110001000101000010111111101110110111010110100010101101011111011011
101000100011001110110000000100101000010010001110011110101000001110011100111100011001110011100111000010011001010101010001111011111111111111011011110101011101110000110010000101
100101111101001011001110110110100111111101000110111111000010000011010101101111101101010101011011111100110100111001001101001010111011100011110110110101111111011100001010110111
111010100111001111111100000011011000000101001001010100011101110100011011001010010010111011101101010101011111100100000010111101110010000110011001010001100111100110101101100001
111110011010011101110001001111010100000000011011011011100101101101011001101100100100011011000000101010100101111101110100001011101101010100100101100000010110011001001100001111
101011000000010110001101010001101101100011010101001111100011111110000100110001001100110011010101101110101000111111100101010101110110100000000011110100000100110110010001110111
111101111111100100111101111010001101100000010101011101111001111111001011001101011011000111111111111001111010101101111110000011001101111110101011011001101101111111110111100011
110111111111001101010001110110000111111001010001011011001000010100100110100010011011000010000110010011110011000001010111001010000000111001011001011011010010101111101101111011
110100010000000101011110110001101001101011101111100110101100000101101111111010101011001001111101010111100111011101000111111001011111000111111111111000100001110100101111011111
110111101001111001110111001111101111100111111010110101011101110101011001000010010100111110101000111011000110111111000111101110101101000001100101011110110101111111110101100001
101100111110110110111111000110000110011111111101111101111101000011000100111001111111100010100011010111001101011001100100000101100111010110111001111100111111101111001010101011
100001001110111111001101001011100110110010100111111111101111011011100101011011100001011001001101010011001111001100011000010111011001110001011100101100010100000111101010110001
101101001001000001001101101110111011011010111011000110101001011101010101100001011110101111111010000000000100101111111101101100110011010100111001101101011001111111011010110101
110100001101000011101010010001001110111001101000000110011001111001011110011010011111100111110111010011110011010110100110010111001001001100111001100111000001010111101001110111
111100110010100100001100111111011101011011011100101101010111101010101011000111100111101111111100100001111001111000111100101111011111000010111001110011110100101011110111100011
110000001111011010010101111111111011111100111110010101101101110100111101010110110001100100001000111111010011111111111000011001001101011101111010110101011110011100101000101101
101110011110001111110000101001001001010010011000011100011110111011011010110110011011110011100001011111100001111101110100100111110101101101011001111111010100000011000110110001
110110111010000111011101000000011110110011000011101010011111000101011111101000101111001100110000011110100101101011111111100001101000001111101111011011101011010100111100111001
101111100001011010011110110101000111110000111100011100001110111100100011100111010100110000000001100110101110101010001111110001010010100110110011011011000000011010111110100001
111111001010001100100010101010100111011000100011111111111010010000111010001101110110110111111001101011100111000011100100110010111011101011001011101001111101111010111111011111
110110111000101100100000010001100110110001100101001101001111110100001100000110101010101011010111110011000010001100010000101001111001110100011111011010001010000100111101101001
111110001001011010111101111011011111111001110101000100011001100001111011100111011000101000111011000011010111010101100010011011000010101100101111010010110001110010000000110001
110111110111000001111110111111000101010110110001011001111111010101100111000110100110000001011000100011111011111111000110111011101000101101000001110110100001011000000101101101
101000100111111010101011110111011111011111100111010011100111111001100110111111110100100111000110001111011001011000100111110011110110001110011111110000000100001101010011001111
111110101011111111011111100011110001000111000101000100001110011001101001000111111001001110010001010100010010111001010100110100101010001110111001001000011010110101101000001101
101011110010100110001000111111000101011110011111001101010010011100000111101000011000011010011011101111001100111100001010001100000100110011011111011101010011110101011111011101
110110101111111100001101110000110111110010001101010101001000001111101101100001100110110100011001001110111000001110110010010011011011011001010001110100001111010101011100110011
111000000000010010110111110101100111101100011010100110010111001101010111001010011110110111111010100001100001101101100101010001000100001010000101010100010111110000100010110111
111001011110110000011110101101010111111101101110100001111000010111011111010011011000111111000110010011100101100111100011011011010101111111011001100000011001111111110010000001
100100111011100100101010000101111010101010110111100011111101110110111111001011111111011000100111011111111001111010110001110110010110010101100101111100100111001011011100111001
110101000010011011111111001111110001000101011110111000111111000110011101110111001110110111001101001110100000111010100101011010110011111111110010100010100100101000000101110111
100011111000110100011100001001111101011000110110111111000110101100001111110010100000010111110000000111100101101101111101110000110000111100101111111101010000101000110100011001
111111100101110011010010001101100011001101011001100011101111110110101110101010011001011001011010011000011001111011101111110011111110101011010111011010010100110111101110000011
110111101001010010011001111100110110110100001110000000011100001011111101010110101011001011001101101010110101111101011010100000100111100100011100100111010111111101100101000101
111101010001101010110111110010010011100100011100111111100111011100100101101010100111101011101010001101111000110111010101011011101010001110100010010001101101001101111100100011
101100101111011110001101011100101111101111111011111000110110001011111101101100011111001010011000011101110111011100001110001110001011101000110011101001001110110110010100001011
101000101000101000111100110010001111111010011101011111010110111111110100101110101011100101010001100101010001010001111110011001101011011111101001000111111011101101101101001111
111001011100101111011001100100101000000011001001111011011100001101100111111011000101110110011111111110000110010110111100001111110001000100000111100011011100001111111100100111
111000100010101011011010110101100001101111011000101111110011101110110111100011101001111001100011111000010001111101001001001000011110000010000000111101111001010110001000101001
111101111100011101100010111110101110110111000001101101101000000110000110111100010100001000111011001110000101100001001011111011101011100101000100111111010101111100100000011111
100110011110111010111100010110100111010011011110010011101010001100111000011011110111111111010010110000011010011100110011111011001110000101000110010011000001001010101111011011
100001101000101001011111110001110111110111010111101100111011010010011011000100000111101010100001100000001000111010001000101111111001001010111101000001101010101001011110101111
111000010100111011001101010100010100011001100001110011101010111001010011010000101101100111100100011111010111010111011110101101110001110001010011001100000111100101101100100011
111011111100010001001101011011111101100011101000100011011011000001100110101011011010101101001110010001111100101001001001111110101110100001000011000111110100000111001001100111
100010110010001001111111000101000100011111111001110011010110111111101100010101010110111001000110110000111111001001110011101001111111110100011100011010010110111110111001111111
111100001001101101011111100000111110111011000111110010110101101101010111001110110100101110100111111101110101001111100100001001111101010011001000001111001101111000011001001011
100100110110011011011011101101011101011111100100111101001001011100001111110010000011001111100001110110010000111110101101001001110010000010100010110111011100100101101110101011
110100111011101111111011001000101111111000111111010011001010101100111101100110111101010011011011001110011001101101000001011110001011111100101010110011010111000110011111110101
100011000001111010110110100111011111001100001000001110111100010101110011111011111000010111011111111010001000101111010001001010011010100000110001110101010001000011101101111111
110011000110010101000001100001110000011111011100110100111011000010100000010101100000100000001100110000001100111111111101011101101000111011100100111110110110110011101000101001
101111000101111001111111111101111010000101110100111111110010111000100000101101001011010111110101010010001000010100001000001010110101101011111101111101110010110110111011000101
110010101101100000001111011110100011111001110111111010000011111110001000010111111111100111001110011011011010010110011011010000100000101010100101000110010011011111000001100001
100000011010011001000101001011011011001001101011111001110000010110111100001111111011101111010001110110111001100010000100011011010101010101110100100000001101010010100111100111
101001100010101100001100111111110101101001111011010110010101010110101101011111111011100110110010011101001111110011111101001100111011000111010110011101110110010001110101001011
110011010101011111011010101111001000000101110001000000010111010110011010110110110011011001011101011101011011111111101111110110000010101001111100111100111011001101000000111001
111011101000110110000011101111111010110101101111000110111000101101100001011101100111011111011001110011111000011111111000010100111001100110100100101011011101101110110000101001
111000110110110111100100101110100101001001100101001111111110011100100011010010011001111000101001001000010001010111000010000111011001011010011011011111100001110100101110011101
111011010011100111101010110101010110001011000010101110000001101101010111100010011111100001001110100101111110011011111001001011100111111001111111011111100000110101101011110011
