15
0 313 8610 2025 2729 6716 3186 1617 3722 4256 820 4747 705 8408 597 
2932 9172 3679 7746 3279 6976 8441 7179 3066 1626 3294 4660 2466 8256 2790 
4817 1491 8743 2872 7727 9764 4925 8879 8272 202 1410 1435 5008 216 5929 
96 7744 6506 7704 7081 5575 2060 6810 5928 9554 6440 9983 2437 6761 2956 
858 7723 4952 8816 5099 5733 9531 6848 3387 76 7053 9889 7740 7495 1977 
1436 9135 7841 5892 8647 6893 2878 936 6289 2800 8771 1612 2731 5436 9607 
1743 1570 2681 1774 5767 4981 2851 1559 6097 7396 7464 803 763 597 1065 
7955 8058 3816 6120 4368 7408 4939 3412 8188 8170 1413 934 671 602 1939 
6729 2274 5703 2544 3658 8370 3145 3148 6564 6922 9029 3186 4786 2964 7667 
7405 5519 7235 4116 5420 5958 8805 6689 1123 4717 4036 1147 538 5486 6734 
807 9217 8387 6814 9270 2772 7008 7344 4999 6637 1582 2300 9465 3649 1267 
9869 3062 544 1019 8666 5544 6971 1006 6688 165 3098 9042 5352 3270 4424 
9006 3471 3537 4878 715 8508 7603 1803 9228 4935 1275 8923 4032 2075 8071 
5874 1098 6232 9276 5405 3261 4483 2267 1846 6904 9960 6297 6916 5407 972 
7471 1487 2329 8803 7137 4388 9803 1544 393 1843 96 3788 3949 3638 822 
