25
0 313 8610 2025 2729 6716 3186 1617 3722 4256 820 4747 705 8408 597 2932 9172 3679 7746 3279 6976 8441 7179 3066 1626 
3294 4660 2466 8256 2790 4817 1491 8743 2872 7727 9764 4925 8879 8272 202 1410 1435 5008 216 5929 96 7744 6506 7704 7081 
5575 2060 6810 5928 9554 6440 9983 2437 6761 2956 858 7723 4952 8816 5099 5733 9531 6848 3387 76 7053 9889 7740 7495 1977 
1436 9135 7841 5892 8647 6893 2878 936 6289 2800 8771 1612 2731 5436 9607 1743 1570 2681 1774 5767 4981 2851 1559 6097 7396 
7464 803 763 597 1065 7955 8058 3816 6120 4368 7408 4939 3412 8188 8170 1413 934 671 602 1939 6729 2274 5703 2544 3658 
8370 3145 3148 6564 6922 9029 3186 4786 2964 7667 7405 5519 7235 4116 5420 5958 8805 6689 1123 4717 4036 1147 538 5486 6734 
807 9217 8387 6814 9270 2772 7008 7344 4999 6637 1582 2300 9465 3649 1267 9869 3062 544 1019 8666 5544 6971 1006 6688 165 
3098 9042 5352 3270 4424 9006 3471 3537 4878 715 8508 7603 1803 9228 4935 1275 8923 4032 2075 8071 5874 1098 6232 9276 5405 
3261 4483 2267 1846 6904 9960 6297 6916 5407 972 7471 1487 2329 8803 7137 4388 9803 1544 393 1843 96 3788 3949 3638 822 
4538 5047 4605 6754 8175 5668 2533 3723 5826 8743 6079 2571 6969 5577 8787 3608 3639 6216 7800 4570 2053 6982 8372 7518 9018 
1864 7755 2674 2954 7028 4569 9642 1884 122 2245 8991 3228 8629 7631 9666 2743 3960 8361 208 2469 527 5076 4227 3 1501 
7092 3124 3953 5476 2609 1510 2929 769 7056 3303 7892 6551 5660 8962 217 2559 8849 6845 323 1580 1555 4129 4188 1436 37 
5296 7622 5703 2307 8624 619 4851 750 3670 6641 2059 8037 5212 4186 392 9920 1605 464 588 1013 8034 9544 1151 2133 7635 
9801 4973 321 5936 8022 9223 5111 6600 9995 7690 7158 8941 9948 7327 7815 167 3660 3197 747 7836 2601 8550 9180 484 8943 
9242 4883 6890 3780 4220 7466 6960 3410 6294 5099 9688 1010 9902 241 6164 3561 5105 6463 8102 6359 9516 4984 4853 9960 2391 
1988 4376 6893 7590 321 6127 8003 4643 1683 6345 747 9623 7873 8701 4303 57 2217 5771 8825 586 4742 9314 8699 8596 7213 
9812 2126 1541 6613 8251 1897 172 8165 5607 4689 4391 1488 7999 8728 956 5982 7994 2171 4745 4038 5019 7038 7809 3157 351 
6047 2919 586 4657 2196 843 6556 8557 3429 3054 4711 9163 7234 4102 840 8085 2520 363 3479 8848 8607 4376 2507 4214 3687 
6505 4299 6358 7581 8128 4558 5374 6159 3077 2401 4082 7243 6556 1794 9604 354 3236 8946 4673 5139 8775 6730 4147 5824 1447 
9751 4703 1535 3130 6137 8163 4833 1352 4650 1442 3305 6623 8217 8569 1555 1767 7471 2758 3440 2477 389 9002 6896 804 6640 
145 6188 5815 7708 1914 8947 8115 6416 4875 7814 7475 1912 3781 9057 5265 8744 7277 2987 5935 1086 3445 3530 4227 5735 9137 
6790 7379 9955 3581 952 4003 2772 9226 2361 3879 806 5285 5138 5372 2241 1956 4151 9699 5025 5786 3710 3757 7887 9149 6811 
5735 5272 9293 2289 226 9790 4950 9705 2068 8265 952 4328 611 9978 3844 7047 8653 8208 3941 6555 2751 8652 1817 3661 4123 
827 9683 50 1870 1042 627 6368 2725 8039 1185 6942 4065 4889 5210 1002 9378 3248 9507 2737 7934 8551 4207 5038 2856 7259 
3345 4262 4320 9730 3613 5863 7099 4824 1752 3244 4177 4831 3560 4656 641 1809 9975 5506 4575 8941 8213 5904 4177 2987 8419 
