35
0 313 8610 2025 2729 6716 3186 1617 3722 4256 820 4747 705 8408 597 2932 9172 3679 7746 3279 6976 8441 7179 3066 1626 3294 4660 2466 8256 2790 4817 1491 8743 2872 7727 
9764 4925 8879 8272 202 1410 1435 5008 216 5929 96 7744 6506 7704 7081 5575 2060 6810 5928 9554 6440 9983 2437 6761 2956 858 7723 4952 8816 5099 5733 9531 6848 3387 76 
7053 9889 7740 7495 1977 1436 9135 7841 5892 8647 6893 2878 936 6289 2800 8771 1612 2731 5436 9607 1743 1570 2681 1774 5767 4981 2851 1559 6097 7396 7464 803 763 597 1065 
7955 8058 3816 6120 4368 7408 4939 3412 8188 8170 1413 934 671 602 1939 6729 2274 5703 2544 3658 8370 3145 3148 6564 6922 9029 3186 4786 2964 7667 7405 5519 7235 4116 5420 
5958 8805 6689 1123 4717 4036 1147 538 5486 6734 807 9217 8387 6814 9270 2772 7008 7344 4999 6637 1582 2300 9465 3649 1267 9869 3062 544 1019 8666 5544 6971 1006 6688 165 
3098 9042 5352 3270 4424 9006 3471 3537 4878 715 8508 7603 1803 9228 4935 1275 8923 4032 2075 8071 5874 1098 6232 9276 5405 3261 4483 2267 1846 6904 9960 6297 6916 5407 972 
7471 1487 2329 8803 7137 4388 9803 1544 393 1843 96 3788 3949 3638 822 4538 5047 4605 6754 8175 5668 2533 3723 5826 8743 6079 2571 6969 5577 8787 3608 3639 6216 7800 4570 
2053 6982 8372 7518 9018 1864 7755 2674 2954 7028 4569 9642 1884 122 2245 8991 3228 8629 7631 9666 2743 3960 8361 208 2469 527 5076 4227 3 1501 7092 3124 3953 5476 2609 
1510 2929 769 7056 3303 7892 6551 5660 8962 217 2559 8849 6845 323 1580 1555 4129 4188 1436 37 5296 7622 5703 2307 8624 619 4851 750 3670 6641 2059 8037 5212 4186 392 
9920 1605 464 588 1013 8034 9544 1151 2133 7635 9801 4973 321 5936 8022 9223 5111 6600 9995 7690 7158 8941 9948 7327 7815 167 3660 3197 747 7836 2601 8550 9180 484 8943 
9242 4883 6890 3780 4220 7466 6960 3410 6294 5099 9688 1010 9902 241 6164 3561 5105 6463 8102 6359 9516 4984 4853 9960 2391 1988 4376 6893 7590 321 6127 8003 4643 1683 6345 
747 9623 7873 8701 4303 57 2217 5771 8825 586 4742 9314 8699 8596 7213 9812 2126 1541 6613 8251 1897 172 8165 5607 4689 4391 1488 7999 8728 956 5982 7994 2171 4745 4038 
5019 7038 7809 3157 351 6047 2919 586 4657 2196 843 6556 8557 3429 3054 4711 9163 7234 4102 840 8085 2520 363 3479 8848 8607 4376 2507 4214 3687 6505 4299 6358 7581 8128 
4558 5374 6159 3077 2401 4082 7243 6556 1794 9604 354 3236 8946 4673 5139 8775 6730 4147 5824 1447 9751 4703 1535 3130 6137 8163 4833 1352 4650 1442 3305 6623 8217 8569 1555 
1767 7471 2758 3440 2477 389 9002 6896 804 6640 145 6188 5815 7708 1914 8947 8115 6416 4875 7814 7475 1912 3781 9057 5265 8744 7277 2987 5935 1086 3445 3530 4227 5735 9137 
6790 7379 9955 3581 952 4003 2772 9226 2361 3879 806 5285 5138 5372 2241 1956 4151 9699 5025 5786 3710 3757 7887 9149 6811 5735 5272 9293 2289 226 9790 4950 9705 2068 8265 
952 4328 611 9978 3844 7047 8653 8208 3941 6555 2751 8652 1817 3661 4123 827 9683 50 1870 1042 627 6368 2725 8039 1185 6942 4065 4889 5210 1002 9378 3248 9507 2737 7934 
8551 4207 5038 2856 7259 3345 4262 4320 9730 3613 5863 7099 4824 1752 3244 4177 4831 3560 4656 641 1809 9975 5506 4575 8941 8213 5904 4177 2987 8419 5795 2814 6437 8805 2535 
6239 455 4741 8226 8675 2210 9779 6684 7008 2679 9059 2361 4785 3528 8078 6076 247 4159 2296 4903 5120 2512 5535 6040 3362 5725 7644 7028 1621 9241 4409 7144 5581 5454 5154 
7325 8945 5487 6033 8457 4264 211 9449 379 7329 9067 2594 6439 9341 7821 565 962 3593 8821 2032 9447 5864 9858 7918 3865 257 224 6072 7877 4695 5064 7391 9340 2790 1611 
1371 9922 1313 3396 1548 4181 4977 1035 3800 2960 2749 685 2979 8418 2420 3748 5843 567 2642 3939 758 7643 4156 302 7127 5153 4425 7256 38 960 2402 5287 8073 6222 2632 
8364 4765 4558 429 6679 6671 4260 2332 5797 3515 912 8559 5825 8388 248 6690 6679 8462 3605 8281 8048 9191 797 2645 5151 7466 7778 4502 3876 1699 8910 4726 1405 9289 6205 
5915 898 4463 369 6979 1358 1934 992 3497 6244 4368 5745 3029 6944 4111 900 7129 9692 2158 8041 4262 7030 9824 4296 344 7398 1090 5944 6136 8961 6090 7725 3195 6250 8712 
2719 2612 727 3776 112 3253 8851 1764 719 8714 3755 1565 2584 4728 9119 4206 1521 1213 6330 3043 3921 5714 8527 8370 1687 7432 7634 6920 1626 3563 2950 9237 4152 2185 2418 
364 8632 8378 147 1841 5237 2832 6291 5467 5619 4634 7871 1795 7281 2465 1642 8837 8965 927 2594 8942 6910 1214 4180 4312 4324 7843 8866 4137 8915 5680 102 8800 5819 3954 
9293 9143 5771 6499 3887 1240 872 9939 5146 9663 2772 4020 6717 4699 649 831 7586 1492 8789 2115 5511 1581 6138 6390 9525 9792 2660 114 2605 1969 9844 9593 8104 1495 5203 
2863 6034 5089 3117 3262 7798 833 6849 8907 457 3904 9098 4805 4146 7986 907 6799 8698 2820 1296 9090 8110 864 2447 9533 3911 8536 7787 9441 1051 6 2818 7104 2379 4001 
1035 6756 337 6606 9775 7190 6926 5508 3344 6758 5573 3673 3253 3962 965 2909 7933 5362 5458 297 6742 5015 3160 2950 5633 2172 5261 9063 4307 6432 2726 5743 7212 2104 4930 
6567 3219 5962 5341 4350 1325 5131 7825 7080 2223 4329 9693 7503 8087 4153 65 9315 5416 4670 4646 5437 8273 993 518 6336 1769 90 7033 8862 8142 522 1401 8581 256 9346 
74 1048 9886 2898 9511 19 617 658 2421 3043 7705 3945 8082 7423 9748 3637 7822 2008 9505 3643 9264 2776 3710 9350 5418 2690 4223 2753 7229 8793 5366 8501 657 2003 4778 
7561 1902 7581 7644 7738 6843 6749 6639 2748 3316 2409 2421 4088 7296 4454 2033 2391 6593 2615 5039 7517 8152 7337 9762 9077 7548 1632 4438 1612 1776 9395 657 1156 8921 8139 
8917 2388 809 6622 8647 8107 7231 340 7527 5226 2832 346 7466 4037 259 3367 7075 9927 5664 3695 2969 9301 5151 9805 4764 3898 3273 1188 1086 248 7149 3346 6458 3461 2325 
1446 1395 7093 8947 5566 562 3286 9352 3038 6322 9912 671 5827 7539 3947 8538 3439 5963 2764 486 4304 5046 7610 146 1125 8536 5936 5824 8139 8692 1839 9556 785 6454 6314 
5240 718 8429 1532 6931 1663 8023 5881 895 4070 563 8974 7516 9022 4768 8338 1657 4399 5388 2027 2552 8731 4382 3847 6838 734 452 436 818 4984 9300 1904 542 6706 9438 
261 803 1139 897 2338 6650 5453 6682 6438 3495 3681 9314 4425 4425 7642 7305 3463 5801 9313 8906 4142 4742 2628 2977 4196 4589 5170 9317 9533 6942 2725 3304 6801 1358 2162 
