50
0 313 8610 2025 2729 6716 3186 1617 3722 4256 820 4747 705 8408 597 2932 9172 3679 7746 3279 6976 8441 7179 3066 1626 3294 4660 2466 8256 2790 4817 1491 8743 2872 7727 9764 4925 8879 8272 202 1410 1435 5008 216 5929 96 7744 6506 7704 7081 
5575 2060 6810 5928 9554 6440 9983 2437 6761 2956 858 7723 4952 8816 5099 5733 9531 6848 3387 76 7053 9889 7740 7495 1977 1436 9135 7841 5892 8647 6893 2878 936 6289 2800 8771 1612 2731 5436 9607 1743 1570 2681 1774 5767 4981 2851 1559 6097 7396 
7464 803 763 597 1065 7955 8058 3816 6120 4368 7408 4939 3412 8188 8170 1413 934 671 602 1939 6729 2274 5703 2544 3658 8370 3145 3148 6564 6922 9029 3186 4786 2964 7667 7405 5519 7235 4116 5420 5958 8805 6689 1123 4717 4036 1147 538 5486 6734 
807 9217 8387 6814 9270 2772 7008 7344 4999 6637 1582 2300 9465 3649 1267 9869 3062 544 1019 8666 5544 6971 1006 6688 165 3098 9042 5352 3270 4424 9006 3471 3537 4878 715 8508 7603 1803 9228 4935 1275 8923 4032 2075 8071 5874 1098 6232 9276 5405 
3261 4483 2267 1846 6904 9960 6297 6916 5407 972 7471 1487 2329 8803 7137 4388 9803 1544 393 1843 96 3788 3949 3638 822 4538 5047 4605 6754 8175 5668 2533 3723 5826 8743 6079 2571 6969 5577 8787 3608 3639 6216 7800 4570 2053 6982 8372 7518 9018 
1864 7755 2674 2954 7028 4569 9642 1884 122 2245 8991 3228 8629 7631 9666 2743 3960 8361 208 2469 527 5076 4227 3 1501 7092 3124 3953 5476 2609 1510 2929 769 7056 3303 7892 6551 5660 8962 217 2559 8849 6845 323 1580 1555 4129 4188 1436 37 
5296 7622 5703 2307 8624 619 4851 750 3670 6641 2059 8037 5212 4186 392 9920 1605 464 588 1013 8034 9544 1151 2133 7635 9801 4973 321 5936 8022 9223 5111 6600 9995 7690 7158 8941 9948 7327 7815 167 3660 3197 747 7836 2601 8550 9180 484 8943 
9242 4883 6890 3780 4220 7466 6960 3410 6294 5099 9688 1010 9902 241 6164 3561 5105 6463 8102 6359 9516 4984 4853 9960 2391 1988 4376 6893 7590 321 6127 8003 4643 1683 6345 747 9623 7873 8701 4303 57 2217 5771 8825 586 4742 9314 8699 8596 7213 
9812 2126 1541 6613 8251 1897 172 8165 5607 4689 4391 1488 7999 8728 956 5982 7994 2171 4745 4038 5019 7038 7809 3157 351 6047 2919 586 4657 2196 843 6556 8557 3429 3054 4711 9163 7234 4102 840 8085 2520 363 3479 8848 8607 4376 2507 4214 3687 
6505 4299 6358 7581 8128 4558 5374 6159 3077 2401 4082 7243 6556 1794 9604 354 3236 8946 4673 5139 8775 6730 4147 5824 1447 9751 4703 1535 3130 6137 8163 4833 1352 4650 1442 3305 6623 8217 8569 1555 1767 7471 2758 3440 2477 389 9002 6896 804 6640 
145 6188 5815 7708 1914 8947 8115 6416 4875 7814 7475 1912 3781 9057 5265 8744 7277 2987 5935 1086 3445 3530 4227 5735 9137 6790 7379 9955 3581 952 4003 2772 9226 2361 3879 806 5285 5138 5372 2241 1956 4151 9699 5025 5786 3710 3757 7887 9149 6811 
5735 5272 9293 2289 226 9790 4950 9705 2068 8265 952 4328 611 9978 3844 7047 8653 8208 3941 6555 2751 8652 1817 3661 4123 827 9683 50 1870 1042 627 6368 2725 8039 1185 6942 4065 4889 5210 1002 9378 3248 9507 2737 7934 8551 4207 5038 2856 7259 
3345 4262 4320 9730 3613 5863 7099 4824 1752 3244 4177 4831 3560 4656 641 1809 9975 5506 4575 8941 8213 5904 4177 2987 8419 5795 2814 6437 8805 2535 6239 455 4741 8226 8675 2210 9779 6684 7008 2679 9059 2361 4785 3528 8078 6076 247 4159 2296 4903 
5120 2512 5535 6040 3362 5725 7644 7028 1621 9241 4409 7144 5581 5454 5154 7325 8945 5487 6033 8457 4264 211 9449 379 7329 9067 2594 6439 9341 7821 565 962 3593 8821 2032 9447 5864 9858 7918 3865 257 224 6072 7877 4695 5064 7391 9340 2790 1611 
1371 9922 1313 3396 1548 4181 4977 1035 3800 2960 2749 685 2979 8418 2420 3748 5843 567 2642 3939 758 7643 4156 302 7127 5153 4425 7256 38 960 2402 5287 8073 6222 2632 8364 4765 4558 429 6679 6671 4260 2332 5797 3515 912 8559 5825 8388 248 
6690 6679 8462 3605 8281 8048 9191 797 2645 5151 7466 7778 4502 3876 1699 8910 4726 1405 9289 6205 5915 898 4463 369 6979 1358 1934 992 3497 6244 4368 5745 3029 6944 4111 900 7129 9692 2158 8041 4262 7030 9824 4296 344 7398 1090 5944 6136 8961 
6090 7725 3195 6250 8712 2719 2612 727 3776 112 3253 8851 1764 719 8714 3755 1565 2584 4728 9119 4206 1521 1213 6330 3043 3921 5714 8527 8370 1687 7432 7634 6920 1626 3563 2950 9237 4152 2185 2418 364 8632 8378 147 1841 5237 2832 6291 5467 5619 
4634 7871 1795 7281 2465 1642 8837 8965 927 2594 8942 6910 1214 4180 4312 4324 7843 8866 4137 8915 5680 102 8800 5819 3954 9293 9143 5771 6499 3887 1240 872 9939 5146 9663 2772 4020 6717 4699 649 831 7586 1492 8789 2115 5511 1581 6138 6390 9525 
9792 2660 114 2605 1969 9844 9593 8104 1495 5203 2863 6034 5089 3117 3262 7798 833 6849 8907 457 3904 9098 4805 4146 7986 907 6799 8698 2820 1296 9090 8110 864 2447 9533 3911 8536 7787 9441 1051 6 2818 7104 2379 4001 1035 6756 337 6606 9775 
7190 6926 5508 3344 6758 5573 3673 3253 3962 965 2909 7933 5362 5458 297 6742 5015 3160 2950 5633 2172 5261 9063 4307 6432 2726 5743 7212 2104 4930 6567 3219 5962 5341 4350 1325 5131 7825 7080 2223 4329 9693 7503 8087 4153 65 9315 5416 4670 4646 
5437 8273 993 518 6336 1769 90 7033 8862 8142 522 1401 8581 256 9346 74 1048 9886 2898 9511 19 617 658 2421 3043 7705 3945 8082 7423 9748 3637 7822 2008 9505 3643 9264 2776 3710 9350 5418 2690 4223 2753 7229 8793 5366 8501 657 2003 4778 
7561 1902 7581 7644 7738 6843 6749 6639 2748 3316 2409 2421 4088 7296 4454 2033 2391 6593 2615 5039 7517 8152 7337 9762 9077 7548 1632 4438 1612 1776 9395 657 1156 8921 8139 8917 2388 809 6622 8647 8107 7231 340 7527 5226 2832 346 7466 4037 259 
3367 7075 9927 5664 3695 2969 9301 5151 9805 4764 3898 3273 1188 1086 248 7149 3346 6458 3461 2325 1446 1395 7093 8947 5566 562 3286 9352 3038 6322 9912 671 5827 7539 3947 8538 3439 5963 2764 486 4304 5046 7610 146 1125 8536 5936 5824 8139 8692 
1839 9556 785 6454 6314 5240 718 8429 1532 6931 1663 8023 5881 895 4070 563 8974 7516 9022 4768 8338 1657 4399 5388 2027 2552 8731 4382 3847 6838 734 452 436 818 4984 9300 1904 542 6706 9438 261 803 1139 897 2338 6650 5453 6682 6438 3495 
3681 9314 4425 4425 7642 7305 3463 5801 9313 8906 4142 4742 2628 2977 4196 4589 5170 9317 9533 6942 2725 3304 6801 1358 2162 2180 4207 6315 615 2837 9801 7528 1434 3437 8958 2206 9868 3713 5260 360 3958 1296 1512 6740 8600 3912 96 9499 3251 9795 
4398 4184 6249 1148 5512 4141 1210 8013 945 925 3476 2378 4553 825 7078 4882 9401 6073 5191 8939 7794 1854 9536 9646 5179 2696 6712 7310 7144 4337 1917 7931 1231 9671 3034 5500 7783 9853 543 3443 6542 4169 1236 5059 8218 4752 6194 5296 2751 4756 
6008 8713 8470 1063 8697 958 8897 5127 8304 3627 6378 8046 4637 4826 4292 8459 7115 293 2036 4354 8201 2426 9515 2393 4378 7041 351 830 5143 236 5534 4639 2996 173 1726 3922 9871 1138 951 9207 7999 9728 869 9727 5663 5489 7375 3261 812 869 
3725 8658 8007 7820 2916 4601 6664 891 2538 740 1067 9163 3809 9766 5114 1862 9031 1525 7272 5000 4157 2769 3701 8883 5717 8636 28 8834 3803 4449 4724 3972 5333 8934 9564 1392 4327 2450 5141 5582 8394 6315 1890 5445 3166 1833 9602 3731 8883 120 
893 6263 5862 6298 6596 768 8056 4186 3547 7683 6431 47 7731 7758 6375 6511 8256 3814 5859 258 134 6495 3569 9546 6317 6356 8725 195 1981 7136 6815 1112 6510 7552 7946 2939 1150 1467 7049 5947 2815 8764 7646 5738 6995 1785 3399 7871 5249 4666 
4158 4994 5249 5414 5741 2580 3833 3077 5139 1863 6054 4839 5388 1062 5679 401 6817 8490 5111 3468 3891 3644 5209 2709 9367 4862 7959 7019 9982 4654 7491 2433 400 6287 7375 533 4622 7721 4706 693 6590 1503 3904 1009 4195 1689 5737 5246 3418 1408 
9508 5666 1809 7157 8886 4058 3040 8412 4349 5831 6733 3655 7708 4506 290 6420 6683 6449 1954 7430 9984 8199 6794 1439 5896 1221 9862 9865 9804 1433 3220 2804 8652 3364 6060 6526 2786 1258 9648 5040 8168 2000 1292 6827 4412 7182 4068 334 6622 4167 
1509 4320 1498 8494 8996 1649 677 2455 6045 7621 6780 7212 6227 6448 133 8268 3933 1944 6629 6661 9701 1053 9705 710 8332 1276 1893 5666 6501 5625 3926 1099 9092 1166 1859 8382 5973 9768 5174 3101 3431 2143 1346 9741 6975 8762 4825 8493 4748 3762 
917 6525 3243 415 7527 8551 9556 9269 222 4067 6892 2546 8607 1060 2539 895 4458 8575 35 1090 4596 2950 9738 5774 3964 5081 4529 8829 6881 8559 9856 2486 6934 1015 9846 4746 8484 3521 3696 8225 5253 5402 9071 4005 3960 4275 1717 6592 3470 3692 
3019 8562 2433 3204 9716 6012 880 8204 2486 8385 3738 9393 2640 8778 6742 4202 8617 3321 7706 5023 6519 721 8621 1594 1401 5569 6562 7374 8523 1497 3849 2256 6298 2787 456 6467 5146 5512 4117 2984 8976 1824 6111 8327 8514 3459 3188 4063 8191 3074 
8605 3865 822 4491 7741 3471 6778 5458 6269 3391 6888 9010 1331 6699 773 2027 8717 6754 4840 2086 1482 2204 6658 6195 7998 9101 4923 7504 9898 2483 6737 8593 2874 2263 6432 2424 5811 768 2626 4550 6219 1769 2772 2681 2434 3355 6877 2198 5550 9482 
4642 8702 6562 7552 2724 1204 6679 1859 1342 2043 1281 5250 1954 2122 488 3840 208 2565 1808 2127 903 6379 2833 8358 4167 6223 4456 2470 4576 6873 7571 1477 7427 3482 8728 9622 8896 9213 2714 3153 9281 8365 2525 2061 1071 3563 9702 3623 6040 8117 
492 5096 8095 7135 5811 5410 1096 3499 5478 8191 3365 7282 9676 969 3101 9707 3128 7915 1427 5240 9944 5942 2277 7914 9601 6519 851 474 7054 8046 4851 7437 2404 6128 5224 5664 8136 1588 5614 8533 4359 8574 2271 2310 5041 7596 8600 5814 695 839 
1102 6960 5492 9588 5900 2290 9261 6130 7585 8067 7360 4951 4594 4041 3866 583 7838 3470 6070 1958 1806 5503 743 5581 9852 8499 5126 2403 7894 5394 8141 5705 3238 4704 9762 9862 7753 3250 9037 2312 7099 9213 3721 3583 251 6598 6981 2729 6020 4711 
9160 7993 5789 8744 5053 5079 4199 46 9671 7838 1982 7197 7959 8735 7683 1459 6439 8942 7467 2707 7245 384 4746 4438 7518 4597 3840 8936 9634 5736 4383 6203 230 7574 5712 2747 8494 6844 2931 8807 6697 7757 8895 5128 8425 5052 8813 2868 2491 5408 
6706 2730 2978 9573 5414 1924 8411 51 4405 37 5490 1685 2072 7416 5387 4986 1754 2158 3051 4555 3202 4291 2506 7425 3695 8247 3596 8691 5541 7230 8164 4251 9165 5544 6115 3014 3521 7510 4344 3411 8026 4042 3997 1560 2761 479 4021 922 6125 1782 
1494 5798 1694 3665 1682 3508 8476 774 3308 2588 1306 5502 6988 6866 571 3530 7312 7746 3014 4691 1543 9549 7812 245 382 5252 4658 176 8800 2479 3068 6579 7369 2068 4622 1752 7091 4082 2363 2080 3182 8588 4081 1295 5773 1054 8682 9228 8010 4716 
7375 4617 4511 4743 3902 3099 5656 1561 500 3946 5677 3162 8855 1663 5007 8763 7731 1032 9878 8629 1512 6696 4616 7442 6371 879 4611 1023 3285 5329 428 8775 9616 6097 6036 6677 3468 2212 6609 8188 7557 1886 3882 2883 1792 2307 9518 5188 6300 1640 
9471 8035 9109 4309 4793 8807 5208 3176 6874 7388 6201 4686 7569 8681 2278 5593 7187 4442 714 2348 5813 1744 7630 6749 5929 7958 2214 3941 6796 4555 5136 1367 3579 4595 5374 9761 6675 1247 2161 9769 9217 7167 1282 305 3215 7101 7435 7226 7311 8534 
6873 3428 1622 7746 7050 3943 7614 1111 2487 2147 3514 3982 8579 5663 8191 2008 7556 3051 9006 2230 3326 4894 1575 3788 4410 5348 1930 604 6694 2772 4042 857 211 529 8169 616 6680 1535 8012 1472 7011 2669 7126 4494 500 7630 7579 5381 9937 9334 
6311 8132 9332 5445 7164 7084 3499 3134 9060 9669 1190 1663 3289 4720 6024 3884 5371 3684 1914 245 9479 4575 2213 1402 5868 1020 4301 8030 4296 1226 3827 8921 8897 4236 5339 971 2483 3294 8494 7139 733 8678 1591 988 9246 4838 6641 8883 8925 9183 
2679 3451 7656 2364 6556 4400 8759 2397 2914 5279 9175 7461 7572 7280 2851 4729 1038 3678 7309 5062 1370 995 3854 5922 8096 5492 4387 7334 1420 6070 308 8256 3431 7186 1460 3187 531 7873 5597 1369 8806 5450 1331 3412 6545 5034 41 2706 652 8427 
4705 1441 6137 8489 6115 3596 436 7576 9469 9736 6751 1148 6781 950 3157 142 3094 1799 6662 8187 6960 4584 3971 2272 8160 9810 3154 7963 8119 168 2934 2739 1010 7888 8832 3566 5985 7804 7871 7296 3528 977 6058 4976 1384 6220 5378 3665 8039 9360 
9502 1863 4212 2598 9937 7132 5340 8792 6834 7005 516 8022 1168 6786 5848 6267 7526 325 2715 8552 9195 2368 3881 1399 9791 3567 2940 1924 8143 1757 5059 3437 5637 5582 9493 9872 7762 9070 6830 3903 4054 8250 6444 6081 3172 3399 2123 4848 2320 3024 
6340 9757 2731 8160 6129 2748 5436 8092 6051 4830 4035 1076 6198 8004 3685 6176 5727 4775 8036 4785 4869 91 8315 2949 896 3064 1293 8067 6021 8309 5346 6074 7673 9239 6335 7699 4153 8177 7508 4878 1102 610 166 940 6783 3441 4294 638 6620 9580 
880 8631 9979 3713 147 7506 4650 6598 2408 8931 7007 7731 769 4047 8310 8725 7393 1667 113 2245 7553 5408 4259 3842 8181 3318 5420 6533 142 6114 6657 469 5945 2619 962 2532 7112 3482 4259 3214 7929 6792 7830 604 4783 1665 627 3850 2823 8403 
