70
0 313 8610 2025 2729 6716 3186 1617 3722 4256 820 4747 705 8408 597 2932 9172 3679 7746 3279 6976 8441 7179 3066 1626 3294 4660 2466 8256 2790 4817 1491 8743 2872 7727 9764 4925 8879 8272 202 1410 1435 5008 216 5929 96 7744 6506 7704 7081 5575 2060 6810 5928 9554 6440 9983 2437 6761 2956 858 7723 4952 8816 5099 5733 9531 6848 3387 76 
7053 9889 7740 7495 1977 1436 9135 7841 5892 8647 6893 2878 936 6289 2800 8771 1612 2731 5436 9607 1743 1570 2681 1774 5767 4981 2851 1559 6097 7396 7464 803 763 597 1065 7955 8058 3816 6120 4368 7408 4939 3412 8188 8170 1413 934 671 602 1939 6729 2274 5703 2544 3658 8370 3145 3148 6564 6922 9029 3186 4786 2964 7667 7405 5519 7235 4116 5420 
5958 8805 6689 1123 4717 4036 1147 538 5486 6734 807 9217 8387 6814 9270 2772 7008 7344 4999 6637 1582 2300 9465 3649 1267 9869 3062 544 1019 8666 5544 6971 1006 6688 165 3098 9042 5352 3270 4424 9006 3471 3537 4878 715 8508 7603 1803 9228 4935 1275 8923 4032 2075 8071 5874 1098 6232 9276 5405 3261 4483 2267 1846 6904 9960 6297 6916 5407 972 
7471 1487 2329 8803 7137 4388 9803 1544 393 1843 96 3788 3949 3638 822 4538 5047 4605 6754 8175 5668 2533 3723 5826 8743 6079 2571 6969 5577 8787 3608 3639 6216 7800 4570 2053 6982 8372 7518 9018 1864 7755 2674 2954 7028 4569 9642 1884 122 2245 8991 3228 8629 7631 9666 2743 3960 8361 208 2469 527 5076 4227 3 1501 7092 3124 3953 5476 2609 
1510 2929 769 7056 3303 7892 6551 5660 8962 217 2559 8849 6845 323 1580 1555 4129 4188 1436 37 5296 7622 5703 2307 8624 619 4851 750 3670 6641 2059 8037 5212 4186 392 9920 1605 464 588 1013 8034 9544 1151 2133 7635 9801 4973 321 5936 8022 9223 5111 6600 9995 7690 7158 8941 9948 7327 7815 167 3660 3197 747 7836 2601 8550 9180 484 8943 
9242 4883 6890 3780 4220 7466 6960 3410 6294 5099 9688 1010 9902 241 6164 3561 5105 6463 8102 6359 9516 4984 4853 9960 2391 1988 4376 6893 7590 321 6127 8003 4643 1683 6345 747 9623 7873 8701 4303 57 2217 5771 8825 586 4742 9314 8699 8596 7213 9812 2126 1541 6613 8251 1897 172 8165 5607 4689 4391 1488 7999 8728 956 5982 7994 2171 4745 4038 
5019 7038 7809 3157 351 6047 2919 586 4657 2196 843 6556 8557 3429 3054 4711 9163 7234 4102 840 8085 2520 363 3479 8848 8607 4376 2507 4214 3687 6505 4299 6358 7581 8128 4558 5374 6159 3077 2401 4082 7243 6556 1794 9604 354 3236 8946 4673 5139 8775 6730 4147 5824 1447 9751 4703 1535 3130 6137 8163 4833 1352 4650 1442 3305 6623 8217 8569 1555 
1767 7471 2758 3440 2477 389 9002 6896 804 6640 145 6188 5815 7708 1914 8947 8115 6416 4875 7814 7475 1912 3781 9057 5265 8744 7277 2987 5935 1086 3445 3530 4227 5735 9137 6790 7379 9955 3581 952 4003 2772 9226 2361 3879 806 5285 5138 5372 2241 1956 4151 9699 5025 5786 3710 3757 7887 9149 6811 5735 5272 9293 2289 226 9790 4950 9705 2068 8265 
952 4328 611 9978 3844 7047 8653 8208 3941 6555 2751 8652 1817 3661 4123 827 9683 50 1870 1042 627 6368 2725 8039 1185 6942 4065 4889 5210 1002 9378 3248 9507 2737 7934 8551 4207 5038 2856 7259 3345 4262 4320 9730 3613 5863 7099 4824 1752 3244 4177 4831 3560 4656 641 1809 9975 5506 4575 8941 8213 5904 4177 2987 8419 5795 2814 6437 8805 2535 
6239 455 4741 8226 8675 2210 9779 6684 7008 2679 9059 2361 4785 3528 8078 6076 247 4159 2296 4903 5120 2512 5535 6040 3362 5725 7644 7028 1621 9241 4409 7144 5581 5454 5154 7325 8945 5487 6033 8457 4264 211 9449 379 7329 9067 2594 6439 9341 7821 565 962 3593 8821 2032 9447 5864 9858 7918 3865 257 224 6072 7877 4695 5064 7391 9340 2790 1611 
1371 9922 1313 3396 1548 4181 4977 1035 3800 2960 2749 685 2979 8418 2420 3748 5843 567 2642 3939 758 7643 4156 302 7127 5153 4425 7256 38 960 2402 5287 8073 6222 2632 8364 4765 4558 429 6679 6671 4260 2332 5797 3515 912 8559 5825 8388 248 6690 6679 8462 3605 8281 8048 9191 797 2645 5151 7466 7778 4502 3876 1699 8910 4726 1405 9289 6205 
5915 898 4463 369 6979 1358 1934 992 3497 6244 4368 5745 3029 6944 4111 900 7129 9692 2158 8041 4262 7030 9824 4296 344 7398 1090 5944 6136 8961 6090 7725 3195 6250 8712 2719 2612 727 3776 112 3253 8851 1764 719 8714 3755 1565 2584 4728 9119 4206 1521 1213 6330 3043 3921 5714 8527 8370 1687 7432 7634 6920 1626 3563 2950 9237 4152 2185 2418 
364 8632 8378 147 1841 5237 2832 6291 5467 5619 4634 7871 1795 7281 2465 1642 8837 8965 927 2594 8942 6910 1214 4180 4312 4324 7843 8866 4137 8915 5680 102 8800 5819 3954 9293 9143 5771 6499 3887 1240 872 9939 5146 9663 2772 4020 6717 4699 649 831 7586 1492 8789 2115 5511 1581 6138 6390 9525 9792 2660 114 2605 1969 9844 9593 8104 1495 5203 
2863 6034 5089 3117 3262 7798 833 6849 8907 457 3904 9098 4805 4146 7986 907 6799 8698 2820 1296 9090 8110 864 2447 9533 3911 8536 7787 9441 1051 6 2818 7104 2379 4001 1035 6756 337 6606 9775 7190 6926 5508 3344 6758 5573 3673 3253 3962 965 2909 7933 5362 5458 297 6742 5015 3160 2950 5633 2172 5261 9063 4307 6432 2726 5743 7212 2104 4930 
6567 3219 5962 5341 4350 1325 5131 7825 7080 2223 4329 9693 7503 8087 4153 65 9315 5416 4670 4646 5437 8273 993 518 6336 1769 90 7033 8862 8142 522 1401 8581 256 9346 74 1048 9886 2898 9511 19 617 658 2421 3043 7705 3945 8082 7423 9748 3637 7822 2008 9505 3643 9264 2776 3710 9350 5418 2690 4223 2753 7229 8793 5366 8501 657 2003 4778 
7561 1902 7581 7644 7738 6843 6749 6639 2748 3316 2409 2421 4088 7296 4454 2033 2391 6593 2615 5039 7517 8152 7337 9762 9077 7548 1632 4438 1612 1776 9395 657 1156 8921 8139 8917 2388 809 6622 8647 8107 7231 340 7527 5226 2832 346 7466 4037 259 3367 7075 9927 5664 3695 2969 9301 5151 9805 4764 3898 3273 1188 1086 248 7149 3346 6458 3461 2325 
1446 1395 7093 8947 5566 562 3286 9352 3038 6322 9912 671 5827 7539 3947 8538 3439 5963 2764 486 4304 5046 7610 146 1125 8536 5936 5824 8139 8692 1839 9556 785 6454 6314 5240 718 8429 1532 6931 1663 8023 5881 895 4070 563 8974 7516 9022 4768 8338 1657 4399 5388 2027 2552 8731 4382 3847 6838 734 452 436 818 4984 9300 1904 542 6706 9438 
261 803 1139 897 2338 6650 5453 6682 6438 3495 3681 9314 4425 4425 7642 7305 3463 5801 9313 8906 4142 4742 2628 2977 4196 4589 5170 9317 9533 6942 2725 3304 6801 1358 2162 2180 4207 6315 615 2837 9801 7528 1434 3437 8958 2206 9868 3713 5260 360 3958 1296 1512 6740 8600 3912 96 9499 3251 9795 4398 4184 6249 1148 5512 4141 1210 8013 945 925 
3476 2378 4553 825 7078 4882 9401 6073 5191 8939 7794 1854 9536 9646 5179 2696 6712 7310 7144 4337 1917 7931 1231 9671 3034 5500 7783 9853 543 3443 6542 4169 1236 5059 8218 4752 6194 5296 2751 4756 6008 8713 8470 1063 8697 958 8897 5127 8304 3627 6378 8046 4637 4826 4292 8459 7115 293 2036 4354 8201 2426 9515 2393 4378 7041 351 830 5143 236 
5534 4639 2996 173 1726 3922 9871 1138 951 9207 7999 9728 869 9727 5663 5489 7375 3261 812 869 3725 8658 8007 7820 2916 4601 6664 891 2538 740 1067 9163 3809 9766 5114 1862 9031 1525 7272 5000 4157 2769 3701 8883 5717 8636 28 8834 3803 4449 4724 3972 5333 8934 9564 1392 4327 2450 5141 5582 8394 6315 1890 5445 3166 1833 9602 3731 8883 120 
893 6263 5862 6298 6596 768 8056 4186 3547 7683 6431 47 7731 7758 6375 6511 8256 3814 5859 258 134 6495 3569 9546 6317 6356 8725 195 1981 7136 6815 1112 6510 7552 7946 2939 1150 1467 7049 5947 2815 8764 7646 5738 6995 1785 3399 7871 5249 4666 4158 4994 5249 5414 5741 2580 3833 3077 5139 1863 6054 4839 5388 1062 5679 401 6817 8490 5111 3468 
3891 3644 5209 2709 9367 4862 7959 7019 9982 4654 7491 2433 400 6287 7375 533 4622 7721 4706 693 6590 1503 3904 1009 4195 1689 5737 5246 3418 1408 9508 5666 1809 7157 8886 4058 3040 8412 4349 5831 6733 3655 7708 4506 290 6420 6683 6449 1954 7430 9984 8199 6794 1439 5896 1221 9862 9865 9804 1433 3220 2804 8652 3364 6060 6526 2786 1258 9648 5040 
8168 2000 1292 6827 4412 7182 4068 334 6622 4167 1509 4320 1498 8494 8996 1649 677 2455 6045 7621 6780 7212 6227 6448 133 8268 3933 1944 6629 6661 9701 1053 9705 710 8332 1276 1893 5666 6501 5625 3926 1099 9092 1166 1859 8382 5973 9768 5174 3101 3431 2143 1346 9741 6975 8762 4825 8493 4748 3762 917 6525 3243 415 7527 8551 9556 9269 222 4067 
6892 2546 8607 1060 2539 895 4458 8575 35 1090 4596 2950 9738 5774 3964 5081 4529 8829 6881 8559 9856 2486 6934 1015 9846 4746 8484 3521 3696 8225 5253 5402 9071 4005 3960 4275 1717 6592 3470 3692 3019 8562 2433 3204 9716 6012 880 8204 2486 8385 3738 9393 2640 8778 6742 4202 8617 3321 7706 5023 6519 721 8621 1594 1401 5569 6562 7374 8523 1497 
3849 2256 6298 2787 456 6467 5146 5512 4117 2984 8976 1824 6111 8327 8514 3459 3188 4063 8191 3074 8605 3865 822 4491 7741 3471 6778 5458 6269 3391 6888 9010 1331 6699 773 2027 8717 6754 4840 2086 1482 2204 6658 6195 7998 9101 4923 7504 9898 2483 6737 8593 2874 2263 6432 2424 5811 768 2626 4550 6219 1769 2772 2681 2434 3355 6877 2198 5550 9482 
4642 8702 6562 7552 2724 1204 6679 1859 1342 2043 1281 5250 1954 2122 488 3840 208 2565 1808 2127 903 6379 2833 8358 4167 6223 4456 2470 4576 6873 7571 1477 7427 3482 8728 9622 8896 9213 2714 3153 9281 8365 2525 2061 1071 3563 9702 3623 6040 8117 492 5096 8095 7135 5811 5410 1096 3499 5478 8191 3365 7282 9676 969 3101 9707 3128 7915 1427 5240 
9944 5942 2277 7914 9601 6519 851 474 7054 8046 4851 7437 2404 6128 5224 5664 8136 1588 5614 8533 4359 8574 2271 2310 5041 7596 8600 5814 695 839 1102 6960 5492 9588 5900 2290 9261 6130 7585 8067 7360 4951 4594 4041 3866 583 7838 3470 6070 1958 1806 5503 743 5581 9852 8499 5126 2403 7894 5394 8141 5705 3238 4704 9762 9862 7753 3250 9037 2312 
7099 9213 3721 3583 251 6598 6981 2729 6020 4711 9160 7993 5789 8744 5053 5079 4199 46 9671 7838 1982 7197 7959 8735 7683 1459 6439 8942 7467 2707 7245 384 4746 4438 7518 4597 3840 8936 9634 5736 4383 6203 230 7574 5712 2747 8494 6844 2931 8807 6697 7757 8895 5128 8425 5052 8813 2868 2491 5408 6706 2730 2978 9573 5414 1924 8411 51 4405 37 
5490 1685 2072 7416 5387 4986 1754 2158 3051 4555 3202 4291 2506 7425 3695 8247 3596 8691 5541 7230 8164 4251 9165 5544 6115 3014 3521 7510 4344 3411 8026 4042 3997 1560 2761 479 4021 922 6125 1782 1494 5798 1694 3665 1682 3508 8476 774 3308 2588 1306 5502 6988 6866 571 3530 7312 7746 3014 4691 1543 9549 7812 245 382 5252 4658 176 8800 2479 
3068 6579 7369 2068 4622 1752 7091 4082 2363 2080 3182 8588 4081 1295 5773 1054 8682 9228 8010 4716 7375 4617 4511 4743 3902 3099 5656 1561 500 3946 5677 3162 8855 1663 5007 8763 7731 1032 9878 8629 1512 6696 4616 7442 6371 879 4611 1023 3285 5329 428 8775 9616 6097 6036 6677 3468 2212 6609 8188 7557 1886 3882 2883 1792 2307 9518 5188 6300 1640 
9471 8035 9109 4309 4793 8807 5208 3176 6874 7388 6201 4686 7569 8681 2278 5593 7187 4442 714 2348 5813 1744 7630 6749 5929 7958 2214 3941 6796 4555 5136 1367 3579 4595 5374 9761 6675 1247 2161 9769 9217 7167 1282 305 3215 7101 7435 7226 7311 8534 6873 3428 1622 7746 7050 3943 7614 1111 2487 2147 3514 3982 8579 5663 8191 2008 7556 3051 9006 2230 
3326 4894 1575 3788 4410 5348 1930 604 6694 2772 4042 857 211 529 8169 616 6680 1535 8012 1472 7011 2669 7126 4494 500 7630 7579 5381 9937 9334 6311 8132 9332 5445 7164 7084 3499 3134 9060 9669 1190 1663 3289 4720 6024 3884 5371 3684 1914 245 9479 4575 2213 1402 5868 1020 4301 8030 4296 1226 3827 8921 8897 4236 5339 971 2483 3294 8494 7139 
733 8678 1591 988 9246 4838 6641 8883 8925 9183 2679 3451 7656 2364 6556 4400 8759 2397 2914 5279 9175 7461 7572 7280 2851 4729 1038 3678 7309 5062 1370 995 3854 5922 8096 5492 4387 7334 1420 6070 308 8256 3431 7186 1460 3187 531 7873 5597 1369 8806 5450 1331 3412 6545 5034 41 2706 652 8427 4705 1441 6137 8489 6115 3596 436 7576 9469 9736 
6751 1148 6781 950 3157 142 3094 1799 6662 8187 6960 4584 3971 2272 8160 9810 3154 7963 8119 168 2934 2739 1010 7888 8832 3566 5985 7804 7871 7296 3528 977 6058 4976 1384 6220 5378 3665 8039 9360 9502 1863 4212 2598 9937 7132 5340 8792 6834 7005 516 8022 1168 6786 5848 6267 7526 325 2715 8552 9195 2368 3881 1399 9791 3567 2940 1924 8143 1757 
5059 3437 5637 5582 9493 9872 7762 9070 6830 3903 4054 8250 6444 6081 3172 3399 2123 4848 2320 3024 6340 9757 2731 8160 6129 2748 5436 8092 6051 4830 4035 1076 6198 8004 3685 6176 5727 4775 8036 4785 4869 91 8315 2949 896 3064 1293 8067 6021 8309 5346 6074 7673 9239 6335 7699 4153 8177 7508 4878 1102 610 166 940 6783 3441 4294 638 6620 9580 
880 8631 9979 3713 147 7506 4650 6598 2408 8931 7007 7731 769 4047 8310 8725 7393 1667 113 2245 7553 5408 4259 3842 8181 3318 5420 6533 142 6114 6657 469 5945 2619 962 2532 7112 3482 4259 3214 7929 6792 7830 604 4783 1665 627 3850 2823 8403 4453 919 4150 6322 7468 8013 4256 2838 3999 473 5941 9908 1106 7527 2415 6415 4903 5716 3805 7595 
2064 8350 3796 5106 4519 822 5615 3812 7782 4152 9074 3902 5897 1570 2907 9415 8459 5513 9096 6786 7688 4859 8433 9480 6015 4747 9004 7341 7165 3841 1849 1719 6181 6351 482 9984 6383 8689 3522 5525 3715 3078 2127 1814 1452 2976 6465 1640 741 7641 7941 5099 4938 5695 6390 2445 8214 30 3959 379 1396 8887 9901 2883 512 468 2991 195 6015 910 
794 1998 3146 7981 7491 3448 6403 5322 4495 5103 3604 4599 559 376 7483 5393 618 6576 5315 5179 5057 8162 9522 4242 3648 3275 4737 2857 857 7163 9288 601 1749 8582 1576 118 211 7766 4319 197 3701 7071 2120 5498 1252 7868 334 2769 3952 9801 5708 5908 9606 983 1753 4700 5808 236 4320 4583 8146 4969 5355 7281 2740 782 5289 4655 4861 1389 
7050 600 7816 9963 7143 8354 8850 5485 1788 3047 1258 206 8569 1833 4445 6790 6579 6460 6132 6265 505 5613 3456 351 6651 6878 2150 4263 1349 662 5545 8593 4726 932 7606 1356 5307 91 6717 3792 3419 7857 9436 6030 3852 6479 5945 1186 770 7129 1400 9018 315 4825 9916 2701 8894 1723 391 4842 7601 1117 5900 1310 5758 7003 867 3983 9029 6536 
2747 6011 85 5235 7414 5671 2293 7277 9 7433 9379 5719 5425 1305 6559 0 5185 4070 1081 556 9909 8496 2673 2904 9093 9129 6841 6029 2428 5735 6504 2425 9365 8018 9925 9622 6154 7683 5409 5562 2069 6448 5741 2649 9049 1095 7823 7826 1455 9162 5491 8522 5180 1356 5971 6811 7824 9294 2947 6632 4148 9656 1711 1399 3529 8348 4358 1867 8646 775 
5499 6579 7091 6802 1469 9744 149 1510 8476 3898 5448 5340 7684 7172 2712 9710 7685 7536 4324 6707 7334 8840 4916 3948 4411 6006 6727 8191 8084 9225 9915 3814 5643 9475 9571 4726 6461 235 3629 831 8669 2716 8417 2622 6502 4465 1044 1 8786 3681 352 3926 1537 4086 655 1970 143 7700 4977 1394 9087 5357 7015 5821 9702 7308 3534 4105 8893 8760 
1427 2495 4333 7688 6149 3684 4068 4765 746 8831 1026 7754 7203 1163 5376 5212 4317 2236 229 6841 8831 4459 8630 329 9032 5975 2318 7037 2541 6480 5225 1362 2512 5093 7181 1127 8958 3855 5786 8841 4419 2956 6936 6169 5700 6289 6948 6465 5887 8416 1774 2695 3370 6545 1257 615 7082 3611 8914 9532 9679 1050 196 5491 2883 2375 4706 4252 1692 1122 
341 3870 6695 9288 9833 9249 6198 4829 2636 3497 2380 9338 7660 3435 8207 9468 4794 9096 4313 8219 5697 9565 7571 4669 6828 3 5571 3246 183 7189 3730 6130 9700 3435 4239 4897 3810 1220 8584 9967 7100 3368 7842 8985 6555 6139 7486 7698 349 5055 5905 9447 9650 5819 8368 1848 6423 5162 639 1766 2670 8969 8982 2178 9110 7525 5746 7008 3745 215 
2275 2541 3284 4543 3352 6496 2905 6793 9883 8364 2309 4187 9070 7099 8543 879 3753 4753 8565 2634 5181 7154 7003 7532 5889 5220 7101 2535 1941 3003 5295 8275 6221 1045 2413 6895 7018 6166 6939 289 8605 1249 8345 8589 3048 1134 924 1238 4942 3207 1118 5497 3319 3782 3802 9722 7423 3870 5482 1267 5582 419 4901 1346 8902 1631 3991 1701 3981 7448 
4666 423 1390 8794 9407 6765 9113 1668 6122 7296 2680 4689 230 8230 6212 1182 9466 1289 1088 9396 9346 2928 1459 6951 9782 9279 8328 8106 5806 1645 6413 4950 7876 9899 507 6095 9728 3627 569 8973 4248 3357 7244 4335 328 6721 2046 4040 6178 6890 8919 5723 7065 3133 6391 448 7939 5834 2044 1934 3925 819 3516 8436 4142 328 2756 904 6821 492 
2752 3477 6196 7635 8442 4937 4120 8264 6040 2197 1899 89 7483 9430 293 3902 9230 8919 8157 8676 7123 2234 2699 4719 1525 2827 6817 2227 9470 3631 1481 5084 3030 5766 3637 2245 5615 6943 2596 1559 443 654 374 3355 7875 9756 3966 3661 858 524 9999 9374 170 5783 4758 247 3704 8200 5036 5017 6512 7341 7784 1531 799 6581 9028 3214 7632 8456 
5028 6711 4536 9564 1128 8063 5726 8593 6300 7242 4189 3585 3811 3407 7321 7014 1013 5715 352 9788 3714 7027 4275 7756 3086 370 7491 6818 5605 470 2897 5238 8967 5235 4632 4239 9467 4497 1195 491 8793 5886 4168 6575 719 159 4244 8014 659 836 8795 7980 3548 5493 7685 3252 8026 8542 6564 7531 7384 7851 9342 705 249 47 4074 5147 6479 1844 
8973 2656 6223 7237 7772 8126 2631 2918 6139 8528 1168 6733 3392 8322 1017 6556 6199 4864 6525 9397 3512 9930 9164 3100 4432 5930 2987 5473 3237 7911 9033 8198 8283 4950 6652 5348 4007 7027 2237 8881 7736 5959 8297 5934 5534 1516 8381 5264 3805 6282 5782 2689 5857 5381 6525 7866 5163 9643 9579 7245 9526 3311 9778 560 2878 9892 1421 674 3913 2221 
3006 9151 3295 5363 6083 2374 3643 3420 3679 5570 9023 3853 6281 4579 3154 5406 5829 7704 8061 8228 701 2500 7380 7285 7147 4837 1044 2655 5153 81 560 2808 9192 8735 6610 9453 6843 1392 3172 5048 734 335 4903 6578 1784 7634 6989 1683 4217 2075 9186 5728 5312 9781 8267 923 5352 5843 5595 1071 5751 6839 9050 8046 5826 6549 1005 8600 1178 9736 
6604 2571 9149 1325 9026 6118 9336 827 978 6048 9613 4349 4127 3841 653 9038 686 476 4386 7297 3881 5626 4401 625 6514 7347 8723 5413 9335 830 7967 5558 3455 7317 4309 9212 3506 6788 9263 9538 770 490 723 1799 8005 1921 2244 1628 168 7347 26 1825 7779 9464 5569 7520 2116 281 4478 2056 3986 1824 4373 8419 272 5767 7380 3575 4987 5558 
5172 5553 4045 7158 7031 5605 5471 6978 3888 313 9276 8099 3826 958 3699 8385 7004 15 7052 6572 469 7110 6876 4923 5839 9283 632 9562 5308 2900 4645 2056 3952 7063 512 8355 8805 854 710 3679 7669 9262 7604 4449 3126 5135 2583 845 9734 7004 4548 6102 4852 5115 9454 1120 6089 522 5145 5498 822 4578 8185 8567 5772 8669 1914 6540 7095 6540 
7435 4348 3951 4049 1775 3270 1044 3700 9903 7955 8070 3789 9862 8909 6568 4518 2701 9067 7128 5916 1451 5525 2431 4906 5848 30 4084 1373 2023 4330 3729 5560 8893 8962 1382 1657 5446 6593 6480 4905 5663 3483 9603 2078 282 5187 5336 7670 7127 5071 9244 647 4222 6753 4426 9089 2401 4043 5619 2587 6646 4496 1319 4721 7861 5159 6888 472 9304 1604 
4115 5906 4397 3855 5206 9984 5128 5286 1659 831 2776 3096 1005 1306 5160 1445 6879 1236 7145 857 391 6128 3616 9968 3257 4735 6647 8229 5678 287 1068 645 4412 2765 5171 8151 9033 2029 5752 9714 6818 4164 9221 4761 9259 5891 3000 7023 5644 4363 3912 3381 1695 2220 2802 3830 3718 218 7091 1121 1242 2304 5488 1216 3616 454 1584 8108 8520 9137 
5536 9132 2880 1741 5568 9343 9139 3804 3507 6063 2355 394 1065 7182 6106 7492 6101 9322 7654 9696 563 4439 5352 9128 4344 5971 3750 2847 1764 8120 4382 8643 9894 4360 2688 1540 453 3774 4054 5855 9477 6298 4427 158 1498 480 3482 4979 7442 9843 804 5599 7965 6443 8060 4772 6449 2722 2622 2727 8370 5235 618 4286 6272 6374 9871 5444 2045 2643 
5700 4258 739 618 5058 3388 2638 4152 6961 4125 2787 8945 9683 4263 9732 3051 7699 4654 7646 4435 3819 1782 8594 9161 4507 6210 4145 6304 8834 9242 8041 8195 4049 2637 4152 7069 3226 8728 6439 1734 2962 777 128 338 1591 5932 5828 7834 885 5600 809 9236 6711 605 4158 2258 6609 967 5021 5440 4769 2631 5672 330 7358 6020 3606 8851 3691 3724 
9392 9414 1188 7191 9487 7889 4608 4754 5747 2023 2514 5840 5846 403 6446 8699 1316 9546 766 1514 2439 5224 3645 9213 1699 6606 2164 839 23 4325 6993 4829 2515 6040 4619 2026 2919 5619 7594 8785 8519 4503 5763 5011 9693 6373 3957 4469 853 8698 4100 7217 1969 7257 2214 6496 2416 2237 3284 4937 1355 7003 9454 7405 1358 3114 9520 351 4509 7707 
191 9987 2700 1815 2092 4159 6319 740 5957 5230 8085 47 7016 3844 1212 3296 8009 5896 3647 93 3818 7559 2587 5557 3177 5718 6003 4795 5434 3638 376 8487 2825 4228 6380 8158 1239 5732 6724 2250 4938 7201 2860 6577 3199 3573 9801 5253 9344 2733 745 699 5147 9360 5734 3813 6048 2940 1063 7899 5189 9767 8666 2451 6698 1281 7181 5386 1227 3587 
8938 4811 9177 5506 9555 3934 9614 4987 9400 5198 5315 6235 8599 2239 6932 2398 9843 755 1732 1150 5684 1896 4890 3025 9559 4246 3798 4827 2255 3009 8357 2987 8023 7481 2730 4180 7081 416 6511 3074 3703 5357 5799 9535 1626 550 7117 138 991 522 9675 1334 3539 8915 3927 4102 5266 8676 6892 2453 8284 8194 7215 599 6074 4481 5434 6158 8880 6980 
7419 9229 8437 8109 1452 9673 3774 9128 1925 7453 2288 2410 5107 3381 2836 3739 4970 99 30 699 9528 5652 1484 5764 664 4499 2215 5182 2908 3287 2923 7237 9146 1255 1360 5995 3716 7595 8524 9123 5863 621 3875 870 9036 6091 6313 3808 3968 4518 122 5432 6036 9823 7599 8199 9850 4168 2602 4116 6552 6317 1714 7455 1786 3359 2261 1706 4809 8153 
8887 9343 1718 7326 2922 5511 8254 7167 1240 9220 155 7272 3848 8148 1527 4271 1909 5634 4202 494 422 968 3549 4904 2289 6560 8711 6154 2958 8095 7734 107 7407 6253 557 6659 3632 1097 5332 3219 9416 2726 6044 4677 1543 4274 1894 2208 9219 5860 1428 5770 5895 580 6860 7613 6212 6132 6574 6662 7305 8167 6273 6120 6156 3970 1730 9116 7241 7549 
8624 9764 7174 9735 7428 9456 5574 9395 3810 752 3871 4326 7518 3697 6268 2953 5229 1912 9582 408 5312 8308 1183 5086 4992 2763 6741 4273 2867 6601 2013 9943 2264 1224 5376 8314 3386 740 340 9253 4730 928 9736 4136 6743 9380 5824 3240 3181 4177 3028 6282 8141 926 2506 2170 9235 515 298 6592 9881 2423 3244 8514 6168 927 9418 9183 6273 4064 
2270 9744 2890 7664 214 6050 1656 9332 5875 1754 1024 9690 1709 3302 1558 754 1220 2895 5128 3758 7494 8018 6964 1297 3263 8649 6034 1110 9224 5719 1727 1370 9824 6923 7307 9799 8240 8485 3091 1471 4765 3961 4844 2640 5316 3676 5343 438 9300 892 9581 783 8528 3293 6591 9345 1429 896 3338 2913 9251 3957 8670 1008 3494 6998 7780 75 6278 7514 
162 5123 7867 485 6510 6121 8073 2264 2555 9029 754 9949 282 3785 3132 4821 9518 4096 4132 955 5342 6385 8487 2588 9301 7730 5804 6336 4889 5141 6325 6866 266 1018 7589 7106 3673 2133 8731 6586 9537 1986 1621 4010 5702 8867 565 2657 4781 4483 4794 9686 5085 478 452 2957 9102 2699 1309 1459 9995 5553 9906 7928 9080 1295 3366 4762 9764 1584 
577 6815 5912 1171 9972 7176 5092 6037 9621 4516 9698 848 3867 3101 1389 3053 3196 9066 6838 3481 6593 9045 5240 5773 8081 9740 563 9497 1669 9543 3996 4287 1427 5783 4583 4856 5906 3704 8486 9210 8625 5768 9869 4936 8836 2373 8859 876 9300 7576 4553 4049 273 5929 3548 4167 1439 9000 6955 573 5996 2699 1362 8962 3628 8976 1735 7716 1558 8005 
6697 6207 5430 9439 9174 9902 4217 3828 7878 9620 5879 7802 7572 4785 2999 9102 8624 3011 101 64 8777 881 6879 636 2638 3233 4058 4539 6836 835 1090 4650 1321 8756 7424 6210 9776 305 1555 8948 4612 3865 4576 1714 4504 2472 7449 5712 4953 8485 3719 4941 4831 8182 1880 4913 4380 3634 4128 3269 2633 1702 698 8363 4735 2489 1524 4421 2117 2109 
9429 4375 1008 7094 1567 3940 7235 304 8334 3061 7803 676 1476 3297 2203 1645 5592 2250 8925 5602 9778 8625 5154 4211 8608 4026 96 6948 4180 67 4922 2687 3448 1902 4795 1699 7558 1765 937 7879 2396 8610 3223 3576 2087 2457 6255 1846 9640 4519 4393 3482 1482 6716 3711 8665 5078 6677 1344 5577 1371 6798 5197 818 6252 8483 9482 8978 7788 5128 
4060 1201 8409 9974 8043 5085 3798 7400 635 764 2681 8750 4684 524 4243 6312 895 1771 2396 1510 3200 5729 8608 5923 8227 6684 7513 6224 4360 9135 2025 6626 8336 2682 7176 4926 9873 7007 4386 760 7271 1789 400 7131 9479 8886 7595 8838 2579 6643 4883 3875 1165 8662 936 6404 7582 1878 3934 2392 4500 1280 4571 1511 8778 1138 1533 1394 7105 5056 
1159 2829 6370 9713 5518 7002 4241 9630 5605 8373 7917 2801 8890 9280 1522 9542 2927 4862 5111 9395 9248 9405 757 3429 4257 7693 3682 1793 6347 7463 8915 8848 957 1556 6423 736 7783 864 213 2727 6870 1656 9343 6173 2799 3386 1335 7440 8688 5572 944 3639 4222 4842 9764 2505 4446 5737 4623 6276 8518 1374 5255 1907 151 2545 4202 2466 3977 6371 
4422 7051 4520 8079 2575 9090 7025 2013 8449 5332 1853 467 3493 419 6652 1435 3937 4336 3033 8864 6458 2624 6972 1524 6863 1666 4643 9057 4757 3913 7912 6335 9672 386 6213 9692 6611 291 4012 1136 1492 103 5592 9136 9452 6950 1365 7074 1474 3659 2443 2952 7327 5278 2673 6466 5256 9459 9866 2007 1425 5497 431 8723 4553 9419 4141 1201 3729 4923 
8237 6887 9872 2541 2602 8824 3794 1856 221 4804 6353 4113 9633 6535 8647 5088 8611 4910 2732 529 784 9970 5818 9043 9410 6658 3432 9744 5027 9968 9490 4536 6207 5554 3777 7344 5115 4431 9775 5162 2111 2827 8332 8247 6090 803 5121 9307 9810 5723 2371 4027 1895 9173 7834 7782 9753 8422 6460 5863 123 6011 2735 7089 6460 3581 4178 3113 4892 8515 
