100
0 313 8610 2025 2729 6716 3186 1617 3722 4256 820 4747 705 8408 597 2932 9172 3679 7746 3279 6976 8441 7179 3066 1626 3294 4660 2466 8256 2790 4817 1491 8743 2872 7727 9764 4925 8879 8272 202 1410 1435 5008 216 5929 96 7744 6506 7704 7081 5575 2060 6810 5928 9554 6440 9983 2437 6761 2956 858 7723 4952 8816 5099 5733 9531 6848 3387 76 7053 9889 7740 7495 1977 1436 9135 7841 5892 8647 6893 2878 936 6289 2800 8771 1612 2731 5436 9607 1743 1570 2681 1774 5767 4981 2851 1559 6097 7396 
7464 803 763 597 1065 7955 8058 3816 6120 4368 7408 4939 3412 8188 8170 1413 934 671 602 1939 6729 2274 5703 2544 3658 8370 3145 3148 6564 6922 9029 3186 4786 2964 7667 7405 5519 7235 4116 5420 5958 8805 6689 1123 4717 4036 1147 538 5486 6734 807 9217 8387 6814 9270 2772 7008 7344 4999 6637 1582 2300 9465 3649 1267 9869 3062 544 1019 8666 5544 6971 1006 6688 165 3098 9042 5352 3270 4424 9006 3471 3537 4878 715 8508 7603 1803 9228 4935 1275 8923 4032 2075 8071 5874 1098 6232 9276 5405 
3261 4483 2267 1846 6904 9960 6297 6916 5407 972 7471 1487 2329 8803 7137 4388 9803 1544 393 1843 96 3788 3949 3638 822 4538 5047 4605 6754 8175 5668 2533 3723 5826 8743 6079 2571 6969 5577 8787 3608 3639 6216 7800 4570 2053 6982 8372 7518 9018 1864 7755 2674 2954 7028 4569 9642 1884 122 2245 8991 3228 8629 7631 9666 2743 3960 8361 208 2469 527 5076 4227 3 1501 7092 3124 3953 5476 2609 1510 2929 769 7056 3303 7892 6551 5660 8962 217 2559 8849 6845 323 1580 1555 4129 4188 1436 37 
5296 7622 5703 2307 8624 619 4851 750 3670 6641 2059 8037 5212 4186 392 9920 1605 464 588 1013 8034 9544 1151 2133 7635 9801 4973 321 5936 8022 9223 5111 6600 9995 7690 7158 8941 9948 7327 7815 167 3660 3197 747 7836 2601 8550 9180 484 8943 9242 4883 6890 3780 4220 7466 6960 3410 6294 5099 9688 1010 9902 241 6164 3561 5105 6463 8102 6359 9516 4984 4853 9960 2391 1988 4376 6893 7590 321 6127 8003 4643 1683 6345 747 9623 7873 8701 4303 57 2217 5771 8825 586 4742 9314 8699 8596 7213 
9812 2126 1541 6613 8251 1897 172 8165 5607 4689 4391 1488 7999 8728 956 5982 7994 2171 4745 4038 5019 7038 7809 3157 351 6047 2919 586 4657 2196 843 6556 8557 3429 3054 4711 9163 7234 4102 840 8085 2520 363 3479 8848 8607 4376 2507 4214 3687 6505 4299 6358 7581 8128 4558 5374 6159 3077 2401 4082 7243 6556 1794 9604 354 3236 8946 4673 5139 8775 6730 4147 5824 1447 9751 4703 1535 3130 6137 8163 4833 1352 4650 1442 3305 6623 8217 8569 1555 1767 7471 2758 3440 2477 389 9002 6896 804 6640 
145 6188 5815 7708 1914 8947 8115 6416 4875 7814 7475 1912 3781 9057 5265 8744 7277 2987 5935 1086 3445 3530 4227 5735 9137 6790 7379 9955 3581 952 4003 2772 9226 2361 3879 806 5285 5138 5372 2241 1956 4151 9699 5025 5786 3710 3757 7887 9149 6811 5735 5272 9293 2289 226 9790 4950 9705 2068 8265 952 4328 611 9978 3844 7047 8653 8208 3941 6555 2751 8652 1817 3661 4123 827 9683 50 1870 1042 627 6368 2725 8039 1185 6942 4065 4889 5210 1002 9378 3248 9507 2737 7934 8551 4207 5038 2856 7259 
3345 4262 4320 9730 3613 5863 7099 4824 1752 3244 4177 4831 3560 4656 641 1809 9975 5506 4575 8941 8213 5904 4177 2987 8419 5795 2814 6437 8805 2535 6239 455 4741 8226 8675 2210 9779 6684 7008 2679 9059 2361 4785 3528 8078 6076 247 4159 2296 4903 5120 2512 5535 6040 3362 5725 7644 7028 1621 9241 4409 7144 5581 5454 5154 7325 8945 5487 6033 8457 4264 211 9449 379 7329 9067 2594 6439 9341 7821 565 962 3593 8821 2032 9447 5864 9858 7918 3865 257 224 6072 7877 4695 5064 7391 9340 2790 1611 
1371 9922 1313 3396 1548 4181 4977 1035 3800 2960 2749 685 2979 8418 2420 3748 5843 567 2642 3939 758 7643 4156 302 7127 5153 4425 7256 38 960 2402 5287 8073 6222 2632 8364 4765 4558 429 6679 6671 4260 2332 5797 3515 912 8559 5825 8388 248 6690 6679 8462 3605 8281 8048 9191 797 2645 5151 7466 7778 4502 3876 1699 8910 4726 1405 9289 6205 5915 898 4463 369 6979 1358 1934 992 3497 6244 4368 5745 3029 6944 4111 900 7129 9692 2158 8041 4262 7030 9824 4296 344 7398 1090 5944 6136 8961 
6090 7725 3195 6250 8712 2719 2612 727 3776 112 3253 8851 1764 719 8714 3755 1565 2584 4728 9119 4206 1521 1213 6330 3043 3921 5714 8527 8370 1687 7432 7634 6920 1626 3563 2950 9237 4152 2185 2418 364 8632 8378 147 1841 5237 2832 6291 5467 5619 4634 7871 1795 7281 2465 1642 8837 8965 927 2594 8942 6910 1214 4180 4312 4324 7843 8866 4137 8915 5680 102 8800 5819 3954 9293 9143 5771 6499 3887 1240 872 9939 5146 9663 2772 4020 6717 4699 649 831 7586 1492 8789 2115 5511 1581 6138 6390 9525 
9792 2660 114 2605 1969 9844 9593 8104 1495 5203 2863 6034 5089 3117 3262 7798 833 6849 8907 457 3904 9098 4805 4146 7986 907 6799 8698 2820 1296 9090 8110 864 2447 9533 3911 8536 7787 9441 1051 6 2818 7104 2379 4001 1035 6756 337 6606 9775 7190 6926 5508 3344 6758 5573 3673 3253 3962 965 2909 7933 5362 5458 297 6742 5015 3160 2950 5633 2172 5261 9063 4307 6432 2726 5743 7212 2104 4930 6567 3219 5962 5341 4350 1325 5131 7825 7080 2223 4329 9693 7503 8087 4153 65 9315 5416 4670 4646 
5437 8273 993 518 6336 1769 90 7033 8862 8142 522 1401 8581 256 9346 74 1048 9886 2898 9511 19 617 658 2421 3043 7705 3945 8082 7423 9748 3637 7822 2008 9505 3643 9264 2776 3710 9350 5418 2690 4223 2753 7229 8793 5366 8501 657 2003 4778 7561 1902 7581 7644 7738 6843 6749 6639 2748 3316 2409 2421 4088 7296 4454 2033 2391 6593 2615 5039 7517 8152 7337 9762 9077 7548 1632 4438 1612 1776 9395 657 1156 8921 8139 8917 2388 809 6622 8647 8107 7231 340 7527 5226 2832 346 7466 4037 259 
3367 7075 9927 5664 3695 2969 9301 5151 9805 4764 3898 3273 1188 1086 248 7149 3346 6458 3461 2325 1446 1395 7093 8947 5566 562 3286 9352 3038 6322 9912 671 5827 7539 3947 8538 3439 5963 2764 486 4304 5046 7610 146 1125 8536 5936 5824 8139 8692 1839 9556 785 6454 6314 5240 718 8429 1532 6931 1663 8023 5881 895 4070 563 8974 7516 9022 4768 8338 1657 4399 5388 2027 2552 8731 4382 3847 6838 734 452 436 818 4984 9300 1904 542 6706 9438 261 803 1139 897 2338 6650 5453 6682 6438 3495 
3681 9314 4425 4425 7642 7305 3463 5801 9313 8906 4142 4742 2628 2977 4196 4589 5170 9317 9533 6942 2725 3304 6801 1358 2162 2180 4207 6315 615 2837 9801 7528 1434 3437 8958 2206 9868 3713 5260 360 3958 1296 1512 6740 8600 3912 96 9499 3251 9795 4398 4184 6249 1148 5512 4141 1210 8013 945 925 3476 2378 4553 825 7078 4882 9401 6073 5191 8939 7794 1854 9536 9646 5179 2696 6712 7310 7144 4337 1917 7931 1231 9671 3034 5500 7783 9853 543 3443 6542 4169 1236 5059 8218 4752 6194 5296 2751 4756 
6008 8713 8470 1063 8697 958 8897 5127 8304 3627 6378 8046 4637 4826 4292 8459 7115 293 2036 4354 8201 2426 9515 2393 4378 7041 351 830 5143 236 5534 4639 2996 173 1726 3922 9871 1138 951 9207 7999 9728 869 9727 5663 5489 7375 3261 812 869 3725 8658 8007 7820 2916 4601 6664 891 2538 740 1067 9163 3809 9766 5114 1862 9031 1525 7272 5000 4157 2769 3701 8883 5717 8636 28 8834 3803 4449 4724 3972 5333 8934 9564 1392 4327 2450 5141 5582 8394 6315 1890 5445 3166 1833 9602 3731 8883 120 
893 6263 5862 6298 6596 768 8056 4186 3547 7683 6431 47 7731 7758 6375 6511 8256 3814 5859 258 134 6495 3569 9546 6317 6356 8725 195 1981 7136 6815 1112 6510 7552 7946 2939 1150 1467 7049 5947 2815 8764 7646 5738 6995 1785 3399 7871 5249 4666 4158 4994 5249 5414 5741 2580 3833 3077 5139 1863 6054 4839 5388 1062 5679 401 6817 8490 5111 3468 3891 3644 5209 2709 9367 4862 7959 7019 9982 4654 7491 2433 400 6287 7375 533 4622 7721 4706 693 6590 1503 3904 1009 4195 1689 5737 5246 3418 1408 
9508 5666 1809 7157 8886 4058 3040 8412 4349 5831 6733 3655 7708 4506 290 6420 6683 6449 1954 7430 9984 8199 6794 1439 5896 1221 9862 9865 9804 1433 3220 2804 8652 3364 6060 6526 2786 1258 9648 5040 8168 2000 1292 6827 4412 7182 4068 334 6622 4167 1509 4320 1498 8494 8996 1649 677 2455 6045 7621 6780 7212 6227 6448 133 8268 3933 1944 6629 6661 9701 1053 9705 710 8332 1276 1893 5666 6501 5625 3926 1099 9092 1166 1859 8382 5973 9768 5174 3101 3431 2143 1346 9741 6975 8762 4825 8493 4748 3762 
917 6525 3243 415 7527 8551 9556 9269 222 4067 6892 2546 8607 1060 2539 895 4458 8575 35 1090 4596 2950 9738 5774 3964 5081 4529 8829 6881 8559 9856 2486 6934 1015 9846 4746 8484 3521 3696 8225 5253 5402 9071 4005 3960 4275 1717 6592 3470 3692 3019 8562 2433 3204 9716 6012 880 8204 2486 8385 3738 9393 2640 8778 6742 4202 8617 3321 7706 5023 6519 721 8621 1594 1401 5569 6562 7374 8523 1497 3849 2256 6298 2787 456 6467 5146 5512 4117 2984 8976 1824 6111 8327 8514 3459 3188 4063 8191 3074 
8605 3865 822 4491 7741 3471 6778 5458 6269 3391 6888 9010 1331 6699 773 2027 8717 6754 4840 2086 1482 2204 6658 6195 7998 9101 4923 7504 9898 2483 6737 8593 2874 2263 6432 2424 5811 768 2626 4550 6219 1769 2772 2681 2434 3355 6877 2198 5550 9482 4642 8702 6562 7552 2724 1204 6679 1859 1342 2043 1281 5250 1954 2122 488 3840 208 2565 1808 2127 903 6379 2833 8358 4167 6223 4456 2470 4576 6873 7571 1477 7427 3482 8728 9622 8896 9213 2714 3153 9281 8365 2525 2061 1071 3563 9702 3623 6040 8117 
492 5096 8095 7135 5811 5410 1096 3499 5478 8191 3365 7282 9676 969 3101 9707 3128 7915 1427 5240 9944 5942 2277 7914 9601 6519 851 474 7054 8046 4851 7437 2404 6128 5224 5664 8136 1588 5614 8533 4359 8574 2271 2310 5041 7596 8600 5814 695 839 1102 6960 5492 9588 5900 2290 9261 6130 7585 8067 7360 4951 4594 4041 3866 583 7838 3470 6070 1958 1806 5503 743 5581 9852 8499 5126 2403 7894 5394 8141 5705 3238 4704 9762 9862 7753 3250 9037 2312 7099 9213 3721 3583 251 6598 6981 2729 6020 4711 
9160 7993 5789 8744 5053 5079 4199 46 9671 7838 1982 7197 7959 8735 7683 1459 6439 8942 7467 2707 7245 384 4746 4438 7518 4597 3840 8936 9634 5736 4383 6203 230 7574 5712 2747 8494 6844 2931 8807 6697 7757 8895 5128 8425 5052 8813 2868 2491 5408 6706 2730 2978 9573 5414 1924 8411 51 4405 37 5490 1685 2072 7416 5387 4986 1754 2158 3051 4555 3202 4291 2506 7425 3695 8247 3596 8691 5541 7230 8164 4251 9165 5544 6115 3014 3521 7510 4344 3411 8026 4042 3997 1560 2761 479 4021 922 6125 1782 
1494 5798 1694 3665 1682 3508 8476 774 3308 2588 1306 5502 6988 6866 571 3530 7312 7746 3014 4691 1543 9549 7812 245 382 5252 4658 176 8800 2479 3068 6579 7369 2068 4622 1752 7091 4082 2363 2080 3182 8588 4081 1295 5773 1054 8682 9228 8010 4716 7375 4617 4511 4743 3902 3099 5656 1561 500 3946 5677 3162 8855 1663 5007 8763 7731 1032 9878 8629 1512 6696 4616 7442 6371 879 4611 1023 3285 5329 428 8775 9616 6097 6036 6677 3468 2212 6609 8188 7557 1886 3882 2883 1792 2307 9518 5188 6300 1640 
9471 8035 9109 4309 4793 8807 5208 3176 6874 7388 6201 4686 7569 8681 2278 5593 7187 4442 714 2348 5813 1744 7630 6749 5929 7958 2214 3941 6796 4555 5136 1367 3579 4595 5374 9761 6675 1247 2161 9769 9217 7167 1282 305 3215 7101 7435 7226 7311 8534 6873 3428 1622 7746 7050 3943 7614 1111 2487 2147 3514 3982 8579 5663 8191 2008 7556 3051 9006 2230 3326 4894 1575 3788 4410 5348 1930 604 6694 2772 4042 857 211 529 8169 616 6680 1535 8012 1472 7011 2669 7126 4494 500 7630 7579 5381 9937 9334 
6311 8132 9332 5445 7164 7084 3499 3134 9060 9669 1190 1663 3289 4720 6024 3884 5371 3684 1914 245 9479 4575 2213 1402 5868 1020 4301 8030 4296 1226 3827 8921 8897 4236 5339 971 2483 3294 8494 7139 733 8678 1591 988 9246 4838 6641 8883 8925 9183 2679 3451 7656 2364 6556 4400 8759 2397 2914 5279 9175 7461 7572 7280 2851 4729 1038 3678 7309 5062 1370 995 3854 5922 8096 5492 4387 7334 1420 6070 308 8256 3431 7186 1460 3187 531 7873 5597 1369 8806 5450 1331 3412 6545 5034 41 2706 652 8427 
4705 1441 6137 8489 6115 3596 436 7576 9469 9736 6751 1148 6781 950 3157 142 3094 1799 6662 8187 6960 4584 3971 2272 8160 9810 3154 7963 8119 168 2934 2739 1010 7888 8832 3566 5985 7804 7871 7296 3528 977 6058 4976 1384 6220 5378 3665 8039 9360 9502 1863 4212 2598 9937 7132 5340 8792 6834 7005 516 8022 1168 6786 5848 6267 7526 325 2715 8552 9195 2368 3881 1399 9791 3567 2940 1924 8143 1757 5059 3437 5637 5582 9493 9872 7762 9070 6830 3903 4054 8250 6444 6081 3172 3399 2123 4848 2320 3024 
6340 9757 2731 8160 6129 2748 5436 8092 6051 4830 4035 1076 6198 8004 3685 6176 5727 4775 8036 4785 4869 91 8315 2949 896 3064 1293 8067 6021 8309 5346 6074 7673 9239 6335 7699 4153 8177 7508 4878 1102 610 166 940 6783 3441 4294 638 6620 9580 880 8631 9979 3713 147 7506 4650 6598 2408 8931 7007 7731 769 4047 8310 8725 7393 1667 113 2245 7553 5408 4259 3842 8181 3318 5420 6533 142 6114 6657 469 5945 2619 962 2532 7112 3482 4259 3214 7929 6792 7830 604 4783 1665 627 3850 2823 8403 
4453 919 4150 6322 7468 8013 4256 2838 3999 473 5941 9908 1106 7527 2415 6415 4903 5716 3805 7595 2064 8350 3796 5106 4519 822 5615 3812 7782 4152 9074 3902 5897 1570 2907 9415 8459 5513 9096 6786 7688 4859 8433 9480 6015 4747 9004 7341 7165 3841 1849 1719 6181 6351 482 9984 6383 8689 3522 5525 3715 3078 2127 1814 1452 2976 6465 1640 741 7641 7941 5099 4938 5695 6390 2445 8214 30 3959 379 1396 8887 9901 2883 512 468 2991 195 6015 910 794 1998 3146 7981 7491 3448 6403 5322 4495 5103 
3604 4599 559 376 7483 5393 618 6576 5315 5179 5057 8162 9522 4242 3648 3275 4737 2857 857 7163 9288 601 1749 8582 1576 118 211 7766 4319 197 3701 7071 2120 5498 1252 7868 334 2769 3952 9801 5708 5908 9606 983 1753 4700 5808 236 4320 4583 8146 4969 5355 7281 2740 782 5289 4655 4861 1389 7050 600 7816 9963 7143 8354 8850 5485 1788 3047 1258 206 8569 1833 4445 6790 6579 6460 6132 6265 505 5613 3456 351 6651 6878 2150 4263 1349 662 5545 8593 4726 932 7606 1356 5307 91 6717 3792 
3419 7857 9436 6030 3852 6479 5945 1186 770 7129 1400 9018 315 4825 9916 2701 8894 1723 391 4842 7601 1117 5900 1310 5758 7003 867 3983 9029 6536 2747 6011 85 5235 7414 5671 2293 7277 9 7433 9379 5719 5425 1305 6559 0 5185 4070 1081 556 9909 8496 2673 2904 9093 9129 6841 6029 2428 5735 6504 2425 9365 8018 9925 9622 6154 7683 5409 5562 2069 6448 5741 2649 9049 1095 7823 7826 1455 9162 5491 8522 5180 1356 5971 6811 7824 9294 2947 6632 4148 9656 1711 1399 3529 8348 4358 1867 8646 775 
5499 6579 7091 6802 1469 9744 149 1510 8476 3898 5448 5340 7684 7172 2712 9710 7685 7536 4324 6707 7334 8840 4916 3948 4411 6006 6727 8191 8084 9225 9915 3814 5643 9475 9571 4726 6461 235 3629 831 8669 2716 8417 2622 6502 4465 1044 1 8786 3681 352 3926 1537 4086 655 1970 143 7700 4977 1394 9087 5357 7015 5821 9702 7308 3534 4105 8893 8760 1427 2495 4333 7688 6149 3684 4068 4765 746 8831 1026 7754 7203 1163 5376 5212 4317 2236 229 6841 8831 4459 8630 329 9032 5975 2318 7037 2541 6480 
5225 1362 2512 5093 7181 1127 8958 3855 5786 8841 4419 2956 6936 6169 5700 6289 6948 6465 5887 8416 1774 2695 3370 6545 1257 615 7082 3611 8914 9532 9679 1050 196 5491 2883 2375 4706 4252 1692 1122 341 3870 6695 9288 9833 9249 6198 4829 2636 3497 2380 9338 7660 3435 8207 9468 4794 9096 4313 8219 5697 9565 7571 4669 6828 3 5571 3246 183 7189 3730 6130 9700 3435 4239 4897 3810 1220 8584 9967 7100 3368 7842 8985 6555 6139 7486 7698 349 5055 5905 9447 9650 5819 8368 1848 6423 5162 639 1766 
2670 8969 8982 2178 9110 7525 5746 7008 3745 215 2275 2541 3284 4543 3352 6496 2905 6793 9883 8364 2309 4187 9070 7099 8543 879 3753 4753 8565 2634 5181 7154 7003 7532 5889 5220 7101 2535 1941 3003 5295 8275 6221 1045 2413 6895 7018 6166 6939 289 8605 1249 8345 8589 3048 1134 924 1238 4942 3207 1118 5497 3319 3782 3802 9722 7423 3870 5482 1267 5582 419 4901 1346 8902 1631 3991 1701 3981 7448 4666 423 1390 8794 9407 6765 9113 1668 6122 7296 2680 4689 230 8230 6212 1182 9466 1289 1088 9396 
9346 2928 1459 6951 9782 9279 8328 8106 5806 1645 6413 4950 7876 9899 507 6095 9728 3627 569 8973 4248 3357 7244 4335 328 6721 2046 4040 6178 6890 8919 5723 7065 3133 6391 448 7939 5834 2044 1934 3925 819 3516 8436 4142 328 2756 904 6821 492 2752 3477 6196 7635 8442 4937 4120 8264 6040 2197 1899 89 7483 9430 293 3902 9230 8919 8157 8676 7123 2234 2699 4719 1525 2827 6817 2227 9470 3631 1481 5084 3030 5766 3637 2245 5615 6943 2596 1559 443 654 374 3355 7875 9756 3966 3661 858 524 
9999 9374 170 5783 4758 247 3704 8200 5036 5017 6512 7341 7784 1531 799 6581 9028 3214 7632 8456 5028 6711 4536 9564 1128 8063 5726 8593 6300 7242 4189 3585 3811 3407 7321 7014 1013 5715 352 9788 3714 7027 4275 7756 3086 370 7491 6818 5605 470 2897 5238 8967 5235 4632 4239 9467 4497 1195 491 8793 5886 4168 6575 719 159 4244 8014 659 836 8795 7980 3548 5493 7685 3252 8026 8542 6564 7531 7384 7851 9342 705 249 47 4074 5147 6479 1844 8973 2656 6223 7237 7772 8126 2631 2918 6139 8528 
1168 6733 3392 8322 1017 6556 6199 4864 6525 9397 3512 9930 9164 3100 4432 5930 2987 5473 3237 7911 9033 8198 8283 4950 6652 5348 4007 7027 2237 8881 7736 5959 8297 5934 5534 1516 8381 5264 3805 6282 5782 2689 5857 5381 6525 7866 5163 9643 9579 7245 9526 3311 9778 560 2878 9892 1421 674 3913 2221 3006 9151 3295 5363 6083 2374 3643 3420 3679 5570 9023 3853 6281 4579 3154 5406 5829 7704 8061 8228 701 2500 7380 7285 7147 4837 1044 2655 5153 81 560 2808 9192 8735 6610 9453 6843 1392 3172 5048 
734 335 4903 6578 1784 7634 6989 1683 4217 2075 9186 5728 5312 9781 8267 923 5352 5843 5595 1071 5751 6839 9050 8046 5826 6549 1005 8600 1178 9736 6604 2571 9149 1325 9026 6118 9336 827 978 6048 9613 4349 4127 3841 653 9038 686 476 4386 7297 3881 5626 4401 625 6514 7347 8723 5413 9335 830 7967 5558 3455 7317 4309 9212 3506 6788 9263 9538 770 490 723 1799 8005 1921 2244 1628 168 7347 26 1825 7779 9464 5569 7520 2116 281 4478 2056 3986 1824 4373 8419 272 5767 7380 3575 4987 5558 
5172 5553 4045 7158 7031 5605 5471 6978 3888 313 9276 8099 3826 958 3699 8385 7004 15 7052 6572 469 7110 6876 4923 5839 9283 632 9562 5308 2900 4645 2056 3952 7063 512 8355 8805 854 710 3679 7669 9262 7604 4449 3126 5135 2583 845 9734 7004 4548 6102 4852 5115 9454 1120 6089 522 5145 5498 822 4578 8185 8567 5772 8669 1914 6540 7095 6540 7435 4348 3951 4049 1775 3270 1044 3700 9903 7955 8070 3789 9862 8909 6568 4518 2701 9067 7128 5916 1451 5525 2431 4906 5848 30 4084 1373 2023 4330 
3729 5560 8893 8962 1382 1657 5446 6593 6480 4905 5663 3483 9603 2078 282 5187 5336 7670 7127 5071 9244 647 4222 6753 4426 9089 2401 4043 5619 2587 6646 4496 1319 4721 7861 5159 6888 472 9304 1604 4115 5906 4397 3855 5206 9984 5128 5286 1659 831 2776 3096 1005 1306 5160 1445 6879 1236 7145 857 391 6128 3616 9968 3257 4735 6647 8229 5678 287 1068 645 4412 2765 5171 8151 9033 2029 5752 9714 6818 4164 9221 4761 9259 5891 3000 7023 5644 4363 3912 3381 1695 2220 2802 3830 3718 218 7091 1121 
1242 2304 5488 1216 3616 454 1584 8108 8520 9137 5536 9132 2880 1741 5568 9343 9139 3804 3507 6063 2355 394 1065 7182 6106 7492 6101 9322 7654 9696 563 4439 5352 9128 4344 5971 3750 2847 1764 8120 4382 8643 9894 4360 2688 1540 453 3774 4054 5855 9477 6298 4427 158 1498 480 3482 4979 7442 9843 804 5599 7965 6443 8060 4772 6449 2722 2622 2727 8370 5235 618 4286 6272 6374 9871 5444 2045 2643 5700 4258 739 618 5058 3388 2638 4152 6961 4125 2787 8945 9683 4263 9732 3051 7699 4654 7646 4435 
3819 1782 8594 9161 4507 6210 4145 6304 8834 9242 8041 8195 4049 2637 4152 7069 3226 8728 6439 1734 2962 777 128 338 1591 5932 5828 7834 885 5600 809 9236 6711 605 4158 2258 6609 967 5021 5440 4769 2631 5672 330 7358 6020 3606 8851 3691 3724 9392 9414 1188 7191 9487 7889 4608 4754 5747 2023 2514 5840 5846 403 6446 8699 1316 9546 766 1514 2439 5224 3645 9213 1699 6606 2164 839 23 4325 6993 4829 2515 6040 4619 2026 2919 5619 7594 8785 8519 4503 5763 5011 9693 6373 3957 4469 853 8698 
4100 7217 1969 7257 2214 6496 2416 2237 3284 4937 1355 7003 9454 7405 1358 3114 9520 351 4509 7707 191 9987 2700 1815 2092 4159 6319 740 5957 5230 8085 47 7016 3844 1212 3296 8009 5896 3647 93 3818 7559 2587 5557 3177 5718 6003 4795 5434 3638 376 8487 2825 4228 6380 8158 1239 5732 6724 2250 4938 7201 2860 6577 3199 3573 9801 5253 9344 2733 745 699 5147 9360 5734 3813 6048 2940 1063 7899 5189 9767 8666 2451 6698 1281 7181 5386 1227 3587 8938 4811 9177 5506 9555 3934 9614 4987 9400 5198 
5315 6235 8599 2239 6932 2398 9843 755 1732 1150 5684 1896 4890 3025 9559 4246 3798 4827 2255 3009 8357 2987 8023 7481 2730 4180 7081 416 6511 3074 3703 5357 5799 9535 1626 550 7117 138 991 522 9675 1334 3539 8915 3927 4102 5266 8676 6892 2453 8284 8194 7215 599 6074 4481 5434 6158 8880 6980 7419 9229 8437 8109 1452 9673 3774 9128 1925 7453 2288 2410 5107 3381 2836 3739 4970 99 30 699 9528 5652 1484 5764 664 4499 2215 5182 2908 3287 2923 7237 9146 1255 1360 5995 3716 7595 8524 9123 
5863 621 3875 870 9036 6091 6313 3808 3968 4518 122 5432 6036 9823 7599 8199 9850 4168 2602 4116 6552 6317 1714 7455 1786 3359 2261 1706 4809 8153 8887 9343 1718 7326 2922 5511 8254 7167 1240 9220 155 7272 3848 8148 1527 4271 1909 5634 4202 494 422 968 3549 4904 2289 6560 8711 6154 2958 8095 7734 107 7407 6253 557 6659 3632 1097 5332 3219 9416 2726 6044 4677 1543 4274 1894 2208 9219 5860 1428 5770 5895 580 6860 7613 6212 6132 6574 6662 7305 8167 6273 6120 6156 3970 1730 9116 7241 7549 
8624 9764 7174 9735 7428 9456 5574 9395 3810 752 3871 4326 7518 3697 6268 2953 5229 1912 9582 408 5312 8308 1183 5086 4992 2763 6741 4273 2867 6601 2013 9943 2264 1224 5376 8314 3386 740 340 9253 4730 928 9736 4136 6743 9380 5824 3240 3181 4177 3028 6282 8141 926 2506 2170 9235 515 298 6592 9881 2423 3244 8514 6168 927 9418 9183 6273 4064 2270 9744 2890 7664 214 6050 1656 9332 5875 1754 1024 9690 1709 3302 1558 754 1220 2895 5128 3758 7494 8018 6964 1297 3263 8649 6034 1110 9224 5719 
1727 1370 9824 6923 7307 9799 8240 8485 3091 1471 4765 3961 4844 2640 5316 3676 5343 438 9300 892 9581 783 8528 3293 6591 9345 1429 896 3338 2913 9251 3957 8670 1008 3494 6998 7780 75 6278 7514 162 5123 7867 485 6510 6121 8073 2264 2555 9029 754 9949 282 3785 3132 4821 9518 4096 4132 955 5342 6385 8487 2588 9301 7730 5804 6336 4889 5141 6325 6866 266 1018 7589 7106 3673 2133 8731 6586 9537 1986 1621 4010 5702 8867 565 2657 4781 4483 4794 9686 5085 478 452 2957 9102 2699 1309 1459 
9995 5553 9906 7928 9080 1295 3366 4762 9764 1584 577 6815 5912 1171 9972 7176 5092 6037 9621 4516 9698 848 3867 3101 1389 3053 3196 9066 6838 3481 6593 9045 5240 5773 8081 9740 563 9497 1669 9543 3996 4287 1427 5783 4583 4856 5906 3704 8486 9210 8625 5768 9869 4936 8836 2373 8859 876 9300 7576 4553 4049 273 5929 3548 4167 1439 9000 6955 573 5996 2699 1362 8962 3628 8976 1735 7716 1558 8005 6697 6207 5430 9439 9174 9902 4217 3828 7878 9620 5879 7802 7572 4785 2999 9102 8624 3011 101 64 
8777 881 6879 636 2638 3233 4058 4539 6836 835 1090 4650 1321 8756 7424 6210 9776 305 1555 8948 4612 3865 4576 1714 4504 2472 7449 5712 4953 8485 3719 4941 4831 8182 1880 4913 4380 3634 4128 3269 2633 1702 698 8363 4735 2489 1524 4421 2117 2109 9429 4375 1008 7094 1567 3940 7235 304 8334 3061 7803 676 1476 3297 2203 1645 5592 2250 8925 5602 9778 8625 5154 4211 8608 4026 96 6948 4180 67 4922 2687 3448 1902 4795 1699 7558 1765 937 7879 2396 8610 3223 3576 2087 2457 6255 1846 9640 4519 
4393 3482 1482 6716 3711 8665 5078 6677 1344 5577 1371 6798 5197 818 6252 8483 9482 8978 7788 5128 4060 1201 8409 9974 8043 5085 3798 7400 635 764 2681 8750 4684 524 4243 6312 895 1771 2396 1510 3200 5729 8608 5923 8227 6684 7513 6224 4360 9135 2025 6626 8336 2682 7176 4926 9873 7007 4386 760 7271 1789 400 7131 9479 8886 7595 8838 2579 6643 4883 3875 1165 8662 936 6404 7582 1878 3934 2392 4500 1280 4571 1511 8778 1138 1533 1394 7105 5056 1159 2829 6370 9713 5518 7002 4241 9630 5605 8373 
7917 2801 8890 9280 1522 9542 2927 4862 5111 9395 9248 9405 757 3429 4257 7693 3682 1793 6347 7463 8915 8848 957 1556 6423 736 7783 864 213 2727 6870 1656 9343 6173 2799 3386 1335 7440 8688 5572 944 3639 4222 4842 9764 2505 4446 5737 4623 6276 8518 1374 5255 1907 151 2545 4202 2466 3977 6371 4422 7051 4520 8079 2575 9090 7025 2013 8449 5332 1853 467 3493 419 6652 1435 3937 4336 3033 8864 6458 2624 6972 1524 6863 1666 4643 9057 4757 3913 7912 6335 9672 386 6213 9692 6611 291 4012 1136 
1492 103 5592 9136 9452 6950 1365 7074 1474 3659 2443 2952 7327 5278 2673 6466 5256 9459 9866 2007 1425 5497 431 8723 4553 9419 4141 1201 3729 4923 8237 6887 9872 2541 2602 8824 3794 1856 221 4804 6353 4113 9633 6535 8647 5088 8611 4910 2732 529 784 9970 5818 9043 9410 6658 3432 9744 5027 9968 9490 4536 6207 5554 3777 7344 5115 4431 9775 5162 2111 2827 8332 8247 6090 803 5121 9307 9810 5723 2371 4027 1895 9173 7834 7782 9753 8422 6460 5863 123 6011 2735 7089 6460 3581 4178 3113 4892 8515 
8933 8305 2955 4502 2954 7515 7835 9602 4731 1596 3324 7926 8034 3007 7224 3504 5651 6351 3399 7449 9568 1182 5216 2004 5587 6944 9569 7567 2826 2358 3225 1290 1085 4124 5707 8343 1540 2276 5417 9435 8739 2023 8239 698 4364 4432 330 4503 5726 794 9316 2333 4469 8015 621 3279 3451 4873 8132 4271 2256 1492 939 626 4330 6867 352 8020 1193 1798 3919 9461 1692 7061 5672 3373 6784 9168 4302 1369 2799 8561 3504 6823 8658 7581 1185 7823 5011 8053 6784 603 5780 836 8389 2048 5050 2185 3903 2360 
4797 4252 2953 1496 1413 9590 8770 5443 1499 1991 1763 955 9893 8509 8993 9823 5408 6 6288 6279 2234 64 2187 3635 7495 4619 5460 8739 7906 7140 408 5347 1020 6718 6664 10 9012 8895 2715 6555 5495 1580 4862 7773 8310 899 5847 5394 3776 4321 9839 1946 368 898 3037 590 2276 974 1572 1537 5842 196 946 6121 4306 5180 3728 2132 8876 668 4715 6512 6539 522 5285 3989 7632 7401 1157 2755 8601 8466 279 780 7941 6949 61 8851 5783 1940 5672 8939 80 1225 3624 8975 4886 4531 7350 7644 
8675 7009 4014 5274 3181 5311 4246 9426 5726 1089 9050 6279 500 9284 581 1394 6765 1018 6015 5955 4454 3463 6241 7094 128 1505 3583 3364 8768 8567 5270 8988 9359 6422 1883 2956 4749 6345 2489 1563 8738 6445 682 5496 5875 2526 8248 5055 1931 2314 5689 9597 5510 5396 1291 9810 3772 3720 2995 3893 7743 9992 9756 1261 5162 3817 1629 9832 1355 7929 294 5536 1094 9356 4238 5093 6906 2850 5316 5689 1811 6450 5902 7627 6952 1498 8365 8550 7081 1962 1063 329 9383 417 7609 2213 3596 511 8586 6330 
3891 8276 7467 4137 5504 7115 4939 4911 1556 3818 8350 9875 8060 5447 5507 8051 7563 9433 4535 2435 4403 1727 4022 7592 7042 358 161 2255 5456 4229 121 3034 4031 9504 3349 7813 2958 8423 5033 9950 3570 7900 8448 6852 5613 7731 5385 9032 6908 771 6408 8241 8369 9917 5135 5758 9854 9238 3275 4452 4818 9100 5633 685 4230 7636 6810 4669 2727 3386 3802 364 2471 6472 1238 8512 2686 8135 8450 8890 5332 992 120 399 9891 4843 4700 62 2734 5384 7344 4525 9039 5659 6551 180 7724 2603 6252 465 
2363 3516 7559 1466 3567 9815 6881 9405 778 7897 9648 6099 3962 9477 1339 1000 8162 6220 46 891 6380 6034 7296 852 8758 849 6335 2574 8529 8241 9609 8618 7700 1733 9645 3722 7945 7118 68 6737 4667 4664 5955 9292 4706 9517 5263 9787 657 5170 5530 3792 7270 7327 2585 4467 7895 8018 479 9075 1445 2295 4346 201 2854 2360 437 2756 2474 6476 20 369 2413 2487 6378 7256 252 8308 6623 4161 3131 4220 2544 9467 7664 4312 7202 9059 3649 6921 6504 1050 2052 6411 7457 3944 220 1129 7340 9349 
9805 4888 492 2821 5359 1823 1956 8935 4072 6952 9681 9181 9621 7305 9508 3774 5602 942 9664 976 6504 3719 3965 21 6710 6147 5471 6231 476 5178 4792 9436 8368 8263 9769 9266 8126 9536 5760 3429 416 458 8228 7559 2445 9766 1877 7727 4906 77 3022 9220 223 978 4448 7666 2562 964 4446 1105 2581 3051 4261 4110 2377 1413 667 7536 8620 8897 2890 9996 4319 7740 5590 9665 2203 8350 2133 7497 5180 3484 4858 5450 1850 7673 1570 5820 7532 4230 9971 263 3774 4696 4246 9620 1824 8058 533 8117 
8025 9583 479 8048 1594 1620 4621 3526 7774 1209 9793 4411 1808 1836 7286 3982 1712 9182 980 6474 324 3218 7167 3060 9577 1472 280 7372 2487 824 1245 4154 808 7675 7691 7153 8837 8825 7708 4824 6322 7904 1403 4952 5955 4711 6948 1786 3415 7292 356 1775 424 9110 687 6507 3792 6139 4923 3925 5919 1242 9215 1445 4717 5664 5721 7039 3424 9988 6768 6898 3289 9398 541 759 4570 594 5022 8490 3849 195 9409 4027 8100 6992 4712 5269 8504 2866 7770 998 9460 9750 5382 8446 780 2443 7795 7585 
3514 9649 3251 743 2399 8065 7815 8629 380 6877 7213 6378 3182 2490 9881 5690 4401 5856 2959 1671 4077 7230 5445 5464 6229 5694 5219 6269 3308 3316 9171 8830 8045 6254 8136 5008 5658 7683 868 512 1895 9857 3761 391 4866 5180 5546 9379 1155 8603 8674 5690 9157 6210 1605 9354 5125 7324 8731 8683 9893 9989 7138 968 6738 2156 1936 6003 3353 3435 4369 3518 3405 4738 9433 8125 5633 5677 2207 7866 975 2037 4632 4964 672 8194 6936 9854 830 1797 451 2112 1407 577 1016 4349 95 3613 4692 7691 
4053 1912 22 9910 4982 5631 3530 9832 5496 7798 7701 4080 7252 6871 3142 4783 3830 2976 9157 9306 3806 5176 9447 5637 2005 9599 2155 9481 9399 790 5979 1691 4605 1112 6561 7110 2480 5551 9886 8421 7750 1766 1895 1107 4161 7721 6045 8095 2122 1757 3018 5210 297 2431 9315 995 9122 7983 3940 7025 6713 7758 4903 7279 142 437 9752 7693 7534 6422 6861 9459 8970 4211 6686 2186 6655 3113 4711 5505 7319 7141 300 219 2329 7437 8184 2580 3474 3061 1783 7800 4884 2494 98 1389 4074 696 2390 9394 
7559 9072 7351 1165 9015 8169 6004 715 471 5476 41 5274 9473 3142 9815 2146 7708 2977 8714 7440 9059 8572 3129 2783 7538 6881 9735 8608 8096 4105 4305 5101 5751 3235 8782 4419 1023 3082 5811 247 2127 1148 2470 3317 6918 5178 7407 3958 22 738 8096 5282 3156 4662 7455 3105 9083 6710 1510 1181 2181 4287 2355 2861 1090 7555 3109 2753 1412 4799 4096 4492 8921 371 1962 3209 6269 74 5949 3778 8639 1315 8053 8468 6325 7881 6269 53 4708 1677 2655 9011 4585 6268 430 5875 8335 9578 6822 2358 
9885 5573 885 7317 8933 7294 8013 6177 2423 6061 5350 4888 8709 4209 4839 2016 2409 1188 3109 5072 384 5383 9931 9653 1845 6484 9452 2501 8027 5757 938 2080 9422 4066 8231 2743 1024 9974 9649 1109 8556 2778 2545 5722 1165 7827 9237 3601 8529 3947 3545 9762 2862 5338 9630 8322 8778 2774 7374 6254 6487 1454 1010 3422 6289 5346 220 4949 4835 370 5430 4545 6127 1267 1503 9874 2718 9482 6565 3553 5091 1928 5179 5880 9676 2956 7577 7887 8485 4387 9181 5805 5819 934 7118 544 29 884 2970 8269 
792 4353 3445 683 4878 3978 3224 6092 5863 5393 6669 4860 5778 7307 7643 5338 9140 3559 9127 8875 2346 1974 6886 4980 3908 7371 3876 259 3468 8562 4627 7195 98 1694 1315 1379 2827 4769 5738 8282 8874 687 3929 3164 7558 8667 2601 206 348 6373 9167 9467 23 7595 9538 2762 4419 2842 428 2040 2714 2665 5372 6373 4741 6076 6191 6141 6279 8900 4109 5505 5809 9395 7255 6766 679 998 3748 2708 3178 4532 2113 5504 9459 4716 3214 3291 6799 8334 450 8014 7154 3885 7416 608 7486 5085 4757 2138 
9817 3041 430 1977 6504 4455 87 6621 8670 5694 6811 5227 8288 5076 1916 478 6878 8209 1023 5863 6277 3737 2147 2966 9460 9320 4999 4858 1883 213 3228 4191 6306 5267 3825 7074 6579 7713 397 6342 8340 557 9547 301 7117 8950 2055 5543 6786 4351 3106 4930 3861 7849 8260 4335 5580 2476 4396 4241 2261 6860 7350 4781 6893 5059 450 5324 7434 9918 691 2196 9781 9795 1744 623 1885 1009 5541 9504 1970 827 6633 98 6344 8374 6055 2218 4749 3262 3912 4027 3732 4331 2400 4042 1003 3305 3493 6415 
6250 727 8001 3108 6367 4022 5223 9043 5594 8 4918 8826 3497 6728 5809 6134 6296 1921 7335 9367 9478 7997 3880 9646 2187 5838 3185 9767 6348 2297 3173 5189 5989 8705 3896 659 4751 258 3836 8569 2027 8615 2260 7628 718 2550 1867 2958 2072 4009 8431 1192 5563 9403 6670 6682 4302 8499 4046 7403 8915 5737 6738 1644 5397 1320 4471 9086 4869 1929 3464 2363 5749 3399 9171 7687 1263 197 3072 5646 7805 9058 206 5757 2080 6610 6678 876 7529 3338 8854 55 2978 8730 8470 936 8997 4948 357 5283 
9937 8869 2022 3745 2104 4838 6788 8435 1044 2977 4721 4432 3411 398 8054 3784 1386 5154 334 8126 106 5285 1011 8484 1087 7789 9681 3375 7096 4871 6712 8798 6453 7316 9454 6189 7220 7315 5779 6961 4253 5606 9143 4705 4588 264 1901 8652 9119 6978 6099 4485 1050 3178 3449 1105 4077 832 8715 4431 5783 5278 3227 1838 4196 9916 7737 3327 8004 9120 6343 8008 3365 4207 5696 7011 2814 9797 6203 6392 4200 429 4465 6162 159 9758 8634 3992 1064 7185 947 4725 6925 9262 4126 9265 6226 5719 879 8947 
2145 2450 8210 3980 9137 6307 770 7051 5347 9045 9950 5697 8828 263 7955 9524 8014 1676 8561 875 9442 7578 8781 39 8173 8825 8162 8597 8885 185 4918 6994 8115 3407 642 4932 604 841 7787 5684 5230 6962 6659 7912 8486 7639 1123 1093 5974 9486 4758 3138 4890 4150 1657 1308 2958 4874 8619 8 1796 5177 7925 1567 5164 1998 2431 8579 5085 8148 7201 8925 1284 1408 4381 7040 1938 126 556 7547 6183 7650 8282 9823 1366 443 6042 4625 494 7221 3315 6330 7863 8964 0 6923 3327 2140 1901 291 
8179 9977 6494 7943 8112 9149 5699 9741 1228 1696 4869 5721 1564 4536 9724 7629 1111 1407 5436 1239 5773 4586 4596 3050 3270 6225 3277 7475 3416 1652 6908 3092 3767 9479 184 9067 6099 5858 7725 5328 1682 2730 4712 2606 5823 2419 9205 910 4645 3400 369 7555 9571 4596 9341 8310 7485 8041 1919 7792 7027 2263 4837 7667 4010 1215 9815 3778 1410 6113 2104 5773 1907 13 2764 5349 3444 7479 6375 1676 771 4183 8406 5134 8445 3781 8959 2911 3256 1901 2120 2599 6538 9605 2608 2354 9352 1150 3966 8716 
5993 3401 5011 5705 3792 6737 3735 1253 9696 9802 420 9594 6573 2926 4137 693 4732 7581 9393 307 6610 1701 2109 6779 5105 3220 6668 3147 8518 6656 8247 5678 7576 111 7152 2408 2507 2501 4368 7779 627 3381 53 1987 7416 202 9190 6107 6551 339 1115 6613 6860 7743 2141 5368 6669 6551 2997 3697 8512 6511 5297 1615 9668 7542 3767 5820 6502 3309 3435 2543 3066 6116 3520 3834 6945 7993 2218 8406 7802 5306 9127 594 6596 6733 4507 3561 5950 6953 7108 5312 4622 898 4789 8634 1561 5898 4624 8539 
7510 1572 1741 3315 4626 9811 8598 7771 7090 9687 8911 9775 8166 4640 2966 3677 1691 1786 3525 6708 8449 5683 4044 6956 415 1410 3425 4001 8325 4289 4023 5818 543 6108 2122 8026 3698 180 2596 4089 8057 78 1986 7558 3107 9404 6697 9942 1299 2423 5548 316 449 7907 8377 5248 7742 1042 4938 137 815 730 797 5566 3897 2140 9445 4760 9455 6839 2353 737 8338 5365 1192 4252 3868 9567 8918 6125 7856 4569 8957 48 9015 2695 4213 4465 6732 4197 96 4617 5666 2146 8309 8346 9148 1297 607 1757 
1854 3312 4241 3319 4704 3154 3312 7514 7473 4004 2756 1621 7077 558 4167 1723 1992 3024 5189 6539 5798 6686 6694 175 5291 4363 4453 7382 1152 1615 4538 7415 1629 7031 4160 5094 2206 2458 2157 154 6731 499 5874 8479 7961 9129 3623 1315 8007 5778 4473 1058 1633 5723 9560 4701 7890 2119 1654 8551 8049 7536 2200 288 298 9331 7545 6981 4179 3696 8571 140 228 5738 460 1404 2788 5426 1801 4958 6468 1748 4763 5268 9211 9931 553 1241 7439 9053 6869 386 1257 9910 6584 9084 160 5456 9360 7551 
2238 8693 429 596 2332 5317 3238 7760 7116 1002 5208 8937 7563 5629 8290 4069 1787 9337 8563 7995 3700 7715 1586 4078 5478 5990 2712 2671 4294 4555 4102 3035 6278 679 2636 9801 3196 3737 5462 7563 9788 3813 2384 9699 2264 6022 6815 19 899 5376 9513 8323 2211 9556 1825 3474 8694 9437 7641 70 6562 9684 5796 7317 4478 4293 7129 1192 8748 4403 2916 3489 2927 8225 3899 3842 2322 5438 1631 3331 6364 888 6356 739 4296 4938 8136 5075 2169 319 454 460 1606 7803 8002 1940 3297 5578 2879 3362 
703 9630 5917 868 1936 5008 2353 8124 270 290 3561 1876 6283 120 9074 8912 7057 3128 5601 8042 446 5108 2270 3175 4849 9781 3808 6101 7473 1983 5883 59 6555 637 9312 7688 5501 1337 2380 9458 9423 900 2962 1180 7035 8726 4684 1672 3380 2296 3832 4188 1353 6685 6236 7706 2497 392 5837 6655 29 2366 9173 189 9578 7550 2479 4591 5588 796 643 4912 3875 1495 9719 4424 3283 3764 7233 2999 1929 9523 6975 7986 5996 4336 7532 3701 1535 8317 6240 8112 2267 6989 2812 7812 8828 9400 9329 4878 
7446 3373 5837 1711 8503 209 3251 2448 7969 3700 7797 2035 7153 794 3705 6563 8763 3752 3368 964 9731 6142 6700 2639 3770 7519 3892 2146 9144 4126 8302 4504 9603 5465 8688 7239 8966 9081 2506 3747 2318 8406 4487 3073 9278 999 7228 9703 7325 7031 2987 9453 5633 360 8432 59 2404 7033 6539 7565 1144 8573 2372 2081 3869 9872 1955 9031 1703 4057 5964 4471 5836 9161 2443 5568 4316 3937 5282 9847 2631 2680 7662 9284 8571 1370 2182 7852 4315 12 1909 3599 1229 8491 9041 8878 5337 5802 426 4783 
3933 4990 1637 8427 6310 8647 3836 4126 4056 2312 138 2090 8915 5608 696 731 8657 3478 8226 1151 3931 2342 8188 4935 1580 8536 345 8819 2378 8869 921 2344 3660 5638 7068 7081 9807 957 7869 8511 6070 7732 8595 4186 3690 7132 7427 4222 6782 4895 6374 2751 3959 1318 596 1414 159 2274 2850 8484 6648 1094 2291 9722 9665 3666 9330 9550 676 1586 776 3646 3712 716 1984 6544 7751 4977 5220 340 4621 7739 5965 3097 5390 5639 1382 8035 710 2172 7653 7112 3081 903 5420 5079 1513 645 5029 2612 
1550 7439 5823 9606 6117 685 6170 2227 5173 3271 3474 9828 4627 8035 5870 295 7496 5412 9827 4954 2759 9606 383 6595 9893 3129 3220 6734 9549 2053 302 699 3339 6823 3307 1624 8199 5968 1547 6959 3313 2550 3619 3582 38 5712 4490 106 7829 2150 2243 7482 1612 4859 1200 1482 8583 9010 636 3163 4901 7272 816 5900 5236 9456 555 91 657 3801 3039 9117 2810 9757 9114 2656 4870 4608 9759 5945 2222 8770 1975 6086 8356 7119 4795 8981 3930 6192 4646 2997 9476 9593 1770 7959 4716 6458 1926 551 
9968 324 105 9734 7585 8241 5453 8259 3922 2466 9142 8886 4791 9598 9396 6391 9862 4480 390 8952 3994 8728 4257 5024 5962 6212 7894 4277 7535 357 8811 3707 8392 586 6731 2501 4836 7754 158 1758 2774 934 9635 7659 7931 365 1912 9176 8777 3943 1739 3914 117 7073 507 8188 7832 8230 3449 9913 7729 5089 9631 5417 3970 8539 1437 3764 5048 4460 2783 4675 7787 5568 7764 8648 2321 8209 3962 377 3535 1416 7128 9042 6921 8093 6467 1589 9336 658 2229 7578 7617 5993 9839 6695 523 7046 7274 2527 
1983 924 4915 8687 6103 5830 9589 5895 6919 1672 7013 1087 8347 1710 9371 2166 2310 5057 7238 4485 5508 2408 7558 7644 7798 9816 1920 3712 7656 7870 1823 447 2685 6120 170 5631 5646 5087 698 1099 8965 706 9565 7554 3208 8546 5817 3773 7470 7642 9952 6287 2161 6303 2290 8137 7152 4712 5389 7795 751 1686 7198 1840 7482 5428 4197 7497 5120 614 6213 3614 3980 6667 7149 1185 3893 4549 8344 7007 6867 1932 3773 6565 5891 9070 8813 4739 2841 240 6792 5426 976 8073 43 3677 9979 634 4675 6432 
4013 3592 785 449 5767 2316 2327 8540 1957 1252 3363 7668 8250 414 9897 5045 4075 1342 9043 788 309 7365 9707 8246 5278 5514 1532 5587 7066 9929 1314 4739 2590 9106 8598 6273 6409 1823 4694 1336 4740 9092 1813 4210 2646 1984 1550 1607 4871 7659 4430 7279 3280 8460 4743 3049 6384 1402 7374 9853 8912 7912 5857 4878 1902 6150 3366 3407 6272 762 873 6448 5359 7415 9168 7747 4367 1944 3988 6290 7217 6467 5954 2864 3759 7301 9542 1789 2804 2034 7806 1415 8968 5588 2076 9466 3776 7623 8336 1832 
4002 6114 4521 5905 2715 4470 5432 2047 1004 2002 4502 9289 835 119 4127 3850 2033 9075 8774 1573 8828 2614 7598 7870 3966 368 5777 1275 826 330 6285 9182 6526 6268 6325 6893 1489 7415 5139 3533 3429 271 2411 952 6227 4872 8991 4200 6671 370 4142 4665 4530 7253 6049 9471 3920 6069 4794 3232 6442 4983 9520 750 9052 1017 4004 1756 2144 2314 7355 1287 5798 1272 9067 1787 4674 893 120 5534 4521 9184 4380 8486 5762 8966 6992 9126 2125 2914 8996 8423 4799 6200 9882 9483 5072 1560 2306 7992 
924 4134 5678 7046 5544 5930 7851 2456 8241 2250 6620 7129 715 4921 5255 5613 4158 9676 8790 2400 5155 7532 279 88 851 2506 8741 5986 6356 505 3014 8256 9854 6753 8237 5204 3386 1580 4179 3780 9775 6923 7126 5917 8665 8389 9561 3779 7135 212 4337 7515 2869 2961 2574 1626 335 6330 7000 8518 2956 1863 4939 360 6740 2953 7691 2809 3319 1960 5494 6732 2901 6795 9807 6487 62 1804 7128 5874 7890 309 1059 5349 8405 8641 1842 6588 9767 4009 5091 2998 3207 1053 3925 7270 5170 4421 1232 9568 
2625 7215 1273 2445 2027 7655 2362 1082 4883 8788 4815 9943 5400 8609 912 9436 8182 421 6073 8686 6447 5786 2979 2997 3724 4900 2847 7110 4512 1751 582 7842 1862 3897 3025 2206 2343 9199 2021 9605 1382 4368 6511 9188 4425 2658 384 5965 1902 557 5291 1785 8454 5811 161 9746 9402 1635 1611 3162 9918 4446 1994 2650 4872 4964 4287 7460 9818 5031 5545 9613 6096 4980 3139 1967 5506 8912 495 3784 2546 7708 1552 9907 4649 2138 5663 2129 3419 896 7154 3860 2318 911 6254 1667 8779 9779 629 9807 
1206 2657 9227 6320 3843 8464 2651 1795 4966 2729 6795 4394 6379 6942 8939 7230 4675 6730 8044 6689 7234 3726 3444 2798 8425 8460 8677 5224 3986 4113 9654 1004 4038 3494 8891 2595 7723 4066 32 7342 4907 8377 9366 1956 2944 9732 3572 8090 8955 5454 5393 7623 586 2576 1481 8724 733 3312 9112 6306 4178 142 993 2962 6630 2861 9892 8964 9116 2440 7297 2436 3213 9028 2822 3283 5068 3959 3596 6977 8694 8085 5331 6786 1498 1302 9297 5543 7517 594 1937 559 6323 6449 6311 7752 8076 9987 7117 3610 
7685 5645 3491 6058 3551 6761 6306 7848 8858 3907 9193 8539 5878 8302 5010 3687 6272 5165 1953 2317 2833 4337 6061 6280 667 8024 9302 7599 8253 8005 4984 2372 1372 7146 4695 2350 5368 2561 3493 7778 3702 269 2573 7579 3275 3693 1113 5495 9491 835 1543 3263 6520 7479 4926 4427 741 6261 5693 4885 7819 3955 7441 8743 6401 1816 4016 606 3892 6319 2591 7857 2270 143 7977 9057 4432 5751 9856 7031 4020 6387 7192 7754 4196 1865 6505 8611 3354 8961 3241 2146 8213 8783 7969 3877 7279 5933 1594 5278 
132 6833 6338 5525 513 7035 1679 8088 3681 9874 6984 776 1005 1302 5056 322 7260 8245 3300 5101 8597 334 1735 2078 1656 7340 9578 6579 6792 7180 4603 5975 879 1806 2003 879 7662 854 1983 9945 6131 5368 7774 6864 9875 6467 8322 651 2896 6277 2347 2820 9844 992 2996 7530 1149 8387 4813 3314 6008 4649 7243 7461 8705 7850 1387 6672 6233 7918 9225 57 7676 5445 7034 3088 8338 4176 7209 3586 4064 4524 5212 3350 3749 7956 874 1510 476 4586 5746 8201 4277 8836 750 9656 1964 480 821 8312 
2018 951 5772 4008 4989 7223 9104 4895 2383 8129 8965 9124 9510 455 7993 928 247 4652 1252 7180 4201 2511 3984 3016 9229 1644 3389 7638 4790 4118 1168 3864 4095 9082 6023 7539 5524 1725 7856 5389 6282 3432 7873 2420 3758 446 1318 2448 2554 914 2045 7859 7669 2637 662 7192 6776 6383 457 1639 7099 2095 7823 4050 4820 7846 6406 6547 7518 3883 6690 5332 2588 6598 5245 3786 7114 9779 347 7458 7169 2979 3196 7022 7006 9348 6448 7818 1112 7768 4281 7049 4588 6644 711 2248 9832 9187 5382 7086 
9989 2533 8540 3139 2134 5545 9423 8690 5667 2642 4771 8165 3870 3495 6682 8302 9121 934 1541 9638 4710 1921 4220 4414 8734 8907 4289 4492 8050 1452 3443 5366 2734 418 5872 4884 4036 9599 5784 7754 1285 2130 8812 9430 5718 1511 6512 5485 1704 9592 5672 5053 8326 6370 6666 9436 6798 8933 7545 9471 1675 9397 3113 7751 6333 4186 680 4297 5688 9490 6732 6760 1618 243 1225 8772 9054 2486 8723 2516 3223 1423 8102 4121 997 50 5039 2972 1821 5673 3999 8532 6190 4181 8946 766 2148 4394 4492 2762 
2770 7356 1706 6643 98 7889 5294 6366 3501 8284 1386 3496 2932 6436 7623 4556 42 3300 9792 1038 2624 6990 1700 5679 358 3373 7527 1088 2321 5504 8366 9321 9240 6740 7173 3496 5937 4881 8836 5042 1963 7175 4602 2681 863 8546 2561 1727 1059 7869 8410 4803 3810 9648 3231 7569 6223 945 7473 5551 9776 5882 2892 673 7337 2593 6633 8567 4129 9937 4197 287 625 3835 504 4484 7830 5574 768 8660 7929 6908 5408 595 5765 9322 5704 3518 9112 7277 9434 1148 8217 7803 8191 1171 7583 1271 618 8263 
5450 684 8256 246 8955 9348 3255 3473 5429 9247 9634 6038 2814 4978 2333 9896 4654 589 764 5497 7631 9155 6087 5024 2130 7449 3915 2826 8781 536 6689 4143 6456 3654 2424 5716 9699 1202 9051 4375 6036 5198 6074 2200 6158 8043 7762 9347 2424 6934 4587 8135 3670 9771 2144 4484 6784 4904 9247 5305 8014 9557 9440 2926 9484 4286 2641 154 8887 3293 6117 2071 2810 2968 6538 3140 6684 3476 7304 743 6802 750 7879 8715 2397 8724 4347 6987 8225 4163 2901 5931 646 8909 497 6485 2654 6923 9380 9673 
5829 5922 4713 1598 9689 6003 7007 2509 1398 55 3601 1036 1300 3333 5879 7177 2264 2018 1469 150 3285 3124 3124 9683 326 574 8514 1851 9865 4816 7645 3040 3117 5797 7125 8151 1395 1654 2991 1615 5587 7964 6323 2333 5207 4887 8355 6117 5003 2065 4314 1744 9574 3592 7693 9197 8979 7937 9179 1209 799 122 6970 1680 6623 6031 7675 7080 3428 1181 9534 9422 2819 8793 2173 1900 3596 4524 9608 789 5628 7680 5719 9697 5485 1281 3915 4764 6815 5794 5211 1902 918 3905 1422 9674 5502 6146 2713 3892 
2072 9748 1209 2549 4943 5540 4886 2157 7320 258 8470 9102 2432 4088 549 2095 191 5806 8632 4332 2323 344 6359 6429 1467 6134 9597 3758 2188 2067 623 4249 4391 6426 2122 5272 2091 2608 5228 681 3013 9013 8304 1619 6993 2919 5704 7179 3647 694 8213 3506 2276 9194 9405 2446 9470 5684 4626 3327 2399 6128 1817 3971 8231 4192 5909 9524 2674 5805 994 205 3091 6617 7005 1564 4166 2207 112 3346 6589 3373 8560 5546 1724 1355 8160 2762 7735 338 4167 430 5132 7067 8742 9033 2218 9931 5737 4894 
3385 2347 7012 8618 5751 7806 6997 4814 2091 6396 4735 9149 535 5181 5107 1369 4003 7247 3469 5346 4848 6784 412 9772 2667 30 5873 5567 5759 4431 4307 8625 9198 857 5142 8967 4971 6220 5238 9901 2187 6333 2564 3297 7783 1360 2819 9547 727 8694 3205 3322 5178 617 83 8715 562 6569 9718 9860 9045 2389 3847 5620 3369 1363 4274 9452 512 4408 3215 8018 9156 9274 8622 4658 1412 1060 6191 6311 1792 8929 2276 4970 8877 6337 4434 7279 7661 4640 8816 8356 3046 2408 6121 8436 7435 5297 329 3433 
7913 3824 6948 3010 978 8879 9965 2253 5285 7337 9251 5545 5376 2587 2617 3725 1874 7350 9249 8137 6086 8608 3737 7657 9514 6995 2419 7287 1214 5503 6262 9423 8497 4827 6988 1379 8919 5216 5677 5260 4043 7151 5556 8791 7938 5713 3199 8180 5883 5971 4846 6620 1241 9243 7082 4517 980 2566 3566 41 2806 6225 2054 1094 9367 6684 8415 2286 7522 4757 6875 3015 3109 1371 8197 5248 4217 5757 19 2085 8397 3419 6071 716 1811 3723 3484 5851 761 9441 9918 2226 8590 3117 4723 7272 3408 7567 844 7544 
4613 382 6709 5008 8690 4771 9795 1769 7235 1575 6110 4344 2693 9820 2303 1068 9763 5628 9606 8728 2950 1848 1361 7024 3230 3239 8315 1940 9284 4555 8419 1626 1300 1378 356 887 7770 6031 2500 2866 8294 3429 1534 9019 7825 4205 7451 974 344 4950 4144 372 2426 7921 7313 5273 9667 5056 3907 4238 1444 3634 9815 1659 1970 3436 5029 454 8117 7738 7997 704 6978 2989 3384 5326 8633 4513 9958 6392 2084 8082 7824 8165 4845 9699 6722 5469 9127 8439 9609 8461 116 9695 8238 7427 4295 8655 9968 3671 
8281 6385 7501 5107 1153 3329 5785 7640 5733 7588 2795 5932 6793 7826 3403 9646 6647 3127 8069 3762 1114 4668 560 4061 1309 6535 1428 1370 9224 5540 6448 651 7589 2372 1757 3554 6963 8930 9893 5491 5528 9181 3467 864 9562 3391 5671 2508 5052 8060 9365 3959 3417 6426 8934 5647 6814 6858 1652 8584 990 9000 7772 1669 6155 3 1042 1181 8837 5680 3896 3566 198 3950 4007 5113 8765 389 1448 4601 8063 8255 8154 7525 2103 7803 3932 2983 4202 2274 5713 6823 7105 355 9276 7152 4869 7490 5164 778 
9484 872 3011 1705 7706 5456 983 5257 6055 842 9584 3933 4462 1376 1508 3579 1520 4298 1789 989 6828 3300 4941 6496 8366 7326 8327 7686 5406 6951 3464 2796 9893 3207 9488 4910 1796 6170 5491 536 6368 3176 962 8665 3813 8995 6034 8898 4301 2812 5770 9742 3825 9359 5199 667 8848 4043 4323 4010 220 4410 4812 5336 9336 2790 2609 3333 1992 7467 3161 2842 7920 2224 8496 7118 6462 6590 7867 7913 1357 1655 6171 4476 110 8778 6882 5057 5907 1043 8694 7022 2548 9798 7610 4161 5365 1134 8686 2287 
3602 9630 4152 6724 2209 9224 7132 7766 3535 3543 2676 2714 1880 543 321 5580 6379 8794 4916 8045 183 5267 4901 7776 6406 6952 9792 2686 3814 1158 1062 2240 7713 1847 3155 9389 4014 1822 3845 9241 6941 3145 5659 3045 3346 597 2579 8600 9112 5548 8757 665 5595 65 8435 7482 6594 3614 8822 1986 8798 7187 112 8815 1194 2212 9393 699 1396 4070 7644 331 9368 2592 1547 6308 1510 4346 4335 4237 566 4086 2393 6607 9344 5189 6820 7505 8691 1433 1695 788 2713 4952 3242 2791 6695 7725 6619 3171 
5695 6425 9566 9980 4288 2985 4601 7559 408 5724 4011 8350 8783 8364 4343 2216 1912 6803 9610 9367 9059 5965 4940 5479 6237 1590 4889 106 2647 4294 3119 1981 1535 5751 2682 7288 5951 9334 8613 9512 2359 71 7060 1952 7586 1241 7659 6497 7063 7471 8390 4748 4839 6672 4614 100 8328 5646 6522 1852 3263 6733 1708 4959 6820 5318 2093 1512 9392 553 6909 2538 7963 4134 5965 1216 6577 4483 9921 1107 1841 6169 6778 5481 3955 6921 6308 6349 6227 7068 6641 4277 8537 8760 9734 2593 2735 4804 4933 2065 
423 9463 2342 4662 6099 6067 242 7467 1140 8764 3243 362 6572 8276 422 3559 5112 3987 5141 3581 5454 7213 776 8788 4244 3001 9076 8025 3747 290 364 8516 5640 2792 7300 1567 3930 5428 6438 7189 2443 3661 4270 1233 4863 5576 7001 1127 7797 9050 5766 8806 9812 8845 1490 1944 1941 989 6143 7055 7603 4266 9581 590 2421 1173 3701 6591 6899 3184 8131 2021 7431 7661 4175 3349 3604 6264 6227 489 2276 7196 2366 6691 1385 6130 8376 5463 8965 3161 1877 8139 5333 5627 5812 8169 8923 9146 2992 730 
8730 1706 5929 8759 8833 8154 8668 8992 2962 4936 9840 4106 9598 7420 8656 9559 538 4645 8059 6220 8435 8862 1750 2390 1246 9675 4314 1290 4085 5157 6155 2633 1429 4772 7474 9355 5158 1438 7985 3104 6391 2599 1614 4593 1593 2619 7882 7388 5917 1371 4196 6244 9251 6343 5766 3574 2935 8116 2374 148 7628 1558 3701 8610 5283 7566 7436 916 698 2717 6896 3280 621 6661 7354 4722 872 9599 2821 7815 4450 4694 7472 2722 6094 2760 8459 8118 1271 9067 9315 5093 54 4608 5673 2623 8859 6679 7519 5708 
5523 6101 4701 9774 5665 942 4895 7422 827 9072 5781 6131 1345 4409 5608 7995 9428 4177 8896 5101 411 7045 6486 6632 2645 4472 1644 6292 9008 109 6457 1151 5489 4607 5232 5494 4820 5663 4105 5778 5632 5656 8602 5285 92 1716 3352 9564 5496 5564 675 6261 7787 2979 7271 5427 7465 5220 720 8893 859 7257 15 9821 2228 156 6852 6005 4660 7455 6880 3030 242 7875 2655 5880 2463 9221 2486 82 6323 796 1923 5992 4118 4201 7083 2298 7361 4830 1537 7360 7825 8933 990 9453 3157 3579 2456 9529 
5043 9354 7152 2576 393 8160 8841 6177 8510 935 1821 7362 9716 2655 5301 1342 3400 4450 3367 8219 5959 5186 2263 6279 1599 7354 9210 2935 1473 4609 9468 6944 9107 801 880 7969 2602 2847 7594 2093 6567 2279 7202 4370 9263 2830 8000 2017 2914 3871 5599 4324 7666 2076 597 7897 2155 6140 1533 8313 6154 1889 9847 1783 3273 7646 6057 2919 4167 2178 8879 7200 3248 77 1503 9231 4331 1914 1742 380 3218 9015 5288 1898 7672 5199 3770 2114 7749 320 1851 8789 1960 2965 79 237 7239 2142 2705 1291 
