100
-2015 -1925
-2042 4670
-9559 3889
-3230 7892
-5402 -3854
-8422 -9695
-7669 -7828
3732 7262
-1569 -8868
-9896 3382
-7742 6051
-8052 571
-3476 -8523
1970 -2871
-8358 8984
558 -7320
-922 -2322
-2880 -1425
-7850 1932
-2550 -1519
-2303 -6506
3065 8824
-2930 -9806
-6545 -6208
-122 -1590
7183 -5427
8922 -8507
2765 -2487
-243 1343
5278 -9106
3328 5309
9620 5015
5099 -4392
-3620 -4750
-869 3465
1232 -7204
539 -4874
3806 -7228
4759 1971
6970 -5624
7076 -8115
2458 -7219
841 -5903
3786 7448
-2184 -5348
-7617 -3437
-918 4723
7896 -7730
9961 8935
-1425 -3609
-2632 5910
-7290 1323
-6947 -1811
-2970 5800
-8854 -6252
-6988 202
-6530 6283
7050 1108
1033 6440
-4612 -233
-4841 1208
9800 -5809
-3317 3629
-5094 -459
-3361 37
-6891 -3493
-3092 6997
-1953 2361
4233 -4860
2531 -5630
6047 2089
-8116 271
1568 1639
-1359 -4531
6574 1408
-486 -8325
-4688 6123
599 6647
7975 8746
1731 9736
-2827 -3391
-4055 2921
-8140 4771
4964 2019
2131 -6249
-3337 7758
-6668 -6137
-4551 1396
2938 3302
1479 4593
-1396 -7799
-333 8190
860 9826
4418 -388
-1136 -2901
-8985 3574
-7337 -8345
9611 -4234
395 -2412
2744 -5778
