100
1100 -100
1098 -38
1092 25
1082 87
1068 148
1051 209
1029 268
1004 325
976 381
944 435
909 487
870 537
828 584
784 628
737 670
687 709
635 744
581 776
525 804
468 829
409 851
348 868
287 882
225 892
162 898
100 900
38 898
-25 892
-87 882
-148 868
-209 851
-268 829
-325 804
-381 776
-435 744
-487 709
-537 670
-584 628
-628 584
-670 537
-709 487
-744 435
-776 381
-804 325
-829 268
-851 209
-868 148
-882 87
-892 25
-898 -38
-900 -100
-898 -162
-892 -225
-882 -287
-868 -348
-851 -409
-829 -468
-804 -525
-776 -581
-744 -635
-709 -687
-670 -737
-628 -784
-584 -828
-537 -870
-487 -909
-435 -944
-381 -976
-325 -1004
-268 -1029
-209 -1051
-148 -1068
-87 -1082
-25 -1092
38 -1098
100 -1100
162 -1098
225 -1092
287 -1082
348 -1068
409 -1051
468 -1029
525 -1004
581 -976
635 -944
687 -909
737 -870
784 -828
828 -784
870 -737
909 -687
944 -635
976 -581
1004 -525
1029 -468
1051 -409
1068 -348
1082 -287
1092 -225
1098 -162
