100
3660 1955
8815 5864
-886 1486
-453 -6181
-5227 1361
-2357 -7899
-3814 -6570
-2067 7771
-1809 4526
-7270 8187
1555 -6621
5189 -8434
4550 2259
-3791 5228
-7097 488
-9198 1195
-3425 2053
-5128 3854
6778 4479
-1653 9340
-8305 1164
5592 1365
-5671 4353
-957 -6856
909 952
7007 -9868
-6692 8353
-8446 -6758
3903 2468
-2551 7245
-3696 -4833
8050 4027
417 3285
-877 -4595
-4761 -3599
6504 -4825
-2134 -4414
8538 -4916
2110 279
9252 4424
-4798 5505
-6819 7915
5980 -3391
7797 1590
3035 -6298
-5540 -8659
6221 2994
-6138 3845
-3 -2789
-3133 4520
2006 -7710
-3302 2240
5362 -7482
3420 5463
-1949 1323
6633 -524
7913 -101
-2664 -559
6609 843
4881 -1071
-8946 9007
9965 -1369
5708 6738
-404 4926
-5811 5706
-5033 -6988
-6353 -7505
8178 -5738
-9677 159
8743 -7483
-262 2913
5823 -1018
-54 -3836
-2887 431
-8704 9059
333 396
1135 1737
8248 -1966
-3118 4483
-6833 -5644
-4069 952
-8152 508
5796 2677
6750 7785
-7046 7023
4573 4079
3819 -4213
-1980 6437
6271 -3359
1720 4418
5205 -5425
-1758 -6065
-9493 5565
-4843 6289
922 9625
-943 2037
-7778 5448
-2502 4447
3147 -6190
4785 -7843
