100
9126 2357
9360 2076
6581 753
-9971 -5598
739 -7644
3025 8864
-6602 2168
8406 -3984
3688 -7447
6564 -4319
-5056 -3639
-2422 2415
5822 -8769
6506 766
-9669 -1460
-8164 -3743
-3510 -4600
-735 -6975
-1727 -6830
7992 -5944
557 911
1726 4964
1731 -2790
1585 7232
3682 -1170
3078 -8131
3816 -391
4352 9418
8838 -1949
-2097 -2764
-5066 -2954
2930 -9985
4088 4160
512 4448
-8816 5923
-1179 -6001
1608 -5440
526 -5291
4013 -9393
9604 7972
7961 9833
-279 -8780
1104 7923
-8607 -7536
5615 1354
-9898 9610
-1468 7895
2551 499
5726 -4831
-6747 -5385
4161 -9264
8647 2385
-7848 -7900
909 3010
-7709 100
8670 -3221
-3264 4121
-3198 -7215
9559 -7442
2489 7991
5819 6970
-258 -1421
-7920 3358
-434 9532
-1979 9019
7956 -6644
-6141 8400
8913 -6075
-6739 -3611
4669 -3663
6427 2493
-9697 8760
-6966 -5679
4945 7177
9744 -6163
6739 -1010
-8071 4789
3773 6398
-5654 -5228
-1848 -4500
406 366
5398 2067
-5250 8765
-3627 9899
-1180 -5650
-6089 2726
-5907 -6347
1339 -4421
2692 7121
5085 -3430
36 1141
-1447 -4978
-765 8762
-542 -3119
-8091 -7465
-2202 -6647
-4876 -2071
-3329 -6297
-883 -9258
-6903 -1856
