100
-5643 1709
-9154 6993
7825 -3546
6910 5445
3072 9254
1816 -4938
9227 3545
-3199 -2780
4114 -1775
-9850 -2643
22 -4801
8707 -8712
-986 -5314
-1845 5367
-2530 -3280
4263 -8575
4571 -7726
2258 2445
4382 -7547
-3447 -115
-3755 9193
-2029 8609
-6846 5897
-9306 338
2811 1454
6100 -8404
1038 -3926
5673 7045
-7750 -7628
204 4174
-3341 -9850
-2573 286
8905 -1695
-4688 7687
-2201 -7702
3186 8048
1873 -9357
-2124 1863
412 8816
7057 -6058
4661 -5943
-3010 874
-1099 9492
6856 -8602
6075 988
-3158 -4367
-2358 5227
2200 4080
-7625 2386
-9566 2354
-6244 1897
3839 -7426
676 -5294
-5463 -2647
-8869 -9526
4243 7318
3586 3153
5905 -1894
5701 -6612
9439 7776
5114 1166
-1269 -9448
1960 7151
-7907 7873
7814 6166
3366 2647
747 1217
5852 7674
-8814 -8454
6273 4169
-1740 -6895
925 -8690
1323 -5081
-8760 -7226
-3665 -236
920 -8836
-8194 2600
1844 6302
3966 5189
933 -1707
-4139 -9647
5158 1325
-9922 4290
6880 -886
9750 389
-3289 -2040
7559 3007
-3918 -1669
7420 -5402
6705 -9081
8518 -5319
-890 8115
6405 4048
7469 6815
-9177 -7332
2858 3532
4973 -5276
2175 7714
-4131 -793
-5113 4227
