7
10
0 15 430 101 136 335 159 80 186 212
41 237 35 420 29 146 458 183 387 163
348 422 358 153 81 164 233 123 412 139
240 74 437 143 386 488 246 443 413 10
70 71 250 10 296 4 387 325 385 354
278 103 340 296 477 322 499 121 338 147
42 386 247 440 254 286 476 342 169 3
352 494 387 374 98 71 456 392 294 432
344 143 46 314 140 438 80 136 271 480
87 78 134 88 288 249 142 77 304 369
15
0 156 4305 1012 1364 3358 1593 808 1861 2128 410 2373 352 4204 298
1466 4586 1839 3873 1639 3488 4220 3589 1533 813 1647 2330 1233 4128 1395
2408 745 4371 1436 3863 4882 2462 4439 4136 101 705 717 2504 108 2964
48 3872 3253 3852 3540 2787 1030 3405 2964 4777 3220 4991 1218 3380 1478
429 3861 2476 4408 2549 2866 4765 3424 1693 38 3526 4944 3870 3747 988
718 4567 3920 2946 4323 3446 1439 468 3144 1400 4385 806 1365 2718 4803
871 785 1340 887 2883 2490 1425 779 3048 3698 3732 401 381 298 532
3977 4029 1908 3060 2184 3704 2469 1706 4094 4085 706 467 335 301 969
3364 1137 2851 1272 1829 4185 1572 1574 3282 3461 4514 1593 2393 1482 3833
3702 2759 3617 2058 2710 2979 4402 3344 561 2358 2018 573 269 2743 3367
403 4608 4193 3407 4635 1386 3504 3672 2499 3318 791 1150 4732 1824 633
4934 1531 272 509 4333 2772 3485 503 3344 82 1549 4521 2676 1635 2212
4503 1735 1768 2439 357 4254 3801 901 4614 2467 637 4461 2016 1037 4035
2937 549 3116 4638 2702 1630 2241 1133 923 3452 4980 3148 3458 2703 486
3735 743 1164 4401 3568 2194 4901 772 196 921 48 1894 1974 1819 411
25
0 21 602 141 191 470 223 113 260 297 57 332 49 588 41 205 642 257 542 229 488 590 502 214 113
230 326 172 577 195 337 104 612 201 540 683 344 621 579 14 98 100 350 15 415 6 542 455 539 495
390 144 476 414 668 450 698 170 473 206 60 540 346 617 356 401 667 479 237 5 493 692 541 524 138
100 639 548 412 605 482 201 65 440 196 614 112 191 380 672 122 109 187 124 403 348 199 109 426 517
522 56 53 41 74 556 564 267 428 305 518 345 238 573 571 98 65 47 42 135 471 159 399 178 256
585 220 220 459 484 632 223 335 207 536 518 386 506 288 379 417 616 468 78 330 282 80 37 384 471
56 645 587 476 648 194 490 514 349 464 110 161 662 255 88 690 214 38 71 606 388 488 70 468 11
216 633 374 228 309 630 243 247 341 50 595 532 126 645 345 89 624 282 145 564 411 76 436 649 378
228 313 158 129 483 697 440 484 378 68 523 104 163 616 499 307 686 108 27 129 6 265 276 254 57
317 353 322 472 572 396 177 260 407 612 425 180 487 390 615 252 254 435 546 319 143 488 586 526 631
130 542 187 206 491 319 675 131 8 157 629 225 604 534 676 192 277 585 14 172 36 355 295 0 105
496 218 276 383 182 105 205 53 493 231 552 458 396 627 15 179 619 479 22 110 108 289 293 100 2
370 533 399 161 603 43 339 52 256 464 144 562 364 293 27 694 112 32 41 70 562 668 80 149 534
686 348 22 415 561 645 357 462 699 538 501 625 696 512 547 11 256 223 52 548 182 598 642 33 626
646 341 482 264 295 522 487 238 440 356 678 70 693 16 431 249 357 452 567 445 666 348 339 697 167
139 306 482 531 22 428 560 325 117 444 52 673 551 609 301 4 155 404 617 41 331 652 608 601 504
686 148 107 462 577 132 12 571 392 328 307 104 559 611 66 418 559 152 332 282 351 492 546 221 24
423 204 41 326 153 59 458 599 240 213 329 641 506 287 58 565 176 25 243 619 602 306 175 295 258
455 300 445 530 568 319 376 431 215 168 285 507 458 125 672 24 226 626 327 359 614 471 290 407 101
682 329 107 219 429 571 338 94 325 101 231 463 575 599 108 123 522 193 240 173 27 630 482 56 464
10 433 407 539 134 626 568 449 341 547 523 133 264 634 368 612 509 209 415 76 241 247 295 401 639
475 516 696 250 66 280 194 645 165 271 56 369 359 376 156 136 290 678 351 405 259 263 552 640 476
401 369 650 160 15 685 346 679 144 578 66 303 42 698 269 493 605 574 275 458 192 605 127 256 288
57 677 3 130 72 43 445 190 562 83 486 284 342 364 70 656 227 665 191 555 598 294 352 199 508
234 298 302 681 252 410 496 337 122 227 292 338 249 325 44 126 698 385 320 625 574 413 292 209 589
40
0 2 60 14 19 47 22 11 26 29 5 33 4 58 4 20 64 25 54 22 48 59 50 21 11 23 32 17 57 19 33 10 61 20 54 68 34 62 57 1
9 10 35 1 41 0 54 45 53 49 39 14 47 41 66 45 69 17 47 20 6 54 34 61 35 40 66 47 23 0 49 69 54 52 13 10 63 54 41 60
48 20 6 44 19 61 11 19 38 67 12 10 18 12 40 34 19 10 42 51 52 5 5 4 7 55 56 26 42 30 51 34 23 57 57 9 6 4 4 13
47 15 39 17 25 58 22 22 45 48 63 22 33 20 53 51 38 50 28 37 41 61 46 7 33 28 8 3 38 47 5 64 58 47 64 19 49 51 34 46
11 16 66 25 8 69 21 3 7 60 38 48 7 46 1 21 63 37 22 30 63 24 24 34 5 59 53 12 64 34 8 62 28 14 56 41 7 43 64 37
22 31 15 12 48 69 44 48 37 6 52 10 16 61 49 30 68 10 2 12 0 26 27 25 5 31 35 32 47 57 39 17 26 40 61 42 18 48 39 61
25 25 43 54 31 14 48 58 52 63 13 54 18 20 49 31 67 13 0 15 62 22 60 53 67 19 27 58 1 17 3 35 29 0 10 49 21 27 38 18
10 20 5 49 23 55 45 39 62 1 17 61 47 2 11 10 28 29 10 0 37 53 39 16 60 4 33 5 25 46 14 56 36 29 2 69 11 3 4 7
56 66 8 14 53 68 34 2 41 56 64 35 46 69 53 50 62 69 51 54 1 25 22 5 54 18 59 64 3 62 64 34 48 26 29 52 48 23 44 35
67 7 69 1 43 24 35 45 56 44 66 34 33 69 16 13 30 48 53 2 42 56 32 11 44 5 67 55 60 30 0 15 40 61 4 33 65 60 60 50
68 14 10 46 57 13 1 57 39 32 30 10 55 61 6 41 55 15 33 28 35 49 54 22 2 42 20 4 32 15 5 45 59 24 21 32 64 50 28 5
56 17 2 24 61 60 30 17 29 25 45 30 44 53 56 31 37 43 21 16 28 50 45 12 67 2 22 62 32 35 61 47 29 40 10 68 32 10 21 42
57 33 9 32 10 23 46 57 59 10 12 52 19 24 17 2 63 48 5 46 1 43 40 53 13 62 56 44 34 54 52 13 26 63 36 61 50 20 41 7
24 24 29 40 63 47 51 69 25 6 28 19 64 16 27 5 36 35 37 15 13 29 67 35 40 25 26 55 64 47 40 36 65 16 1 68 34 67 14 57
6 30 4 69 26 49 60 57 27 45 19 60 12 25 28 5 67 0 13 7 4 44 19 56 8 48 28 34 36 7 65 22 66 19 55 59 29 35 19 50
23 29 30 68 25 41 49 33 12 22 29 33 24 32 4 12 69 38 32 62 57 41 29 20 58 40 19 45 61 17 43 3 33 57 60 15 68 46 49 18
63 16 33 24 56 42 1 29 16 34 35 17 38 42 23 40 53 49 11 64 30 50 39 38 36 51 62 38 42 59 29 1 66 2 51 63 18 45 65 54
3 6 25 61 14 66 41 69 55 27 1 1 42 55 32 35 51 65 19 11 9 69 9 23 10 29 34 7 26 20 19 4 20 58 16 26 40 3 18 27
5 53 29 2 49 36 30 50 0 6 16 37 56 43 18 58 33 31 3 46 46 29 16 40 24 6 59 40 58 1 46 46 59 25 57 56 64 5 18 36
52 54 31 27 11 62 33 9 65 43 41 6 31 2 48 9 13 6 24 43 30 40 21 48 28 6 49 67 15 56 29 49 68 30 2 51 7 41 42 62
42 54 22 43 60 19 18 5 26 0 22 61 12 5 61 26 10 18 33 63 29 10 8 44 21 27 40 59 58 11 52 53 48 11 24 20 64 29 15 16
2 60 58 1 12 36 19 44 38 39 32 55 12 50 17 11 61 62 6 18 62 48 8 29 30 30 54 62 28 62 39 0 61 40 27 65 64 40 45 27
8 6 69 36 67 19 28 47 32 4 5 53 10 61 14 38 11 42 44 66 68 18 0 18 13 68 67 56 10 36 20 42 35 21 22 54 5 47 62 3
27 63 33 29 55 6 47 60 19 9 63 56 6 17 66 27 59 54 66 7 0 19 49 16 28 7 47 2 46 68 50 48 38 23 47 39 25 22 27 6
20 55 37 38 2 47 35 22 20 39 15 36 63 30 45 19 40 50 14 34 45 22 41 37 30 9 35 54 49 15 30 67 52 56 29 0 65 37 32 32
38 57 6 3 44 12 0 49 62 56 3 9 60 1 65 0 7 69 20 66 0 4 4 16 21 53 27 56 51 68 25 54 14 66 25 64 19 25 65 37
18 29 19 50 61 37 59 4 14 33 52 13 53 53 54 47 47 46 19 23 16 16 28 51 31 14 16 46 18 35 52 57 51 68 63 52 11 31 11 12
65 4 8 62 56 62 16 5 46 60 56 50 2 52 36 19 2 52 28 1 23 49 69 39 25 20 65 36 68 33 27 22 8 7 1 50 23 45 24 16
10 9 49 62 38 3 23 65 21 44 69 4 40 52 27 59 24 41 19 3 30 35 53 1 7 59 41 40 56 60 12 66 5 45 44 36 5 59 10 48
11 56 41 6 28 3 62 52 63 33 58 11 30 37 14 17 61 30 26 47 5 3 3 5 34 65 13 3 46 66 1 5 7 6 16 46 38 46 45 24
25 65 30 30 53 51 24 40 65 62 28 33 18 20 29 32 36 65 66 48 19 23 47 9 15 15 29 44 4 19 68 52 10 24 62 15 69 25 36 2
27 9 10 47 60 27 0 66 22 68 30 29 43 8 38 28 8 56 6 6 24 16 31 5 49 34 65 42 36 62 54 12 66 67 36 18 46 51 50 30
13 55 8 67 21 38 54 68 3 24 45 29 8 35 57 33 43 37 19 33 42 60 59 7 60 6 62 35 58 25 44 56 32 33 30 59 49 2 14 30
57 16 66 16 30 49 2 5 36 1 38 32 20 1 12 27 69 7 6 64 55 68 6 68 39 38 51 22 5 6 26 60 56 54 20 32 46 6 17 5
7 64 26 68 35 13 63 10 50 35 29 19 25 62 40 60 0 61 26 31 33 27 37 62 66 9 30 17 35 39 58 44 13 38 22 12 67 26 62 0
6 43 41 44 46 5 56 29 24 53 45 0 54 54 44 45 57 26 41 1 0 45 24 66 44 44 61 1 13 49 47 7 45 52 55 20 8 10 49 41
19 61 53 40 48 12 23 55 36 32 29 34 36 37 40 18 26 21 35 13 42 33 37 7 39 2 47 59 35 24 27 25 36 18 65 34 55 49 69 32
52 17 2 44 51 3 32 54 32 4 46 10 27 7 29 11 40 36 23 9 66 39 12 50 62 28 21 58 30 40 47 25 53 31 2 44 46 45 13 52
69 57 47 10 41 8 69 69 68 10 22 19 60 23 42 45 19 8 67 35 57 14 9 47 30 50 28 2 46 29 10 30 10 59 62 11 4 17 42 53
47 50 43 45 0 57 27 13 46 46 67 7 67 4 58 8 13 39 45 39 27 7 63 8 13 58 41 68 36 21 24 15 9 68 48 61 33 59 33 26
50
0 220 6054 1424 1919 4723 2241 1137 2617 2993 576 3338 496 5912 419 2062 6450 2587 5447 2305 4906 5936 5048 2156 1143 2317 3277 1734 5806 1962 3387 1049 6148 2020 5434 6866 3463 6243 5817 142 991 1009 3521 152 4169 67 5446 4575 5418 4979
3920 1448 4789 4168 6718 4528 7020 1714 4754 2079 603 5430 3482 6200 3586 4031 6702 4815 2381 53 4960 6954 5443 5270 1390 1010 6424 5514 4143 6080 4847 2024 658 4422 1969 6168 1133 1921 3823 6756 1226 1104 1885 1247 4056 3503 2005 1096 4287 5201
5248 565 536 420 749 5594 5667 2683 4303 3071 5209 3473 2399 5758 5745 994 657 472 423 1363 4732 1599 4010 1789 2573 5886 2212 2214 4615 4868 6349 2240 3366 2084 5391 5207 3881 5088 2894 3811 4189 6191 4703 790 3317 2838 806 378 3857 4735
567 6481 5897 4791 6518 1949 4928 5164 3515 4667 1112 1617 6655 2566 891 6939 2153 383 716 6094 3898 4902 708 4703 116 2178 6359 3763 2299 3111 6333 2441 2487 3430 503 5982 5346 1268 6489 3470 897 6275 2835 1459 5675 4130 772 4382 6523 3801
2293 3152 1594 1298 4855 7004 4428 4863 3802 683 5254 1045 1637 6190 5019 3085 6893 1086 276 1296 68 2663 2777 2558 578 3191 3549 3238 4749 5749 3986 1781 2618 4096 6148 4275 1808 4900 3921 6179 2537 2559 4371 5485 3213 1444 4909 5887 5286 6341
1311 5453 1880 2077 4942 3213 6780 1325 86 1578 6322 2269 6068 5366 6797 1929 2784 5879 146 1736 371 3570 2972 2 1055 4987 2197 2780 3851 1835 1062 2060 540 4961 2322 5549 4607 3980 6302 152 1800 6223 4813 227 1111 1093 2904 2945 1010 26
3724 5360 4010 1622 6064 435 3411 527 2581 4670 1447 5651 3665 2943 275 6976 1128 326 414 712 5649 6711 809 1500 5369 6892 3497 226 4174 5641 6485 3594 4641 7028 5407 5033 6287 6995 5152 5495 117 2573 2248 525 5510 1829 6012 6455 340 6288
6499 3433 4845 2658 2967 5250 4894 2398 4426 3586 6813 710 6963 169 4334 2504 3590 4544 5697 4472 6692 3505 3413 7004 1681 1398 3077 4847 5337 226 4308 5628 3265 1183 4462 525 6767 5536 6118 3026 40 1559 4058 6206 412 3334 6550 6117 6044 5072
6900 1495 1084 4650 5802 1334 121 5741 3942 3297 3088 1046 5624 6138 672 4207 5621 1527 3337 2839 3529 4949 5491 2220 247 4252 2052 412 3275 1544 592 4610 6017 2411 2147 3313 6443 5087 2885 590 5685 1772 255 2446 6222 6052 3077 1763 2963 2592
4574 3023 4471 5331 5715 3205 3779 4331 2164 1688 2870 5093 4610 1262 6754 249 2276 6290 3286 3614 6171 4732 2916 4095 1017 6857 3307 1080 2201 4316 5740 3399 951 3270 1014 2324 4657 5778 6026 1093 1243 5253 1940 2419 1742 273 6330 4849 565 4669
102 4351 4089 5420 1346 6291 5707 4511 3428 5495 5256 1345 2658 6369 3703 6148 5117 2100 4173 763 2422 2482 2972 4033 6425 4775 5189 7000 2518 669 2815 1949 6488 1660 2728 566 3716 3613 3777 1576 1375 2919 6820 3534 4069 2608 2642 5546 6434 4789
4032 3707 6535 1610 159 6884 3480 6824 1454 5812 669 3043 429 7017 2703 4955 6085 5772 2771 4610 1934 6084 1277 2574 2899 581 6809 35 1315 733 441 4478 1916 5653 833 4882 2858 3438 3664 704 6595 2284 6685 1924 5579 6013 2958 3543 2008 5104
2352 2997 3037 6842 2540 4123 4992 3392 1232 2281 2937 3397 2503 3274 451 1272 7014 3872 3217 6288 5775 4151 2937 2100 5920 4075 1979 4526 6191 1782 4387 320 3334 5785 6100 1554 6877 4700 4928 1884 6370 1660 3364 2481 5680 4273 174 2924 1615 3448
3600 1766 3892 4247 2364 4026 5375 4942 1140 6498 3100 5023 3924 3835 3624 5151 6290 3859 4242 5947 2998 148 6644 266 5153 6376 1824 4528 6568 5500 397 676 2526 6203 1429 6643 4123 6932 5568 2717 181 157 4270 5539 3301 3561 5197 6568 1962 1133
964 6977 923 2388 1089 2940 3500 728 2672 2081 1933 482 2094 5919 1702 2635 4109 399 1858 2770 533 5374 2922 212 5012 3624 3111 5102 27 675 1689 3717 5677 4375 1850 5882 3351 3205 302 4696 4691 2996 1640 4076 2472 641 6019 4096 5898 175
4704 4697 5950 2535 5823 5659 6463 561 1860 3622 5250 5469 3165 2726 1194 6265 3323 988 6532 4363 4159 631 3138 259 4908 955 1360 698 2459 4391 3071 4040 2130 4883 2891 633 5013 6816 1517 5654 2997 4943 6908 3021 242 5202 766 4179 4315 6301
4283 5432 2247 4395 6126 1912 1837 511 2655 79 2287 6224 1240 506 6128 2640 1100 1817 3324 6413 2958 1069 853 4451 2140 2757 4018 5996 5886 1186 5226 5368 4866 1144 2506 2074 6495 2920 1536 1700 256 6070 5891 103 1294 3682 1992 4424 3844 3951
3259 5535 1262 5120 1733 1155 6214 6304 652 1824 6288 4859 853 2939 3032 3040 5515 6235 2909 6269 3994 71 6188 4092 2780 6535 6429 4058 4570 2733 872 613 6989 3618 6795 1949 2827 4723 3304 456 584 5334 1049 6180 1487 3876 1111 4316 4493 6698
6885 1870 80 1832 1384 6922 6746 5699 1051 3659 2013 4243 3579 2191 2294 5483 586 4816 6263 322 2745 6397 3379 2915 5616 638 4781 6116 1983 911 6392 5703 608 1721 6704 2750 6003 5476 6639 739 4 1981 4995 1673 2814 727 4751 237 4645 6874
5056 4870 3873 2351 4752 3919 2582 2287 2786 678 2045 5578 3770 3838 209 4741 3527 2222 2074 3961 1527 3699 6373 3028 4523 1916 4038 5071 1480 3467 4618 2264 4192 3755 3059 932 3608 5502 4979 1563 3044 6816 5276 5687 2920 46 6550 3809 3284 3267
3823 5817 698 364 4455 1244 63 4945 6232 5725 367 985 6034 180 6572 52 737 6952 2038 6688 13 434 462 1702 2140 5418 2774 5683 5220 6855 2557 5500 1412 6684 2562 6514 1952 2609 6575 3810 1891 2970 1936 5083 6183 3773 5978 462 1408 3359
5317 1337 5331 5375 5441 4812 4745 4668 1933 2332 1694 1703 2875 5130 3132 1429 1681 4636 1839 3544 5286 5732 5159 6864 6383 5308 1147 3120 1133 1249 6607 462 813 6273 5723 6271 1679 569 4656 6081 5700 5085 239 5293 3675 1992 243 5250 2838 182
2368 4975 6981 3983 2598 2088 6540 3622 6895 3350 2741 2301 835 764 174 5027 2353 4541 2434 1635 1017 981 4988 6291 3914 395 2310 6576 2136 4446 6970 472 4097 5302 2775 6004 2418 4193 1944 342 3026 3548 5351 103 791 6002 4174 4095 5723 6112
1293 6719 552 4538 4440 3685 504 5927 1077 4874 1170 5641 4136 629 2862 396 6310 5285 6344 3353 5863 1165 3093 3789 1425 1794 6139 3081 2705 4808 516 317 306 575 3505 6539 1339 381 4716 6636 183 565 801 630 1644 4676 3834 4698 4527 2457
2588 6549 3111 3111 5374 5136 2435 4079 6549 6262 2912 3334 1848 2093 2950 3227 3636 6552 6703 4881 1916 2323 4782 955 1520 1533 2958 4441 432 1995 6892 5293 1008 2417 6299 1551 6939 2611 3699 253 2783 911 1063 4739 6048 2751 67 6680 2286 6888
3093 2942 4394 807 3876 2912 851 5634 665 650 2444 1672 3202 580 4977 3433 6611 4270 3650 6285 5480 1304 6706 6783 3642 1895 4720 5140 5023 3049 1348 5577 866 6800 2133 3868 5473 6929 382 2421 4600 2931 869 3557 5779 3341 4356 3724 1934 3344
4225 6127 5956 747 6115 673 6256 3605 5839 2550 4485 5658 3260 3393 3018 5948 5003 206 1432 3062 5767 1706 6691 1683 3078 4951 247 584 3617 166 3891 3262 2107 121 1214 2758 6941 800 669 6475 5625 6841 611 6840 3982 3859 5186 2293 571 611
2619 6088 5630 5499 2051 3235 4686 626 1784 520 750 6443 2679 6867 3596 1309 6350 1072 5113 3516 2923 1947 2603 6246 4020 6073 20 6212 2674 3128 3321 2793 3750 6283 6725 978 3042 1723 3615 3925 5903 4440 1329 3829 2226 1289 6752 2624 6247 84
628 4404 4122 4429 4638 540 5665 2944 2494 5403 4522 33 5436 5455 4483 4579 5805 2682 4120 181 94 4567 2509 6712 4442 4469 6135 137 1393 5018 4792 782 4578 5311 5587 2067 809 1031 4957 4182 1979 6163 5377 4035 4919 1255 2390 5535 3691 3281
2924 3512 3691 3807 4037 1814 2695 2163 3613 1310 4257 3403 3788 747 3993 282 4794 5970 3594 2438 2736 2562 3663 1905 6586 3419 5597 4936 7019 3273 5267 1711 281 4421 5186 375 3250 5430 3309 487 4634 1057 2745 709 2950 1187 4034 3689 2403 990
6686 3984 1272 5033 6248 2854 2138 5915 3058 4100 4734 2570 5420 3168 204 4514 4699 4535 1374 5224 7021 5766 4777 1012 4146 858 6935 6937 6894 1008 2264 1972 6084 2365 4261 4589 1959 884 6784 3544 5744 1406 909 4800 3103 5050 2860 235 4657 2930
1061 3038 1054 5973 6326 1159 476 1726 4251 5359 4768 5071 4379 4534 93 5814 2765 1367 4661 4684 6822 740 6824 499 5859 897 1331 3984 4571 3955 2761 772 6393 820 1307 5894 4200 6869 3638 2180 2412 1507 946 6849 4905 6161 3393 5972 3339 2645
645 4588 2280 292 5293 6013 6719 6518 156 2860 4846 1790 6052 745 1785 629 3135 6030 24 766 3232 2074 6847 4060 2788 3573 3184 6208 4839 6019 6931 1748 4876 713 6924 3337 5965 2476 2599 5784 3694 3799 6378 2816 2785 3006 1207 4635 2440 2596
2123 6020 1711 2253 6832 4227 618 5769 1748 5896 2628 6605 1856 6173 4741 2954 6059 2335 5418 3532 4584 507 6062 1120 985 3916 4614 5185 5993 1053 2706 1587 4428 1960 320 4548 3618 3876 2895 2098 6312 1282 4297 5856 5987 2432 2242 2857 5760 2162
6051 2717 578 3158 5443 2440 4766 3838 4408 2384 4844 6335 936 4710 543 1425 6130 4749 3403 1467 1042 1550 4682 4356 5624 6400 3461 5276 6960 1746 4738 6042 2021 1591 4523 1704 4086 540 1847 3199 4373 1244 1949 1885 1712 2359 4836 1546 3903 6668
3264 6119 4615 5310 1915 846 4697 1307 944 1436 901 3692 1374 1492 343 2700 146 1804 1271 1496 635 4485 1992 5877 2930 4376 3134 1737 3218 4833 5324 1038 5223 2448 6137 6766 6255 6478 1908 2217 6526 5882 1776 1449 753 2506 6822 2547 4247 5708
346 3583 5692 5017 4086 3804 771 2460 3852 5760 2366 5121 6804 681 2180 6826 2200 5566 1003 3685 6992 4178 1601 5565 6752 4584 598 333 4960 5658 3411 5230 1690 4309 3673 3983 5721 1116 3948 6000 3065 6029 1597 1624 3545 5342 6047 4088 489 590
775 4894 3862 6742 4149 1610 6512 4311 5334 5673 5175 3481 3230 2841 2718 410 5511 2440 4269 1376 1270 3870 522 3924 6928 5976 3604 1689 5551 3793 5724 4012 2277 3308 6864 6935 5452 2286 6355 1626 4992 6479 2617 2520 177 4639 4909 1919 4233 3313
6441 5621 4071 6149 3553 3572 2952 32 6800 5511 1393 5061 5597 6142 5402 1026 4528 6288 5250 1904 5094 270 3337 3121 5286 3233 2700 6283 6774 4033 3082 4362 161 5326 4017 1931 5973 4812 2061 6193 4709 5455 6255 3606 5925 3553 6197 2016 1751 3803
4715 1920 2094 6732 3807 1353 5914 36 3098 26 3860 1185 1457 5215 3788 3506 1233 1518 2146 3203 2251 3017 1762 5221 2598 5799 2528 6111 3896 5084 5741 2989 6445 3898 4300 2120 2475 5281 3055 2399 5644 2842 2810 1097 1941 337 2827 648 4307 1253
1050 4077 1191 2577 1183 2467 5960 544 2326 1820 918 3869 4914 4828 402 2482 5142 5447 2119 3298 1085 6715 5493 172 269 3693 3275 123 6188 1743 2157 4626 5182 1454 3250 1232 4986 2871 1662 1462 2237 6039 2870 911 4059 741 6105 6489 5632 3316
5186 3247 3172 3335 2744 2179 3977 1097 352 2775 3992 2224 6227 1169 3520 6162 5437 726 6946 6068 1063 4709 3246 5233 4480 618 3242 720 2310 3747 301 6170 6762 4287 4244 4695 2439 1555 4648 5757 5314 1326 2730 2027 1260 1622 6693 3648 4430 1153
6660 5650 6406 3030 3371 6193 3662 2233 4834 5195 4361 3295 5322 6105 1601 3933 5053 3123 502 1651 4088 1226 5365 4746 4169 5596 1557 2771 4779 3203 3612 961 2516 3231 3779 6864 4694 877 1520 6869 6481 5040 902 214 2260 4993 5228 5081 5141 6001
4833 2411 1140 5447 4957 2773 5354 781 1749 1510 2471 2800 6033 3982 5760 1412 5314 2146 6333 1568 2339 3441 1107 2664 3101 3760 1357 425 4707 1949 2842 602 148 372 5744 433 4697 1079 5634 1035 4930 1876 5011 3160 351 5365 5330 3784 6987 6564
4438 5718 6562 3829 5038 4982 2460 2204 6371 6799 836 1170 2312 3319 4236 2731 3777 2590 1346 172 6666 3217 1556 985 4127 717 3024 5646 3021 862 2691 6273 6256 2978 3755 683 1746 2316 5973 5020 515 6102 1119 695 6501 3402 4670 6246 6276 6457
1884 2426 5383 1663 4610 3094 6159 1686 2049 3712 6452 5246 5325 5119 2004 3325 730 2586 5140 3560 964 700 2710 4164 5693 3862 3085 5157 998 4268 216 5806 2412 5053 1027 2241 374 5536 3935 962 6192 3832 936 2399 4603 3540 29 1903 458 5926
3308 1013 4315 5970 4300 2529 306 5327 6658 6846 4747 807 4768 668 2220 100 2176 1265 4684 5757 4894 3223 2792 1598 5738 6898 2217 5600 5709 118 2063 1926 710 5547 6211 2507 4208 5487 5535 5131 2480 687 4260 3499 973 4373 3781 2577 5653 6582
6682 1310 2962 1827 6988 5015 3755 6183 4805 4926 363 5641 821 4771 4112 4407 5292 228 1909 6014 6466 1665 2729 983 6885 2508 2067 1353 5726 1235 3557 2417 3964 3925 6675 6942 5458 6378 4802 2744 2851 5801 4531 4276 2230 2390 1493 3409 1631 2126
4458 6861 1920 5738 4310 1932 3823 5690 4255 3396 2837 757 4358 5628 2591 4343 4027 3358 5651 3365 3424 64 5847 2074 630 2155 909 5672 4234 5843 3759 4271 5396 6497 4455 5414 2920 5750 5279 3430 775 429 117 661 4770 2420 3019 449 4655 6737
618 6069 7017 2611 103 5278 3269 4639 1693 6280 4927 5436 541 2845 5843 6135 5199 1172 79 1579 5311 3803 2995 2702 5753 2333 3811 4594 100 4299 4681 329 4180 1841 676 1780 5001 2448 2995 2260 5576 4776 5506 424 3363 1171 441 2707 1985 5909
32
0 11 313 73 99 244 116 58 135 154 29 172 25 306 21 106 333 133 281 119 253 307 261 111 59 119 169 89 300 101 175 54
318 104 281 355 179 323 301 7 51 52 182 7 215 3 281 236 280 257 202 74 247 215 347 234 363 88 246 107 31 281 180 320
185 208 346 249 123 2 256 359 281 272 71 52 332 285 214 314 250 104 34 228 101 319 58 99 197 349 63 57 97 64 209 181
103 56 221 269 271 29 27 21 38 289 293 138 222 159 269 179 124 298 297 51 34 24 21 70 244 82 207 92 133 304 114 114
238 251 328 115 174 107 279 269 200 263 149 197 216 320 243 40 171 146 41 19 199 245 29 335 305 248 337 100 255 267 181 241
57 83 344 132 46 359 111 19 37 315 201 253 36 243 6 112 329 194 119 161 327 126 128 177 26 309 276 65 335 179 46 324
146 75 293 213 39 226 337 196 118 163 82 67 251 362 229 251 196 35 271 54 84 320 259 159 356 56 14 67 3 137 143 132
29 165 183 167 245 297 206 92 135 212 318 221 93 253 203 319 131 132 226 283 166 74 254 304 273 328 67 282 97 107 255 166
351 68 4 81 327 117 314 277 351 99 144 304 7 89 19 184 153 0 54 258 113 143 199 94 54 106 27 256 120 287 238 206
326 7 93 322 249 11 57 56 150 152 52 1 192 277 207 84 313 22 176 27 133 241 74 292 189 152 14 361 58 16 21 36
292 347 41 77 277 356 181 11 216 292 335 186 240 363 279 260 325 362 266 284 6 133 116 27 285 94 311 334 17 325 336 177
250 137 153 271 253 124 229 185 352 36 360 8 224 129 185 235 294 231 346 181 176 362 87 72 159 250 276 11 223 291 169 61
230 27 350 286 316 156 2 80 210 321 21 172 339 316 312 262 357 77 56 240 300 69 6 297 204 170 159 54 291 317 34 217
291 79 172 147 182 256 284 114 12 220 106 21 169 79 30 238 311 124 111 171 333 263 149 30 294 91 13 126 322 313 159 91
153 134 236 156 231 275 295 165 195 224 112 87 148 263 238 65 349 12 117 325 170 187 319 244 150 212 52 354 171 55 113 223
297 175 49 169 52 120 241 299 311 56 64 271 100 125 90 14 327 251 29 241 5 225 211 280 69 325 295 233 177 284 272 69
137 329 191 318 264 108 216 39 125 128 153 208 332 247 268 362 130 34 145 100 335 85 141 29 192 187 195 81 71 151 353 182
210 135 136 287 333 247 208 191 338 83 8 356 180 353 75 300 34 157 22 363 139 256 314 298 143 238 100 314 66 133 150 30
352 1 68 37 22 231 99 292 43 252 147 177 189 36 341 118 346 99 288 311 153 183 103 264 121 155 157 354 131 213 258 175
63 118 152 175 129 169 23 65 363 200 166 325 298 214 152 108 306 210 102 234 320 92 227 16 172 299 315 80 355 243 255 97
329 85 174 128 294 221 9 151 83 178 186 91 201 219 122 208 278 255 59 336 160 260 203 198 187 266 325 199 219 307 155 7
343 13 266 330 94 234 340 284 20 35 130 321 73 343 213 358 288 140 9 8 221 286 170 184 269 339 101 58 49 361 47 123
56 152 181 37 138 107 100 24 108 306 88 136 212 20 96 143 27 278 151 11 259 187 161 264 1 34 87 192 293 226 95 304
173 165 15 243 242 155 84 211 127 33 311 212 305 9 243 243 308 131 301 292 334 29 96 187 271 283 163 141 61 324 172 51
338 225 215 32 162 13 254 49 70 36 127 227 159 209 110 252 149 32 259 352 78 292 155 255 357 156 12 269 39 216 223 326
221 281 116 227 317 98 95 26 137 4 118 322 64 26 317 136 56 94 172 331 153 55 44 230 110 142 208 310 304 61 270 277
251 59 129 107 336 151 79 88 13 314 304 5 67 190 103 229 199 204 168 286 65 265 89 59 321 326 33 94 325 251 44 152
156 157 285 322 150 324 206 3 320 211 143 338 332 210 236 141 45 31 361 187 351 100 146 244 171 23 30 276 54 319 76 200
57 223 232 346 356 96 4 94 71 358 349 295 54 189 104 219 185 113 118 283 30 249 324 16 142 331 174 150 290 33 247 316
102 47 330 295 31 89 347 142 310 283 343 38 0 102 258 86 145 37 245 12 240 355 261 252 200 121 246 202 133 118 144 35
105 288 195 198 10 245 182 115 107 205 79 191 329 156 234 99 209 262 76 179 239 117 217 194 158 48 186 284 257 80 157 352
273 294 151 2 339 197 170 169 197 301 36 18 230 64 3 256 322 296 19 51 312 9 340 2 38 359 105 346 0 22 23 88
38
0 30 846 199 268 660 313 159 365 418 80 466 69 826 58 288 901 361 761 322 685 829 705 301 159 323 458 242 811 274 473 146 859 282 759 959 484 872
813 19 138 141 492 21 582 9 761 639 757 696 548 202 669 582 939 633 981 239 664 290 84 759 486 866 501 563 936 673 332 7 693 972 760 736 194 141
898 770 579 850 677 282 92 618 275 862 158 268 534 944 171 154 263 174 566 489 280 153 599 727 733 78 75 58 104 781 792 375 601 429 728 485 335 804
803 138 91 66 59 190 661 223 560 250 359 822 309 309 645 680 887 313 470 291 753 727 542 711 404 532 585 865 657 110 463 396 112 52 539 661 79 906
824 669 911 272 688 722 491 652 155 226 930 358 124 970 301 53 100 851 545 685 98 657 16 304 888 526 321 434 885 341 347 479 70 836 747 177 907 485
125 877 396 204 793 577 107 612 911 531 320 440 222 181 678 979 619 679 531 95 734 146 228 865 701 431 963 151 38 181 9 372 388 357 80 446 496 452
663 803 557 249 366 572 859 597 252 685 548 863 354 357 611 766 449 201 686 822 739 886 183 762 262 290 690 449 947 185 12 220 883 317 848 750 950 269
389 821 20 242 51 499 415 0 147 697 307 388 538 256 148 288 75 693 324 775 644 556 881 21 251 869 672 31 155 152 405 411 141 3 520 749 560 226
847 60 476 73 360 652 202 790 512 411 38 975 157 45 57 99 789 938 113 209 750 963 488 31 583 788 906 502 648 982 755 703 878 977 720 768 16 359
314 73 770 255 840 902 47 879 908 480 677 371 414 733 684 335 618 501 952 99 973 23 605 350 501 635 796 625 935 490 477 979 235 195 430 677 746 31
602 786 456 165 623 73 945 773 855 423 5 217 567 867 57 466 915 855 845 709 964 209 151 650 811 186 16 802 551 460 431 146 786 858 94 588 785 213
466 396 493 691 767 310 34 594 286 57 457 215 82 644 841 337 300 463 900 711 403 82 794 247 35 342 869 846 430 246 414 362 639 422 625 745 799 448
528 605 302 236 401 712 644 176 944 34 318 879 459 505 862 661 407 572 142 958 462 150 307 603 802 475 132 457 141 324 651 807 842 152 173 734 271 338
243 38 884 677 79 652 14 608 571 757 188 879 797 630 479 768 734 188 371 890 517 859 715 293 583 106 338 347 415 563 898 667 725 978 352 93 393 272
907 232 381 79 519 505 528 220 192 408 953 494 568 364 369 775 899 669 563 518 913 225 22 962 486 954 203 812 93 425 60 980 377 692 850 806 387 644
270 850 178 359 405 81 951 4 183 102 61 626 267 790 116 682 399 480 512 98 921 319 934 269 780 840 413 495 280 713 328 418 424 956 355 576 697 474
172 318 410 474 349 457 63 177 980 541 449 878 807 580 410 293 827 569 276 632 865 249 613 44 466 808 852 217 961 657 688 263 890 232 470 346 794 597
24 408 225 482 503 246 544 593 330 562 751 690 159 908 433 702 548 536 506 720 879 539 593 831 419 20 928 37 720 891 255 633 918 768 55 94 353 867
199 928 576 969 778 379 25 22 596 774 461 497 726 918 274 158 134 975 129 333 152 411 489 101 373 290 270 67 292 827 237 368 574 55 259 387 74 751
408 29 700 506 435 713 3 94 236 519 793 611 258 822 468 448 42 656 655 418 229 569 345 89 841 572 824 24 657 656 831 354 814 791 903 78 260 506
733 764 442 381 167 875 464 138 913 610 581 88 438 36 686 133 190 97 343 613 429 564 297 682 404 88 700 952 212 790 419 691 965 422 33 727 107 584
603 880 598 759 314 614 856 267 256 71 371 11 319 870 173 70 856 369 153 254 464 896 413 149 119 622 299 385 561 838 822 165 730 750 680 159 350 290
908 408 214 237 35 848 823 14 181 514 278 618 537 552 455 773 176 715 242 161 868 881 91 255 879 679 119 410 423 425 771 871 406 876 558 10 865 572
388 913 898 567 638 382 121 85 977 505 949 272 395 660 461 63 81 745 146 863 207 541 155 603 628 936 962 261 11 256 193 967 943 796 147 511 281 593
500 306 320 766 81 673 875 45 383 894 472 407 785 89 668 855 277 127 893 797 85 240 937 384 839 765 928 103 0 277 698 233 393 101 664 33 649 960
706 680 541 328 664 547 361 319 389 94 285 779 527 536 29 662 493 310 290 553 213 517 890 423 632 267 564 708 206 484 645 316 586 525 427 130 504 769
696 218 425 952 737 795 408 6 915 532 459 456 534 813 97 50 622 173 8 691 871 800 51 137 843 25 918 7 103 971 284 935 1 60 64 238 299 757
387 794 729 958 357 768 197 934 358 910 272 364 919 532 264 415 270 710 864 527 835 64 196 469 743 186 745 751 760 672 663 652 270 326 236 238 401 717
437 199 235 648 257 495 738 801 721 959 892 742 160 436 158 174 923 64 113 876 800 876 234 79 650 850 796 710 33 739 513 278 34 733 396 25 331 695
975 556 363 291 914 506 963 468 383 321 116 106 24 702 329 634 340 228 142 137 697 879 547 55 323 919 298 621 974 66 572 741 387 839 338 586 271 47
423 496 748 14 110 839 583 572 800 854 180 939 77 634 620 515 70 828 150 681 163 788 578 87 400 55 882 738 886 468 819 162 432 529 199 250 858 430
378 672 72 44 42 80 489 914 187 53 659 927 25 78 112 88 229 653 536 656 632 343 361 915 435 435 751 718 340 570 915 875 407 466 258 292 412 451
508 915 937 682 267 324 668 133 212 214 413 620 60 278 963 740 140 337 880 216 970 365 517 35 389 127 148 662 845 384 9 933 319 962 432 411 614 112
541 407 118 787 92 90 341 233 447 81 695 479 924 597 510 878 766 182 937 948 509 265 659 718 702 426 188 779 121 950 298 540 765 968 53 338 643 409
121 497 807 467 608 520 270 467 590 856 832 104 854 94 874 503 816 356 627 790 455 474 421 831 699 28 200 428 806 238 935 235 430 692 34 81 505 23
544 456 294 17 169 385 970 111 93 905 786 956 85 956 556 539 724 320 79 85 366 851 787 768 286 452 655 87 249 72 104 900 374 960 502 183 887 149
714 491 408 272 363 873 562 848 2 868 373 437 464 390 524 878 940 136 425 240 505 548 825 620 185 535 311 180 943 366 873 11 87 615 576 619 648 75
791 411 348 755 632 4 759 762 626 640 811 374 576 25 13 638 350 938 620 624 857 19 194 701 669 109 639 742 781 288 113 144 692 584 276 861 751 564
