61
18 19 37
20 16 15
1 22 0
7 53 10
1 52 22
3 15 28
21 25 9
2 37 18
9 34 51
20 10 44
18 41 9
8 17 55
9 13 14
0 51 50
0 11 31
6 37 32
13 27 47
4 43 14
3 53 53
2 15 53
16 7 25
10 25 47
21 24 53
13 0 52
13 23 55
21 34 38
9 7 5
23 30 57
6 24 40
11 3 4
18 8 52
5 33 9
14 38 57
23 15 0
6 11 59
23 48 8
12 17 36
12 18 19
18 5 41
21 2 23
21 28 24
19 5 40
20 16 7
21 48 5
5 57 23
20 46 56
2 0 16
17 14 24
2 40 2
15 58 43
16 33 20
16 33 22
7 23 5
6 47 32
13 1 40
12 18 17
13 13 31
21 25 38
6 34 43
5 29 39
7 35 32
