65
8 13 8
3 42 53
13 3 19
22 18 37
23 4 34
18 23 51
8 35 16
1 25 30
18 0 6
20 35 34
19 52 11
22 4 38
15 31 4
20 9 41
3 48 35
2 24 3
21 45 54
11 50 9
10 32 12
6 52 26
9 41 4
1 2 4
11 55 11
1 40 56
0 4 6
2 14 39
13 40 38
8 22 55
10 26 45
17 20 34
22 53 24
11 15 17
10 27 31
22 57 41
6 19 40
3 12 13
10 37 3
6 58 45
3 20 53
5 59 22
12 2 23
3 9 40
20 23 0
22 19 58
10 25 37
2 33 24
2 48 5
2 20 14
10 4 42
11 56 36
12 53 46
4 57 57
12 16 40
17 42 26
4 47 7
23 18 33
18 59 3
8 39 25
2 30 49
11 37 31
6 28 36
20 50 6
20 5 53
12 49 21
15 48 27
