87
3 40 27
17 38 5
11 6 19
12 2 52
23 36 36
16 20 13
15 49 45
4 23 17
4 13 57
12 37 9
22 48 54
10 28 52
12 19 41
17 37 28
18 52 13
13 43 26
1 14 34
4 45 40
14 47 13
9 40 27
12 8 21
11 32 58
16 7 12
23 55 43
3 1 19
17 44 43
17 51 41
8 9 46
16 23 45
2 14 12
8 23 51
13 49 12
18 18 54
5 19 29
3 22 26
12 11 3
16 16 24
2 1 3
19 3 40
3 48 8
16 16 42
10 3 45
18 32 59
22 37 48
22 32 42
17 20 18
21 58 7
3 19 28
14 23 32
8 11 1
22 27 13
3 35 6
10 48 25
2 22 53
21 25 32
2 14 19
20 42 4
20 9 5
22 29 39
21 53 55
6 20 45
5 39 26
21 14 17
12 55 44
18 43 17
11 6 22
17 30 8
2 23 35
19 32 26
17 8 36
0 49 20
17 8 19
1 47 33
3 52 32
3 20 39
12 0 16
1 50 28
3 36 50
14 21 2
18 56 58
16 6 40
2 18 0
7 10 39
19 41 27
9 13 48
23 18 47
19 1 17
