87
2 20 41
18 0 37
18 0 30
18 2 39
14 48 13
6 54 4
23 1 22
7 28 57
9 24 5
12 38 50
6 55 46
13 38 29
12 37 41
0 6 45
17 22 12
20 39 57
4 9 24
13 53 3
6 28 26
11 58 30
1 2 17
21 16 7
3 59 33
23 47 54
3 20 28
23 9 3
16 35 7
23 43 30
14 57 27
23 5 23
7 8 18
7 54 41
8 39 54
12 34 48
23 3 56
4 57 23
10 8 34
10 29 35
8 50 55
20 34 59
11 53 14
21 5 55
18 27 24
0 35 21
10 8 54
16 3 35
6 8 53
8 53 10
18 9 48
16 37 32
22 55 59
10 22 47
23 35 46
18 28 17
21 51 18
0 0 52
2 41 3
6 19 24
10 41 5
2 27 7
21 44 37
23 1 9
21 27 23
10 10 27
5 44 34
11 50 22
11 28 49
4 29 26
8 24 19
6 10 4
20 28 14
3 26 12
5 56 26
2 42 9
9 43 1
20 18 46
1 8 19
5 9 33
5 53 33
23 51 30
10 51 24
0 41 25
0 29 16
8 11 28
4 45 10
2 47 14
20 19 21
