87
18 7 46
12 48 40
1 34 5
20 12 30
5 23 14
11 25 17
3 8 57
21 32 8
4 10 5
23 51 53
23 32 0
15 37 13
0 13 21
17 27 32
20 47 42
0 32 6
16 39 0
21 53 16
15 32 9
11 46 49
2 35 32
9 25 59
4 2 5
7 3 13
2 9 9
14 1 5
14 25 31
8 12 53
1 28 39
15 3 31
9 45 44
2 16 51
20 1 4
19 41 0
21 34 11
13 53 0
2 21 53
11 27 44
18 52 42
9 31 19
12 25 56
13 6 54
15 3 55
1 8 40
2 36 35
10 20 37
17 0 9
8 20 52
20 31 53
22 38 11
7 28 38
5 9 52
15 4 32
14 15 49
12 11 13
13 57 33
12 7 58
9 22 17
9 46 59
23 7 30
9 9 58
3 47 1
13 6 56
10 30 41
6 31 34
4 38 35
18 41 8
20 51 42
4 6 1
22 2 45
5 21 3
20 37 23
19 44 24
13 42 29
11 9 22
20 59 48
13 33 48
18 56 27
5 26 10
9 45 42
0 0 13
13 25 0
7 24 57
8 46 17
20 30 59
8 47 50
16 33 46
