70
23 55 57
17 57 22
13 5 57
2 39 22
9 0 40
14 32 37
1 31 28
22 50 49
23 55 48
22 34 20
1 2 49
18 14 58
4 46 29
0 18 55
0 5 26
18 15 5
10 6 15
7 25 24
5 8 4
18 51 53
6 59 25
18 33 57
5 50 12
17 31 20
11 32 11
18 9 34
18 25 59
0 22 28
10 57 10
19 3 48
19 57 2
19 9 9
11 21 46
2 58 26
4 11 43
9 10 55
2 38 1
7 43 18
22 8 1
17 14 4
2 24 4
18 46 42
21 52 46
11 37 47
3 29 35
11 41 10
8 43 2
4 2 54
1 39 22
14 29 23
14 7 55
3 28 33
13 42 20
23 40 41
7 56 3
1 27 3
12 50 23
0 56 24
19 41 28
12 51 17
18 5 56
23 32 50
1 14 46
18 21 57
7 4 14
19 46 51
0 41 43
15 19 14
23 34 26
14 17 10
