100 20
6 3 30 85 94 96 100 
29 1 2 4 12 18 19 22 25 26 27 31 34 36 40 53 54 56 57 60 63 64 65 68 74 80 89 90 91 98 
30 1 2 6 10 16 17 23 24 25 26 27 29 31 41 46 48 51 52 53 54 60 62 64 67 73 75 78 84 90 95 
26 5 7 10 11 24 27 39 42 43 44 45 47 52 58 59 60 70 71 75 80 90 91 92 94 98 99 
36 3 5 7 14 15 16 18 22 28 34 36 39 40 41 44 46 47 48 59 60 62 63 64 66 72 74 75 76 79 84 86 87 91 93 97 100 
20 1 6 18 20 26 41 45 47 56 58 64 68 70 73 75 81 87 91 94 95 
34 4 8 11 16 18 19 21 23 26 31 33 35 38 40 42 43 44 46 54 58 61 63 64 71 72 74 78 80 82 87 91 96 98 99 
12 1 6 7 9 11 22 45 54 56 69 73 80 
17 4 11 12 16 26 32 39 40 48 49 53 54 69 86 89 90 92 
25 3 5 16 21 25 26 31 33 35 37 41 43 46 52 57 58 59 65 68 74 83 84 92 95 98 
16 5 15 23 26 29 34 39 40 44 57 63 79 80 93 96 97 
3 61 85 91 
10 4 9 26 32 44 51 53 61 63 66 
2 21 88 
35 1 5 8 9 15 17 18 21 28 33 39 41 42 46 50 51 52 54 55 56 58 61 69 70 75 76 78 83 84 86 88 93 95 96 100 
15 6 8 9 19 23 32 33 35 55 58 75 77 78 89 95 
28 2 3 10 11 15 17 22 23 24 25 36 38 40 42 54 55 56 57 60 65 69 72 73 77 88 89 96 100 
10 4 26 29 35 47 50 82 84 90 95 
22 1 8 13 14 15 27 30 33 34 36 40 46 50 58 66 69 71 77 79 82 88 100 
4 6 35 59 86 
24 14
