100 20
2 11 53 
20 17 31 34 36 38 42 44 54 62 65 69 75 78 87 90 92 96 97 98 99 
39 1 3 6 9 13 15 16 22 23 26 30 34 35 37 38 40 43 48 51 53 56 60 62 63 65 68 73 74 75 77 78 79 80 81 82 84 90 92 100 
9 1 18 33 45 53 57 81 92 98 
15 3 7 9 21 29 36 64 68 72 80 81 82 96 99 100 
20 3 4 8 9 11 12 25 28 32 37 38 40 44 46 59 62 69 71 72 100 
28 1 3 5 7 12 21 23 24 28 29 35 36 42 44 47 52 55 67 74 78 79 80 81 82 84 85 89 98 
22 2 3 8 22 23 24 42 47 50 51 53 60 66 67 76 77 78 80 91 94 99 100 
33 6 9 10 11 21 25 26 29 30 32 38 39 40 44 53 57 59 60 61 64 71 72 76 85 87 88 89 90 91 92 93 95 98 
14 2 26 33 38 41 49 56 59 69 80 81 84 85 92 
19 6 9 15 21 25 29 46 47 52 58 61 69 71 73 76 78 79 83 96 
26 2 6 15 18 19 21 22 25 30 34 35 39 43 47 49 54 57 58 64 65 67 75 77 84 93 96 
20 2 5 6 10 17 20 21 24 45 49 53 56 64 65 70 74 81 90 99 100 
8 2 7 26 30 36 42 70 83 
36 2 4 7 15 17 21 22 25 26 27 29 32 40 42 44 47 48 49 51 60 61 63 68 69 71 72 73 74 75 77 80 83 85 86 94 100 
29 5 11 13 17 18 21 22 24 25 29 30 32 34 39 41 48 57 58 60 63 66 72 73 79 80 86 90 95 99 
23 5 8 11 17 19 20 25 30 34 38 43 50 51 55 66 74 80 85 89 91 92 96 99 
10 3 8 21 26 44 57 65 71 90 100 
36 4 5 7 9 10 14 22 26 31 33 34 35 37 38 40 42 43 45 48 52 55 57 59 60 62 64 68 69 77 78 79 84 89 92 95 96 
18 6 12 13 26 27 30 31 35 36 43 45 58 63 71 78 86 94 99 
61 18
