70 20
19 6 8 12 13 15 21 29 30 32 38 42 44 52 57 59 61 64 67 68 
22 5 7 8 15 18 23 25 26 31 42 43 45 47 50 51 54 55 57 63 66 69 70 
21 2 7 9 10 11 14 20 27 29 31 38 42 43 49 53 55 56 58 59 61 67 
3 4 9 35 
26 1 2 4 5 6 10 17 19 22 25 28 29 31 32 34 37 38 40 49 51 52 58 60 61 63 69 
3 28 58 62 
21 2 5 11 14 16 23 26 33 34 38 41 44 49 52 58 59 60 62 65 68 69 
14 5 9 16 22 26 27 28 33 35 41 45 47 57 63 
3 18 44 61 
21 6 9 14 21 25 26 28 29 31 34 36 47 48 53 56 57 60 62 63 65 69 
4 23 28 59 67 
8 7 19 31 34 51 53 56 67 
4 5 24 39 47 
15 1 7 10 11 22 28 31 35 40 43 44 49 51 52 61 
16 1 2 3 9 28 29 30 31 36 39 40 42 43 44 47 63 
19 2 3 4 17 19 23 26 32 33 34 35 40 45 51 52 59 60 62 66 
22 7 8 27 28 29 30 31 32 36 40 43 44 45 47 48 49 52 54 60 63 67 68 
7 13 15 29 38 39 45 58 
13 5 18 20 21 28 43 44 46 51 55 56 58 61 
15 1 3 6 8 9 10 14 21 28 31 39 44 48 53 68 
66 41
