70 20
32 2 5 6 8 9 14 15 16 18 20 25 27 29 30 32 33 34 35 37 38 39 40 41 42 48 49 50 51 55 59 61 67 
36 2 6 7 9 11 12 13 16 17 25 26 28 30 31 34 35 36 40 41 42 46 47 49 50 51 54 55 56 57 58 59 60 62 63 69 70 
33 2 3 4 6 7 8 11 14 19 20 21 22 23 24 26 33 35 37 41 43 47 50 51 53 54 60 62 63 65 67 68 69 70 
38 2 3 4 9 11 12 13 16 17 18 20 21 22 24 25 29 31 34 35 37 41 43 44 46 47 48 51 54 56 57 59 61 64 65 66 67 68 70 
36 2 3 5 6 9 13 15 18 19 20 21 24 25 28 30 31 33 35 36 39 41 42 44 45 46 50 51 52 54 55 57 60 62 66 69 70 
32 1 2 4 7 9 11 12 13 17 22 24 30 35 36 38 39 40 41 42 45 47 49 50 53 55 56 57 58 59 61 65 66 
34 1 2 3 4 9 11 13 15 16 19 20 25 30 32 36 40 41 43 47 49 50 51 54 55 56 57 58 59 61 62 63 65 67 70 
38 1 3 5 6 7 9 10 14 15 17 19 21 22 26 27 30 34 35 36 40 41 43 48 49 51 52 53 55 56 57 58 59 60 62 65 67 68 70 
35 1 6 7 9 10 11 14 15 17 27 29 33 35 36 39 41 42 43 44 45 46 47 48 51 52 53 55 56 57 59 62 63 64 65 70 
36 1 2 3 6 13 16 17 19 21 26 27 29 30 32 35 37 41 44 45 46 48 49 50 51 53 54 55 56 59 61 62 64 65 66 67 70 
31 4 6 15 18 20 21 26 27 29 30 31 32 36 37 39 40 41 42 43 48 49 51 53 54 55 58 61 63 68 69 70 
33 4 5 9 11 12 15 17 18 19 21 22 23 29 30 33 34 37 41 42 44 45 47 48 51 55 57 58 60 62 64 65 67 68 
39 1 2 4 8 10 12 14 16 18 19 22 24 27 28 29 30 32 34 35 37 38 39 40 43 45 46 48 50 51 53 54 55 56 57 58 62 66 69 70 
30 2 3 4 6 9 12 19 26 30 31 33 36 38 40 41 44 45 46 47 48 50 54 55 57 58 60 62 63 65 68 
31 1 6 12 18 19 20 21 22 24 28 32 33 37 38 39 40 41 42 43 46 48 53 55 57 58 60 61 63 67 68 69 
35 1 2 4 5 6 7 9 12 16 18 19 20 24 27 28 29 34 35 36 40 43 44 46 50 52 54 55 56 57 58 59 61 65 66 67 
39 1 2 4 5 6 9 10 11 14 15 17 18 19 20 21 22 24 25 28 32 33 34 36 37 38 41 42 46 47 48 49 51 60 61 63 65 66 67 69 
33 2 4 8 10 11 13 15 16 18 20 21 22 24 25 26 27 29 37 38 40 42 45 46 48 49 51 57 58 60 63 64 65 66 
39 1 2 8 12 13 14 16 17 18 19 26 28 29 30 31 34 35 37 40 41 42 43 45 48 50 51 52 53 55 57 58 59 63 64 65 67 68 69 70 
38 1 3 4 6 7 11 12 13 18 19 21 24 25 26 27 28 30 31 33 34 35 36 37 39 43 47 49 50 52 54 57 58 62 63 64 65 66 69 
32 43
