70 20
22 1 2 3 4 5 6 7 8 10 11 12 14 15 17 19 20 21 22 23 27 29 33 
16 2 5 8 9 11 13 17 18 19 22 23 24 26 27 34 35 
6 6 26 29 30 32 33 
22 1 2 3 7 8 11 12 13 15 16 17 18 19 21 22 23 25 27 28 31 32 33 
15 1 3 4 6 9 11 12 21 24 26 29 30 31 32 35 
16 2 6 7 12 14 15 16 18 20 21 22 25 30 31 32 33 
22 1 3 4 5 7 10 13 14 15 17 19 21 22 24 25 26 28 29 30 31 33 35 
21 2 3 4 7 8 14 15 17 18 21 22 23 24 26 28 30 31 32 33 34 35 
17 1 3 8 14 16 17 20 22 23 24 25 26 27 28 29 34 35 
13 2 4 6 10 11 15 17 19 21 28 32 33 34 
18 36 41 42 43 44 51 52 54 56 59 60 62 63 64 66 68 69 70 
20 39 40 42 43 44 48 49 51 52 53 54 55 56 58 61 63 65 66 68 70 
28 38 39 40 41 42 44 46 47 48 49 50 51 53 54 55 56 58 59 60 61 62 63 64 65 66 67 68 70 
4 37 52 64 67 
23 37 38 41 42 44 45 46 47 48 49 50 54 55 56 57 58 59 61 62 65 66 68 70 
17 37 38 42 46 47 48 49 51 52 53 56 58 59 64 65 67 70 
21 38 39 40 42 43 44 45 49 51 52 53 56 57 58 59 60 61 62 63 65 67 
20 38 39 42 46 47 48 49 51 53 56 58 59 60 61 63 64 66 68 69 70 
26 36 38 39 41 42 43 44 46 47 48 50 51 52 53 54 56 57 58 59 60 61 62 63 66 67 70 
17 39 41 44 45 46 48 51 53 54 57 59 60 61 66 68 69 70 
32 52
