70 20
8 5 7 13 14 21 25 30 34 
26 2 4 5 6 8 9 11 12 13 16 17 18 19 20 21 23 25 26 27 28 30 31 32 33 34 35 
21 2 3 5 6 7 8 10 11 12 13 15 16 17 18 20 23 24 27 28 29 34 
2 15 29 
26 1 3 4 5 6 7 10 12 14 15 16 17 18 19 20 21 22 23 25 26 27 28 29 31 33 35 
8 4 8 10 12 18 26 27 28 
16 1 2 11 12 15 16 19 22 26 27 28 29 32 33 34 35 
11 1 3 4 6 8 9 11 13 14 18 25 
20 3 4 8 9 11 14 15 16 19 20 21 23 24 25 27 28 29 30 31 34 
22 1 2 3 4 5 7 8 10 11 12 14 16 22 23 24 25 26 28 29 31 32 35 
9 36 40 44 46 47 49 57 64 68 
18 36 41 42 43 44 46 47 48 51 55 56 57 58 60 61 64 67 70 
11 37 38 39 40 46 48 49 50 52 59 68 
26 36 37 38 42 44 45 46 48 49 50 52 53 54 55 56 57 58 60 61 62 63 64 66 67 68 69 
23 36 37 41 42 43 44 46 47 48 49 51 52 53 55 57 58 59 60 61 62 66 67 70 
22 37 41 42 44 47 48 49 50 51 53 54 55 56 57 58 60 61 62 65 66 67 68 
15 39 40 41 42 44 45 54 55 56 57 58 61 62 63 67 
2 49 64 
11 36 38 44 46 49 55 59 64 65 66 70 
2 20 51 
51 28
