99 20
26 1 2 3 5 6 7 8 9 10 11 12 13 14 16 19 20 21 22 23 24 25 26 27 29 30 33 
10 5 7 10 15 16 20 21 25 27 30 
21 1 2 3 4 5 9 12 13 14 16 17 18 23 24 25 26 27 28 29 32 33 
11 3 8 9 11 13 14 16 17 19 21 32 
20 2 4 5 6 7 8 11 13 15 17 19 20 22 25 26 27 28 29 31 33 
24 1 2 3 5 6 10 11 13 14 15 16 17 18 19 20 24 25 26 27 28 29 30 31 33 
15 34 39 40 41 42 43 45 46 49 55 57 59 60 62 66 
11 37 38 39 41 45 49 52 56 57 59 61 
25 34 35 36 37 38 42 43 44 45 46 47 49 51 53 54 55 56 57 58 59 60 62 63 65 66 
29 34 36 37 38 39 40 41 42 43 44 45 46 47 48 49 50 51 53 54 55 56 57 58 59 60 61 62 64 66 
13 34 37 39 42 44 50 51 55 58 60 61 64 66 
11 37 38 42 43 44 48 51 52 64 65 66 
21 67 68 72 73 74 75 76 78 81 82 84 86 87 89 90 92 93 94 96 97 98 
6 73 78 80 82 87 94 
23 67 68 69 70 71 72 74 77 79 80 81 82 84 85 86 89 91 92 93 94 96 98 99 
3 86 88 93 
26 68 69 70 71 72 73 74 79 80 82 83 84 85 86 87 88 89 90 92 93 94 95 96 97 98 99 
25 67 68 69 70 71 72 75 79 80 81 83 84 85 86 87 88 90 91 92 93 94 96 97 98 99 
2 17 73 
2 66 67 
73 47
