100 20
24 1 2 3 4 6 7 8 9 10 11 12 13 14 15 16 17 18 19 20 21 22 23 24 25 
14 1 2 4 6 7 8 11 13 14 18 21 22 23 24 
16 1 2 4 7 8 9 10 11 13 15 17 18 22 23 24 25 
21 1 2 3 5 6 7 8 9 10 11 12 13 14 15 16 17 19 20 22 23 25 
5 2 3 15 16 25 
15 26 27 29 30 32 33 34 37 38 40 41 43 44 45 47 
22 26 27 28 30 31 32 33 34 35 36 37 38 40 41 42 43 44 45 46 48 49 50 
21 26 27 28 31 32 33 34 35 37 38 39 40 41 42 43 44 46 47 48 49 50 
4 29 41 42 43 
21 51 52 53 55 56 57 58 60 61 62 63 64 65 66 67 69 70 71 72 74 75 
10 54 56 62 63 65 66 69 70 72 73 
9 52 56 57 61 64 66 68 69 71 
16 54 55 57 59 60 62 63 65 66 67 68 69 70 71 72 73 
16 76 77 78 80 81 83 84 85 86 87 89 92 95 96 99 100 
18 77 79 80 83 85 86 87 88 89 90 91 92 93 94 95 98 99 100 
22 76 77 78 79 80 82 83 84 85 86 87 88 89 90 91 92 93 94 95 97 98 99 
18 77 78 79 80 81 83 85 86 87 89 90 91 92 94 95 96 97 98 
2 21 43 
2 35 91 
2 66 99 
21 65
