100 20
50 10 99 98 92 56 95 21 87 75 6 100 61 59 37 76 34 30 9 58 43 63 93 90 73 31 14 71 7 4 81 15 36 2 78 38 45 88 19 3 42 52 27 18 20 11 51 86 84 39 49 
50 10 99 98 92 56 95 21 87 75 6 100 61 59 37 76 34 30 9 58 43 63 93 90 73 31 14 71 7 4 81 15 36 2 78 38 45 88 19 3 42 52 27 18 20 11 51 86 84 39 49 
50 10 99 98 92 56 95 21 87 75 6 100 61 59 37 76 34 30 9 58 43 63 93 90 73 31 14 71 7 4 81 15 36 2 78 38 45 88 19 3 42 52 27 18 20 11 51 86 84 39 49 
50 10 99 98 92 56 95 21 87 75 6 100 61 59 37 76 34 30 9 58 43 63 93 90 73 31 14 71 7 4 81 15 36 2 78 38 45 88 19 3 42 52 27 18 20 11 51 86 84 39 49 
50 10 99 98 92 56 95 21 87 75 6 100 61 59 37 76 34 30 9 58 43 63 93 90 73 31 14 71 7 4 81 15 36 2 78 38 45 88 19 3 42 52 27 18 20 11 51 86 84 39 49 
50 10 99 98 92 56 95 21 87 75 6 100 61 59 37 76 34 30 9 58 43 63 93 90 73 31 14 71 7 4 81 15 36 2 78 38 45 88 19 3 42 52 27 18 20 11 51 86 84 39 49 
50 10 99 98 92 56 95 21 87 75 6 100 61 59 37 76 34 30 9 58 43 63 93 90 73 31 14 71 7 4 81 15 36 2 78 38 45 88 19 3 42 52 27 18 20 11 51 86 84 39 49 
50 10 99 98 92 56 95 21 87 75 6 100 61 59 37 76 34 30 9 58 43 63 93 90 73 31 14 71 7 4 81 15 36 2 78 38 45 88 19 3 42 52 27 18 20 11 51 86 84 39 49 
50 10 99 98 92 56 95 21 87 75 6 100 61 59 37 76 34 30 9 58 43 63 93 90 73 31 14 71 7 4 81 15 36 2 78 38 45 88 19 3 42 52 27 18 20 11 51 86 84 39 49 
50 10 99 98 92 56 95 21 87 75 6 100 61 59 37 76 34 30 9 58 43 63 93 90 73 31 14 71 7 4 81 15 36 2 78 38 45 88 19 3 42 52 27 18 20 11 51 86 84 39 49 
50 72 96 26 64 35 40 29 70 46 48 16 65 12 47 22 80 60 1 74 85 23 69 66 41 94 55 89 44 32 24 33 8 79 5 62 57 83 97 82 25 17 91 54 68 50 67 77 13 28 53 
50 72 96 26 64 35 40 29 70 46 48 16 65 12 47 22 80 60 1 74 85 23 69 66 41 94 55 89 44 32 24 33 8 79 5 62 57 83 97 82 25 17 91 54 68 50 67 77 13 28 53 
50 72 96 26 64 35 40 29 70 46 48 16 65 12 47 22 80 60 1 74 85 23 69 66 41 94 55 89 44 32 24 33 8 79 5 62 57 83 97 82 25 17 91 54 68 50 67 77 13 28 53 
50 72 96 26 64 35 40 29 70 46 48 16 65 12 47 22 80 60 1 74 85 23 69 66 41 94 55 89 44 32 24 33 8 79 5 62 57 83 97 82 25 17 91 54 68 50 67 77 13 28 53 
50 72 96 26 64 35 40 29 70 46 48 16 65 12 47 22 80 60 1 74 85 23 69 66 41 94 55 89 44 32 24 33 8 79 5 62 57 83 97 82 25 17 91 54 68 50 67 77 13 28 53 
50 72 96 26 64 35 40 29 70 46 48 16 65 12 47 22 80 60 1 74 85 23 69 66 41 94 55 89 44 32 24 33 8 79 5 62 57 83 97 82 25 17 91 54 68 50 67 77 13 28 53 
50 72 96 26 64 35 40 29 70 46 48 16 65 12 47 22 80 60 1 74 85 23 69 66 41 94 55 89 44 32 24 33 8 79 5 62 57 83 97 82 25 17 91 54 68 50 67 77 13 28 53 
50 72 96 26 64 35 40 29 70 46 48 16 65 12 47 22 80 60 1 74 85 23 69 66 41 94 55 89 44 32 24 33 8 79 5 62 57 83 97 82 25 17 91 54 68 50 67 77 13 28 53 
50 72 96 26 64 35 40 29 70 46 48 16 65 12 47 22 80 60 1 74 85 23 69 66 41 94 55 89 44 32 24 33 8 79 5 62 57 83 97 82 25 17 91 54 68 50 67 77 13 28 53 
2 98 53
10 96
