1000
1
314
8610
2026
2729
6716
3187
1618
3723
4257
821
4748
706
8408
598
2933
9172
3679
7746
3279
6977
8441
7180
3067
1627
3295
4660
2467
8256
2791
4818
1492
8743
2873
7727
9764
4925
8879
8272
203
1411
1435
5008
217
5929
97
7745
6506
7705
7081
5575
2061
6811
5928
9554
6440
9983
2438
6761
2957
859
7723
4953
8816
5100
5733
9531
6848
3387
77
7053
9889
7740
7495
1977
1437
9136
7842
5893
8647
6894
2879
937
6289
2800
8771
1613
2732
5437
9607
1744
1571
2681
1775
5768
4982
2852
1560
6098
7397
7464
804
764
598
1066
7955
8059
3816
6120
4368
7408
4939
3413
8188
8170
1414
935
672
603
1939
6729
2275
5703
2545
3659
8371
3146
3149
6564
6922
9030
3187
4787
2965
7667
7405
5520
7236
4117
5421
5958
8805
6689
1124
4717
4037
1148
539
5486
6734
808
9217
8387
6814
9270
2773
7009
7345
5000
6638
1583
2300
9465
3649
1267
9869
3063
545
1020
8667
5544
6971
1007
6688
166
3099
9043
5352
3271
4424
9006
3472
3538
4878
716
8508
7603
1804
9228
4936
1276
8923
4033
2076
8071
5874
1099
6232
9276
5406
3261
4483
2268
1847
6905
9960
6297
6916
5407
973
7472
1487
2330
8803
7138
4388
9803
1545
394
1844
97
3788
3949
3638
823
4538
5047
4606
6754
8175
5669
2534
3724
5826
8744
6080
2572
6969
5577
8787
3609
3640
6217
7800
4570
2054
6982
8372
7518
9018
1865
7755
2675
2955
7028
4569
9642
1885
123
2245
8991
3228
8629
7631
9666
2744
3961
8361
209
2470
528
5077
4227
4
1502
7093
3125
3954
5477
2610
1511
2930
770
7056
3303
7892
6551
5661
8962
218
2560
8850
6845
324
1580
1556
4130
4189
1437
38
5297
7623
5703
2308
8624
620
4852
751
3671
6641
2059
8037
5213
4187
393
9920
1605
465
589
1014
8034
9544
1152
2134
7635
9801
4974
322
5936
8022
9223
5111
6600
9995
7690
7158
8941
9948
7327
7815
168
3660
3198
748
7837
2601
8550
9180
485
8943
9242
4883
6890
3781
4221
7466
6961
3411
6294
5100
9688
1011
9902
241
6164
3561
5105
6463
8102
6359
9517
4985
4854
9960
2392
1989
4377
6893
7590
322
6127
8003
4643
1684
6345
748
9623
7873
8701
4303
58
2218
5772
8825
586
4742
9314
8699
8596
7213
9812
2127
1542
6613
8251
1898
173
8165
5607
4689
4392
1489
7999
8728
957
5983
7994
2172
4746
4039
5020
7038
7809
3158
352
6047
2920
587
4658
2197
843
6556
8557
3429
3054
4712
9163
7234
4103
841
8085
2520
364
3480
8848
8607
4377
2507
4215
3687
6506
4299
6359
7582
8128
4559
5375
6160
3078
2402
4083
7244
6556
1795
9604
355
3237
8946
4673
5140
8775
6730
4148
5825
1448
9751
4704
1536
3131
6138
8164
4834
1353
4651
1443
3306
6623
8218
8569
1555
1768
7471
2759
3441
2478
390
9003
6896
805
6640
146
6188
5816
7709
1915
8947
8116
6416
4876
7814
7475
1913
3781
9057
5266
8744
7277
2987
5935
1087
3446
3530
4228
5735
9137
6791
7380
9955
3582
953
4004
2773
9226
2362
3880
807
5285
5139
5372
2242
1956
4152
9699
5026
5787
3710
3758
7887
9149
6811
5735
5272
9293
2290
227
9790
4950
9705
2069
8265
953
4329
612
9978
3845
7047
8653
8209
3941
6556
2752
8652
1818
3661
4124
828
9683
51
1870
1043
628
6369
2726
8039
1186
6943
4066
4890
5211
1003
9378
3248
9507
2737
7935
8551
4207
5039
2857
7259
3346
4262
4320
9730
3614
5863
7099
4824
1753
3244
4178
4831
3560
4656
642
1810
9975
5507
4576
8942
8213
5904
4177
2988
8420
5796
2815
6437
8805
2536
6239
456
4742
8226
8675
2211
9780
6684
7008
2680
9059
2361
4785
3529
8078
6077
248
4159
2297
4904
5120
2512
5535
6040
3363
5725
7645
7028
1622
9241
4409
7144
5581
5454
5155
7325
8945
5488
6033
8458
4265
212
9449
380
7329
9067
2594
6439
9341
7821
566
963
3593
8821
2033
9447
5864
9858
7918
3865
258
225
6072
7877
4696
5065
7391
9340
2791
1612
1372
9922
1314
3396
1549
4182
4978
1036
3801
2960
2750
686
2979
8418
2421
3748
5844
568
2643
3940
759
7643
4156
303
7128
5154
4426
7256
39
961
2402
5287
8073
6222
2632
8364
4766
4559
430
6679
6672
4261
2333
5797
3516
913
8559
5826
8388
249
6690
6680
8462
3606
8281
8049
9191
798
2646
5151
7466
7778
4502
3877
1699
8910
4727
1406
9289
6206
5915
899
4464
369
6979
1359
1935
993
3497
6244
4368
5746
3029
6944
4111
901
7130
9692
2159
8041
4263
7030
9824
4297
345
7399
1091
5944
6137
8961
6091
7725
3196
6251
8712
2720
2613
728
3777
113
3254
8851
1765
720
8715
3756
1566
2585
4728
9119
4207
1522
1213
6330
3044
3921
5715
8528
8370
1688
7432
7634
6921
1627
3564
2951
9237
4153
2185
2419
365
8632
8378
148
1842
5237
2833
6292
5467
5619
4635
7871
1795
7282
2466
1643
8837
8965
928
2595
8942
6910
1214
4180
4313
4324
7843
8866
4137
8915
5681
103
8800
5819
3954
9294
9143
5772
6499
3888
1241
872
9939
5146
9663
2773
4020
6717
4699
650
832
7586
1493
8789
2116
5512
1581
6138
6390
9525
9792
2661
115
2606
1969
9844
9593
8104
1496
5204
2864
6035
5090
3117
3263
7798
834
6850
8907
458
3904
9098
4805
4146
7987
908
6800
8698
2821
1297
9090
8110
865
2448
9533
3912
8536
7787
9441
1051
7
2818
7104
2380
4002
1035
6756
338
6607
9775
7190
6927
5509
3344
6758
5574
3673
3254
3962
965
2909
7933
5362
5458
298
6743
5016
3160
2950
5633
2173
5261
9063
4307
6433
2726
5743
7212
2105
4931
6568
3220
5962
5341
4351
1326
5132
7825
7080
2223
4329
9693
7503
8087
4154
66
9315
5417
4670
4647
