100
1
31379940
861048467
202580965
272921267
671654418
318691271
161795466
372238359
425673768
82012160
474794065
70569331
840854434
59724235
293296572
917284708
367906479
774664897
327925536
697674974
844170969
717982857
306641305
162625852
329496454
466020459
246653647
825676416
279029484
481766318
149184935
874335013
287294203
772753268
976459889
492527987
887936004
827276627
20296893
141056223
143504240
500807768
21675853
592934505
9649000
774478004
650657642
770488683
708106955
557507794
206030096
681085653
592851255
955456248
644055562
998371148
243780497
676165955
295695030
85890351
772321748
495278117
881683811
509966299
573322640
953193001
684833786
338711131
7607521
705350699
988937212
774045115
749572664
197707204
143647095
913598516
784195556
589280792
864709120
689371254
287833227
93643729
628920155
280025392
877184656
161234274
273188303
543685423
960792239
174364010
157069520
268121382
177457313
576795478
498155810
285189756
155944744
609765127
739689960
