70
1 4
1 5
1 6
2 4
2 5
2 6
3 4
3 5
3 6
7 8
8 9
9 10
10 11
11 14
11 15
11 16
12 14
12 15
12 16
13 14
13 15
13 16
16 17
17 18
18 19
20 21
21 24
21 25
21 26
22 24
22 25
22 26
23 24
23 25
23 26
26 27
28 29
29 30
30 51
30 52
30 54
30 55
30 56
30 57
30 58
30 59
30 60
30 61
30 63
30 64
30 65
30 67
30 68
30 69
30 70
31 51
31 52
31 54
31 55
31 56
31 57
31 58
31 59
31 61
31 62
31 63
31 64
31 65
31 67
31 69
31 70
32 51
32 52
32 53
32 54
32 55
32 56
32 57
32 58
32 59
32 60
32 61
32 62
32 63
32 64
32 68
32 69
32 70
33 51
33 52
33 53
33 54
33 55
33 56
33 57
33 58
33 59
33 60
33 61
33 62
33 65
33 67
33 68
33 69
33 70
34 51
34 53
34 54
34 55
34 56
34 57
34 58
34 59
34 60
34 61
34 62
34 63
34 65
34 67
34 68
34 69
34 70
35 51
35 52
35 54
35 55
35 56
35 57
35 58
35 59
35 60
35 61
35 64
35 65
35 67
35 68
35 69
35 70
36 51
36 52
36 53
36 54
36 55
36 56
36 59
36 60
36 61
36 62
36 63
36 64
36 67
36 68
36 69
36 70
37 51
37 52
37 55
37 56
37 57
37 58
37 59
37 60
37 62
37 63
37 64
37 65
37 67
37 68
37 70
38 51
38 52
38 53
38 54
38 55
38 56
38 57
38 58
38 59
38 62
38 63
38 64
38 65
38 67
38 68
39 51
39 52
39 53
39 54
39 55
39 56
39 58
39 59
39 60
39 61
39 62
39 63
39 64
39 70
40 51
40 52
40 53
40 54
40 55
40 56
40 60
40 61
40 62
40 63
40 65
40 67
40 68
40 69
40 70
41 51
41 53
41 54
41 55
41 56
41 57
41 58
41 59
41 60
41 61
41 63
41 65
41 67
41 68
41 69
41 70
