100
54 58
72 77
75 79
52 58
45 46
91 99
92 100
85 87
21 26
22 28
31 39
94 98
13 17
35 36
55 57
51 60
32 37
65 66
92 98
12 17
73 76
45 49
93 98
52 57
52 59
33 37
24 29
92 96
73 78
32 38
12 19
63 66
24 30
84 90
95 97
71 77
5 10
85 86
21 30
84 89
34 36
61 69
94 100
25 26
25 28
21 29
92 99
35 38
93 99
61 67
51 59
3 9
53 56
82 86
53 59
1 9
82 89
85 88
34 38
24 27
74 76
42 49
85 89
41 50
41 47
42 47
52 60
74 80
91 98
81 88
23 27
45 50
74 78
54 56
53 60
43 50
95 98
81 89
5 6
32 39
43 46
64 69
23 30
83 88
62 69
82 87
84 88
15 18
94 96
44 47
33 39
53 58
12 20
55 59
65 70
55 58
71 78
42 50
22 29
12 16
34 37
64 68
93 97
84 87
91 96
44 48
11 18
15 20
73 80
74 79
3 8
4 9
82 90
1 10
83 90
75 80
71 76
14 18
5 9
25 30
13 19
61 70
23 28
92 97
15 16
83 87
42 48
51 58
85 90
62 68
61 68
35 40
95 99
51 56
82 88
24 28
64 67
62 67
65 68
81 86
61 66
14 16
4 6
44 49
54 60
54 57
73 79
13 16
63 68
11 19
11 17
71 80
72 80
52 56
12 18
15 19
64 66
45 47
23 29
3 7
91 100
72 79
41 49
3 10
53 57
21 27
4 10
73 77
94 99
34 39
