8 80 352
1 7 5012
1 10 5432
1 16 5113
1 27 8310
1 31 5337
1 40 5467
1 49 5369
1 56 5306
1 65 5172
1 79 5949
2 15 5901
2 53 5562
2 76 5082
3 12 5214
3 14 5537
3 15 5531
3 17 5217
3 42 5077
3 44 5603
3 45 5076
3 53 5863
3 55 5761
4 11 5537
4 31 5640
4 38 5160
4 41 5690
4 45 5420
4 55 5703
4 64 5119
4 73 5987
4 79 5077
5 9 5894
5 14 5285
5 17 5877
5 35 5700
5 42 5722
5 49 5418
5 50 5272
5 60 5993
5 61 5702
5 64 5797
5 69 5440
5 75 5291
5 79 5567
6 12 5562
6 32 5882
6 38 5202
6 44 5456
6 47 5365
6 53 5887
6 54 5555
6 60 5308
6 63 5519
6 79 5821
7 14 5844
7 40 5457
7 62 5443
7 73 5177
8 14 5081
8 16 5935
8 23 5711
8 24 5625
8 35 5353
8 41 5273
8 46 5236
8 50 5730
8 79 5548
9 27 5719
9 30 5717
9 41 5237
9 49 5827
9 53 5075
9 64 5399
9 74 5200
9 75 5649
10 20 5547
10 24 5064
10 34 5359
10 40 5983
10 43 5950
10 44 5036
10 45 5893
10 55 5647
10 59 5164
10 76 5963
11 12 5559
11 38 5341
11 56 5954
11 57 5576
11 63 5155
11 65 5951
11 67 5544
11 73 5272
11 75 5976
12 16 5751
12 18 5394
12 19 5850
12 21 5985
12 25 5364
12 31 5870
12 32 5761
12 34 5931
12 38 5229
12 47 5196
12 56 5191
12 77 5737
12 79 5467
13 22 5520
13 24 5759
13 34 5464
13 35 5555
13 45 5656
13 78 5757
14 36 5929
14 44 5882
14 49 5429
14 52 5655
15 20 5312
15 38 5626
15 50 5587
15 57 5614
15 60 5607
15 62 5457
15 64 5617
15 69 5472
15 72 5524
15 75 5959
15 78 5517
15 79 5516
16 22 5293
16 27 5381
16 59 5014
16 61 5286
16 69 5627
16 70 5723
16 75 5078
17 21 5448
17 30 5024
17 33 5933
17 47 5491
17 52 5117
17 53 5788
17 58 5068
18 25 5634
18 30 5734
18 34 5648
18 36 5574
18 42 5018
18 43 5016
18 54 5781
18 56 5732
18 63 5058
18 79 5796
19 21 5612
19 31 5117
19 33 5934
19 34 5717
19 35 5379
19 39 5413
19 48 5611
19 72 5573
20 53 5709
20 55 5830
20 58 5858
21 34 5432
21 36 5495
21 39 5688
21 45 5908
21 48 5964
21 62 5045
21 79 5793
22 23 5018
22 52 5428
22 53 5121
22 67 5300
22 72 5582
22 74 5739
22 75 5894
22 76 5305
22 78 5808
23 25 5437
23 26 5598
23 27 5122
23 31 5970
23 34 5880
23 37 5930
23 68 5360
23 73 5429
24 28 5613
24 30 5112
24 33 5366
24 49 5992
24 50 5651
24 55 5729
24 59 5953
25 27 5993
25 35 5519
25 78 5295
26 27 5963
26 34 5034
26 41 5007
26 73 5503
27 49 5860
27 69 5298
27 73 5048
27 76 5528
28 30 5784
28 37 5157
28 38 5654
28 54 5813
28 72 5646
28 80 8500
29 37 5055
29 60 5563
29 80 5656
30 43 5605
30 47 5688
30 50 5927
30 53 5777
30 62 5296
30 69 5662
30 71 5304
30 79 5434
31 34 5359
31 36 5697
31 52 5613
31 56 5860
31 63 5402
31 69 5190
31 70 5835
31 71 5500
31 76 5328
32 34 5961
32 47 5323
32 50 5873
32 57 5040
32 69 5898
33 34 5861
33 53 5082
33 67 5651
34 42 5113
34 45 5732
34 50 5111
34 56 5572
35 43 5590
35 45 5629
35 50 5559
36 37 5630
36 59 5857
36 64 5125
37 47 5954
37 60 5672
37 69 5379
38 42 5616
38 56 5949
38 61 5945
38 67 5754
38 71 5931
38 75 5329
38 78 5779
39 41 5523
39 51 5938
39 57 5894
39 73 5139
40 49 5111
40 55 5723
40 59 5078
40 65 5675
40 73 5891
41 61 5816
41 74 5708
41 77 5674
41 78 5150
42 43 5523
42 44 5941
42 68 5129
42 77 5068
42 79 5473
43 52 5705
43 62 5907
43 63 5681
43 78 5507
43 79 5782
44 59 5693
44 62 5982
44 71 5771
44 74 5876
44 76 5553
45 48 5566
45 49 5530
45 53 5040
45 63 5674
46 49 5960
47 57 5947
47 74 5332
48 65 5056
48 73 5737
48 74 5010
48 79 5143
49 50 5677
49 51 5771
49 55 5845
49 65 5286
49 75 5519
50 57 5163
50 65 5578
50 76 5986
51 65 5576
51 69 5860
51 74 5532
52 57 5748
52 60 5540
52 71 5608
53 72 5937
53 76 5889
53 77 5264
54 74 5761
55 66 5828
56 57 5849
56 59 5233
56 63 5460
56 68 5152
56 70 5180
56 78 5485
57 63 5869
57 65 5758
57 74 5880
57 79 5495
58 60 5305
58 61 5448
59 61 5564
59 67 5725
59 71 5283
59 73 5654
60 67 5682
60 72 5986
60 75 5685
61 66 5964
61 76 5542
62 66 5891
63 70 5191
63 79 5571
64 69 5997
64 72 5388
67 76 5171
68 69 5147
68 71 5920
68 73 5004
70 74 5771
70 77 5476
72 78 5153
72 79 5215
