30 400 1770
1 2 4358
1 12 5290
1 14 8480
1 18 8697
2 3 5409
2 4 5166
2 5 3868
2 12 6751
2 14 8391
2 16 8653
2 17 6215
2 18 3986
2 19 6221
2 20 7058
3 6 9218
3 8 5289
3 14 6088
3 16 6264
3 21 3589
3 23 8850
4 5 9320
4 7 6038
4 8 9176
4 10 6323
4 13 7167
4 15 7889
4 24 8083
5 9 8331
5 10 6562
5 11 3881
5 21 5697
5 25 3995
6 8 7836
6 19 7400
6 26 4115
7 13 4222
7 17 4187
7 27 8216
8 16 6632
8 18 4096
8 20 5487
8 21 8667
8 22 6841
8 25 6913
9 10 8289
9 11 9478
9 12 6954
9 13 5496
9 14 4909
9 18 5188
9 21 8609
9 23 8458
9 29 7894
10 11 8194
10 12 8989
10 16 7281
10 18 8633
10 24 6709
10 30 4683
11 16 3712
11 17 6622
11 19 5383
11 20 7524
12 14 5533
12 18 6686
12 21 5078
12 22 5590
12 24 5571
12 31 5095
13 15 8559
13 17 4971
13 19 4516
13 24 8775
13 25 7387
13 28 8823
14 19 5967
14 23 4368
14 25 6981
14 30 6329
14 33 4786
15 19 6619
15 20 5679
15 31 9013
15 32 5867
16 18 4498
16 19 8591
16 23 7153
16 24 9459
16 28 5824
16 32 8577
17 22 5092
18 19 6739
18 20 6750
18 26 4591
18 33 8520
18 36 5871
19 20 5821
19 21 8264
19 28 7202
19 31 5884
19 33 5704
19 37 4125
20 24 8406
20 29 4360
20 33 8342
21 23 7778
21 27 6406
21 28 8075
21 35 8916
21 38 5407
22 26 7390
22 29 4929
22 30 8907
22 31 7153
22 37 7878
22 42 8283
23 24 6225
23 26 9036
23 28 8817
23 32 8386
23 34 7670
23 38 3884
23 42 8868
24 29 6252
24 31 5913
24 34 5605
24 36 3688
24 39 8248
24 40 7255
24 44 6650
25 27 4663
25 30 4327
25 32 9044
25 38 6552
25 39 7243
25 41 7025
25 44 8819
26 36 6738
26 39 7828
27 31 6980
27 32 9339
27 34 3520
28 37 5832
28 40 8528
28 45 7885
28 46 8232
28 48 8525
29 30 4323
29 32 6569
29 42 9490
29 47 4960
30 34 7706
30 35 7579
31 39 7686
31 49 4370
32 34 4447
32 39 8703
32 41 6629
32 46 3856
32 48 6078
32 50 5093
33 36 5991
33 38 5858
33 53 5657
34 38 4654
34 39 4201
34 42 6457
34 49 6532
34 50 8209
34 54 3637
35 44 3581
35 46 5686
35 54 6774
36 37 9252
36 42 6422
36 43 5076
36 47 4906
36 50 9361
36 52 5947
37 39 4512
37 46 3812
37 49 8457
37 50 8106
38 39 8045
38 42 3708
38 44 8176
39 42 5150
39 52 5830
39 54 8269
39 56 4737
39 57 8588
39 59 3968
40 48 5836
41 42 8721
41 46 4985
41 47 9318
41 52 4106
41 58 9036
42 44 4190
42 46 5341
42 48 6474
42 52 8044
42 55 4357
42 60 8340
43 44 8779
43 45 6529
43 62 9059
44 46 9124
44 47 6870
44 54 8255
44 56 4965
44 58 7933
44 61 4892
45 47 7967
45 56 6225
45 57 5378
45 59 6466
45 61 6692
46 47 6060
46 48 8971
46 49 8847
46 50 4014
46 52 5953
46 57 4061
46 65 8416
47 48 5757
47 55 8558
47 56 6533
47 57 4065
47 59 5739
47 60 7044
49 50 6411
49 51 3817
49 54 4810
49 57 7862
49 60 7014
49 69 9417
50 55 8636
50 58 4200
50 59 5093
50 60 8216
50 63 7213
50 68 5650
50 69 7942
50 70 5214
51 54 4238
51 56 5808
51 59 7729
52 55 9257
52 59 5143
52 60 4792
52 67 7532
53 58 4189
53 61 5342
53 62 6177
53 63 9385
53 67 6534
53 69 7915
54 58 6470
54 66 7578
54 67 6113
55 58 8381
55 67 6764
55 70 6138
55 71 4997
56 58 5466
57 58 7652
57 59 7267
57 60 9313
57 61 9113
57 63 8003
57 70 7455
57 71 6003
57 77 8925
58 61 8449
58 67 8867
58 68 8726
58 69 8912
58 71 3757
58 72 7254
58 78 4269
59 60 5805
59 64 4261
59 65 6601
59 68 5803
59 72 9476
60 63 9470
60 64 7516
60 67 7715
60 68 6158
60 69 3997
60 70 5406
60 76 7533
61 78 4212
62 70 6949
62 71 8277
62 77 5960
63 64 4914
63 66 8103
63 68 8465
63 74 7691
63 77 7971
63 82 5048
64 67 4688
64 69 7405
64 74 7910
64 75 6837
65 67 6379
65 69 5773
65 70 5761
65 78 8164
65 81 7463
66 67 4545
66 77 8168
66 81 9410
67 78 4076
67 80 6584
67 81 8437
68 71 7346
68 72 7713
68 74 8719
68 76 5814
68 80 8363
68 87 7831
69 71 6741
69 73 5271
69 81 5090
69 84 3815
69 86 8297
70 73 7958
70 76 4309
70 84 8605
70 87 7690
70 88 8483
71 80 3603
72 82 6644
72 83 4018
72 87 6704
72 90 7849
73 74 4463
73 75 5429
73 82 5029
73 90 3692
73 93 5214
74 85 9131
74 86 6021
74 87 3707
74 92 3827
75 76 8327
75 77 8829
75 82 4009
75 83 5532
75 85 8089
75 89 6536
75 93 6423
75 95 8627
76 78 9110
76 84 9397
76 92 8709
77 89 5708
78 81 9182
78 91 5296
78 92 7430
79 89 3708
79 94 5082
80 88 4790
80 89 8780
80 90 6183
80 91 7340
80 96 6212
80 100 5310
81 92 6928
81 94 4291
81 101 7572
82 85 7313
82 93 8607
82 96 6786
82 101 6442
83 89 8757
83 96 8709
84 89 6025
84 92 4913
84 100 3801
84 103 7201
85 88 7144
85 90 5109
85 91 6090
85 100 9002
85 104 7022
86 89 8601
86 93 7596
86 95 8032
87 88 7616
87 92 7469
87 103 4886
88 104 9128
88 107 7177
89 96 5482
89 98 7350
89 100 7771
89 103 8273
90 92 5140
90 94 3623
90 97 4129
90 102 7285
90 107 4278
90 110 4012
91 93 3932
91 96 6349
91 106 8274
91 107 7743
91 111 3750
92 99 9293
92 107 6510
93 99 5999
93 101 6655
93 105 5741
94 95 5837
94 96 8343
94 98 8829
94 99 6178
94 100 6825
94 101 9055
94 102 4039
94 105 8974
94 107 7159
94 113 7209
95 99 5554
95 100 9476
95 107 9008
95 108 9365
95 113 8168
96 98 4029
96 108 8960
96 111 7629
96 112 9237
96 115 9063
97 101 3720
97 102 8310
97 105 8955
97 112 8214
97 113 7238
98 100 4364
98 105 6211
98 113 3590
98 114 5784
99 103 5452
99 109 6749
99 110 4090
99 114 5829
99 116 4125
99 117 7509
100 101 6766
100 102 6104
100 103 7261
100 105 6186
100 115 6216
101 107 9114
101 108 7363
101 112 8442
101 117 4635
102 106 7260
102 107 9151
102 111 4136
102 117 5098
102 118 3699
102 122 4390
103 105 4624
103 114 7708
103 117 7983
103 120 6302
103 123 4907
104 105 5802
104 109 5312
104 110 7199
104 113 8634
104 114 6730
104 121 5915
104 123 3730
105 106 6812
105 112 7487
105 114 5261
105 125 7984
106 115 5042
106 116 8108
106 120 7866
107 112 5027
107 113 3992
107 114 5061
107 118 8336
107 119 6468
107 120 7314
108 111 8792
108 113 4433
108 115 6825
108 124 5340
108 125 9329
108 127 8037
109 110 6835
109 120 4637
109 125 4225
109 127 3851
109 129 6853
110 117 4094
110 120 7695
110 121 3694
110 124 7595
111 125 8630
111 129 4338
112 116 7656
112 118 4255
112 123 4841
112 125 3736
113 114 7376
113 116 7758
113 120 6079
113 121 4818
114 117 6860
114 121 5376
114 123 7144
114 125 4025
114 126 5458
114 130 7758
115 126 6127
115 129 9008
115 135 4545
116 117 8032
116 122 3551
116 134 5525
116 136 4053
117 120 9153
117 124 9048
117 129 6825
117 136 4280
118 120 7858
118 121 9450
118 124 5122
118 125 9205
118 132 7095
118 133 8962
119 123 8704
119 124 8371
119 128 4578
119 134 8356
119 139 7976
120 123 7662
120 127 8814
120 130 3840
120 131 4646
120 133 6877
120 137 8737
121 123 4125
121 131 9470
121 136 6453
121 138 5210
122 128 4921
122 129 9343
122 132 3771
122 133 8810
122 137 3960
122 140 4157
123 129 5640
123 132 7042
123 141 6735
123 143 5933
124 131 4328
124 133 8312
124 135 6115
124 142 7238
124 144 7582
125 126 3940
125 128 6235
125 130 5335
125 134 7196
125 136 7563
125 137 9195
125 140 3679
125 143 8808
125 144 7139
126 127 8409
126 140 5885
126 141 5367
126 142 7882
126 144 4105
126 145 8979
126 146 4710
127 130 4155
127 131 6489
127 132 6698
127 133 5566
127 134 6697
127 137 8724
127 145 5348
127 147 8224
128 134 8384
128 138 5297
128 140 6552
128 144 7836
128 146 8790
129 130 6281
129 142 8684
129 145 8908
129 147 5951
129 149 8046
130 133 8318
130 136 7860
130 138 8837
130 139 9052
130 148 7671
130 149 7414
131 141 5273
131 146 8002
131 149 6343
132 134 3847
132 136 9339
132 137 3707
132 146 5417
132 149 5136
132 150 7700
132 152 5061
133 139 8256
133 140 8810
133 144 7562
133 153 4566
134 149 6633
134 152 9409
134 153 5839
135 136 5151
135 138 4691
135 142 8958
135 145 4955
135 148 8972
135 151 6374
135 153 5571
136 140 6239
136 141 9139
136 142 6213
136 144 5633
136 150 4526
136 153 9065
137 141 6892
137 144 5493
137 148 9304
137 151 6834
137 154 3809
137 156 9274
138 139 6341
138 148 5913
138 149 8884
138 150 7267
139 144 4875
139 145 8802
139 146 8770
139 148 8343
139 153 3969
139 155 7366
140 145 8657
140 150 7643
140 154 7209
141 142 5181
141 146 4383
141 148 4345
141 149 7965
141 159 7437
142 150 6377
143 152 7212
143 157 8480
143 163 8110
144 147 4684
144 148 5260
144 160 7924
144 162 5755
144 163 8947
145 146 5444
145 150 4399
145 152 9418
145 155 7419
145 157 5612
145 163 7753
146 147 3722
146 152 6817
146 160 6584
146 162 6618
146 163 6325
146 164 7160
146 165 4038
146 166 7049
147 150 5222
147 152 7144
147 156 3502
147 157 3686
147 159 3671
147 167 4449
148 165 7624
149 150 9385
149 154 9285
149 163 6176
149 167 3866
151 155 5707
151 156 7909
151 158 6005
151 168 4423
151 169 8026
152 154 8272
152 155 8019
152 157 4366
152 158 8506
152 162 9203
152 163 8920
152 165 4081
152 169 4310
153 154 6382
153 160 5296
153 161 6182
153 162 9237
153 163 8304
153 165 5327
153 167 5957
153 173 9365
154 156 5146
154 161 3949
154 165 5022
154 169 4649
154 172 4559
155 164 9470
155 172 8764
155 174 5029
156 170 4445
156 172 7891
156 174 5214
156 175 8699
157 158 5783
157 162 7649
157 163 9372
157 167 9067
157 168 8194
158 159 5938
158 169 9152
158 171 9272
158 178 5076
159 166 7938
159 168 6928
159 179 8747
160 163 7655
160 165 7721
160 169 9033
160 170 9497
161 166 7084
161 167 6437
161 169 7231
161 174 5575
162 172 9036
162 174 3868
162 176 7401
162 181 8379
163 165 5906
163 168 7922
163 169 7011
163 174 8246
163 178 6832
163 180 7686
163 182 3810
164 165 8563
164 169 3563
164 178 8662
164 180 6831
164 181 7811
165 171 5330
165 175 3895
165 176 6058
165 184 8254
166 172 8272
166 175 5936
166 181 8381
167 181 8370
167 185 6912
167 187 5972
168 173 8944
168 174 6533
168 181 5574
168 183 5937
168 188 4808
169 174 7288
169 184 7860
169 185 8335
170 174 3597
170 175 7212
170 177 6883
170 179 6805
170 180 4532
170 183 6898
170 186 8461
170 190 7583
171 174 7658
171 178 8900
171 182 4870
171 185 6603
172 174 6478
172 176 5394
172 180 5506
172 189 8092
172 192 8039
173 179 8019
173 181 5481
173 187 6295
173 189 6775
173 191 7791
173 192 5406
174 175 8236
174 184 3911
174 185 6741
174 190 3928
174 194 8559
175 177 6135
175 180 6008
175 184 6715
175 187 8354
175 193 5632
176 180 8581
176 184 5573
176 187 4754
176 192 4600
177 186 9500
177 188 5255
177 193 8304
177 194 3811
177 195 8105
178 182 9500
178 183 8531
178 184 5991
178 185 6450
178 193 6796
178 195 4471
178 196 4170
179 181 5741
179 182 8605
179 187 6068
179 192 5678
179 199 6467
180 181 3652
180 182 4279
180 187 8589
180 195 9048
181 185 8866
181 190 7512
181 192 7862
181 194 4581
181 198 8484
182 191 9057
182 196 4684
182 197 4633
183 185 3962
183 189 6152
183 191 9282
183 196 3776
184 190 5508
184 204 9158
185 188 7334
185 192 9374
185 193 5156
185 200 8897
185 205 7047
186 187 7591
186 197 8703
186 198 6396
186 205 5780
186 206 7817
187 198 8223
187 199 9490
187 200 4012
187 201 4087
188 190 5667
188 193 5477
188 197 7047
188 201 4188
188 208 7683
189 190 6384
189 192 4028
189 194 5088
189 196 7816
189 205 5145
189 207 9481
190 193 8985
190 199 8814
190 204 4016
190 206 8874
190 209 7778
191 199 8367
191 201 5967
191 207 5372
191 208 6492
191 209 7048
191 210 7817
192 194 8545
192 204 3982
192 210 8622
193 194 5319
193 197 6195
193 206 6276
194 195 3642
194 199 8143
194 204 6604
194 205 4792
194 213 6781
194 214 5384
195 199 6158
195 202 6570
195 215 7219
196 197 5490
196 202 8486
196 204 4169
196 214 7530
197 210 8742
197 214 6978
197 217 4147
198 202 5205
198 211 6371
198 214 8364
198 215 4458
199 205 8338
199 208 5453
199 212 6773
199 214 4724
199 219 9144
200 201 5739
200 215 8030
200 216 5517
200 219 9048
201 204 7545
201 205 9221
201 214 6252
201 221 6231
202 203 6610
202 204 3963
202 205 4346
202 209 8141
202 212 5048
202 213 6158
202 221 6701
203 207 4368
203 208 4963
203 217 3775
203 218 5442
203 220 3999
203 222 8875
204 209 8865
204 210 5196
204 211 6929
204 212 4679
204 214 7392
204 215 3540
204 219 4128
205 207 7986
205 213 6070
205 215 3985
206 208 7685
206 216 5400
206 225 5096
207 210 6711
207 215 3782
207 217 6389
207 226 7745
208 209 9294
208 216 8749
208 219 6119
209 210 5428
209 213 7111
209 223 3651
209 224 8501
209 227 9135
210 212 8365
210 215 8390
210 228 8879
210 229 7462
211 216 9011
211 225 8537
211 227 4502
211 229 5298
212 213 3999
212 214 6173
212 219 3663
212 221 6879
212 227 6304
212 228 9158
212 229 8007
213 215 5238
213 216 4216
213 227 9169
213 233 9276
214 216 5929
214 218 3792
214 220 6835
214 222 6056
214 223 8510
214 224 3892
214 225 8586
214 233 4030
215 217 4233
215 220 8597
215 224 9243
215 233 4322
216 221 6458
216 222 6136
216 223 6660
216 229 7647
216 232 9314
216 233 8431
216 234 8685
217 220 5363
217 232 4681
217 236 7344
218 220 7416
218 221 9268
218 226 6468
218 238 8499
219 234 4732
219 239 7328
220 223 6819
220 224 9088
220 226 6307
220 231 7676
220 232 4546
221 223 4262
221 225 7013
221 228 5551
221 229 5293
221 232 5264
221 234 9066
222 226 9483
222 230 5727
222 234 7213
222 242 7614
223 224 4914
223 226 6316
223 227 9095
223 234 3668
223 235 6865
224 232 9490
224 241 5211
225 227 5838
225 228 3616
225 235 5859
225 239 7540
225 242 8177
225 243 4392
225 245 6501
226 235 8991
226 242 8606
227 230 8962
227 233 6790
227 245 7906
227 247 5971
228 230 6353
228 232 3883
228 233 4296
228 241 8480
229 231 4379
229 233 6157
229 234 3668
229 245 7307
230 231 5870
230 234 9350
230 244 8927
230 245 6014
230 249 3698
231 233 4333
231 236 4983
231 237 6564
231 242 4939
231 246 9057
232 233 4761
232 236 4933
232 238 9473
232 239 8404
232 245 4411
232 251 7572
233 234 8676
233 237 5518
233 238 6877
233 252 7483
234 236 4357
234 248 8189
234 249 4273
235 238 4062
235 241 8434
235 248 7926
235 249 7567
235 251 6044
235 252 6443
236 240 8596
236 241 5743
236 242 3645
236 251 5930
237 241 4781
237 246 6386
237 247 8192
237 248 4902
237 253 5340
237 256 4793
237 257 6598
238 248 6371
238 251 6478
238 252 4529
239 242 6829
239 243 7344
239 244 3793
239 250 6748
239 251 4482
239 252 6275
239 255 6366
239 257 6052
239 258 7858
240 243 3803
240 248 6429
240 249 9130
240 253 7255
241 244 8722
241 260 5407
242 245 9039
242 247 5899
242 259 9154
242 261 4821
243 248 8657
243 250 8455
243 262 6546
244 253 3514
244 254 4989
244 258 3906
245 253 7412
245 254 3853
245 258 4485
245 259 6949
245 263 6286
246 247 8809
246 249 3677
246 250 4069
246 261 3821
246 264 4897
246 265 7679
247 250 7320
247 259 7103
247 260 8127
247 261 8043
247 265 8824
247 267 4506
248 256 8264
248 258 5655
249 250 5271
249 252 7287
249 254 8234
249 256 5614
249 264 4498
250 253 8176
250 254 5604
250 257 9368
250 259 6941
250 265 8358
250 268 4877
251 254 5709
251 263 4946
251 264 4182
251 270 4036
252 253 4733
252 266 6300
253 254 7773
253 257 5694
253 262 7151
253 268 6712
254 265 5340
254 270 5514
254 273 7701
255 260 7933
255 273 5535
256 264 6401
256 266 5683
256 267 6435
257 266 3509
257 269 6705
257 276 5370
258 260 9219
258 262 3782
258 272 8228
258 273 9471
259 264 4415
259 277 4122
259 279 4506
261 264 4830
261 271 4820
261 272 3848
261 274 4124
261 277 4753
261 279 8726
262 265 6492
262 267 4265
262 269 4318
262 270 6935
262 277 5704
263 268 7402
263 271 8385
263 273 9202
263 277 6974
264 267 4719
264 270 5467
264 275 9422
264 278 7412
265 266 5681
265 271 4609
265 273 8741
265 277 8281
265 278 8093
265 280 3864
266 273 5057
266 283 7999
266 285 4339
267 268 6745
267 270 7932
267 271 5653
267 277 6760
267 286 8191
268 270 7173
268 273 7649
268 278 7323
268 281 4574
268 285 7794
268 287 9122
268 288 6358
269 271 8011
269 273 8216
269 276 5461
269 278 6264
269 286 6512
269 289 6948
270 271 8815
270 275 7074
270 286 4783
271 272 4950
271 279 3988
271 291 7964
272 284 4213
272 289 8960
273 275 9119
273 278 4463
273 281 7955
273 282 9088
273 283 8050
273 284 5382
273 291 9418
274 287 4626
274 292 8849
274 294 9420
275 276 4884
275 278 6965
275 280 9486
275 281 5913
275 284 5259
275 289 9070
275 291 3887
275 293 4407
275 294 9226
276 278 7441
276 285 6989
276 286 7618
276 287 6667
276 291 8080
276 292 7628
276 296 6174
277 280 8448
277 284 8419
277 289 8083
277 291 4448
277 295 4091
277 296 6352
278 288 7473
278 295 4989
278 296 8646
278 297 8975
279 285 6130
279 289 7393
279 294 5875
279 296 5538
280 285 5654
280 288 6466
280 292 6591
280 300 7036
281 289 8429
281 290 8912
282 292 3701
282 293 5628
282 295 5915
282 302 8377
283 286 5300
283 288 8179
283 289 7191
283 290 9286
283 293 8437
283 295 6698
283 297 5969
283 299 8465
284 287 7986
284 288 9213
284 294 4968
284 300 7677
285 287 3889
285 291 4392
285 292 6782
285 294 4603
285 305 5404
286 293 4785
286 295 8373
287 289 4717
287 291 9066
287 296 3728
287 303 7946
288 290 7390
288 293 4665
288 297 8271
288 299 7035
288 301 7041
288 302 3799
289 292 3733
289 293 4218
289 297 6177
289 298 4807
289 307 3503
289 309 5506
290 297 4609
290 306 4986
290 308 6515
291 294 5972
291 306 4669
292 293 9085
292 300 6979
292 302 5007
292 304 5430
293 299 7838
293 308 4377
294 295 5714
294 299 5121
294 300 4397
294 304 8854
294 310 7666
294 312 8936
294 313 4558
294 314 5514
295 303 6074
295 306 6980
295 308 5330
295 310 6714
296 300 7895
296 310 6879
297 300 5176
297 307 4133
297 309 7254
298 306 8669
299 304 4683
299 307 6734
299 312 6063
299 313 5319
299 314 3698
299 318 6433
300 303 6839
300 317 3512
300 318 3656
301 303 4658
301 304 5642
301 305 8409
301 310 5521
301 313 3957
301 320 5328
302 306 5239
302 308 8470
302 319 9244
303 307 4253
303 309 5860
303 319 7152
303 323 4149
304 312 8634
304 314 7508
304 315 9315
304 316 6789
304 320 6645
304 321 8009
304 324 4522
305 311 3786
305 316 9047
305 319 9319
305 324 9097
306 307 5434
306 308 8497
306 315 7284
306 316 8745
306 319 6435
306 321 8984
307 318 5190
307 327 9134
308 315 9083
308 320 9040
308 321 6872
309 318 5596
309 321 5881
309 322 6510
309 324 8432
309 325 8714
310 313 7432
310 318 8456
310 322 7774
310 325 8116
310 330 5105
311 313 6406
311 316 7054
311 330 8591
312 313 8613
312 314 5821
312 316 8333
312 317 5352
312 321 5746
312 322 4028
312 325 7822
312 328 7855
313 314 7332
313 324 8768
313 330 7565
314 315 9212
314 322 9171
315 318 8451
315 319 8861
315 323 3985
315 331 4963
316 318 8871
316 321 6967
316 324 5887
316 325 8397
316 328 6381
316 329 5482
316 333 4731
316 336 9126
317 320 6245
317 328 8654
317 337 7823
318 319 7616
318 321 3743
318 330 9074
318 335 4068
319 331 3699
320 321 6337
320 324 5627
321 326 4426
321 328 6944
321 340 6090
322 331 8067
322 332 4903
322 336 3850
322 338 4288
322 340 6063
322 342 5625
323 325 8632
323 331 9402
323 332 7112
323 342 7145
324 326 4714
324 327 4302
324 329 5040
324 330 3503
324 331 6060
324 332 5805
324 336 7870
324 341 9147
324 344 5830
325 330 8933
325 331 6163
325 333 4614
325 334 4453
325 339 5342
326 327 5232
326 333 8747
326 337 8973
326 344 4004
326 346 8077
327 331 8940
327 340 4896
327 341 8309
328 341 6262
328 348 6186
329 332 9352
329 336 6199
330 334 4215
330 339 8862
330 346 9067
330 347 5063
331 334 8752
331 338 8886
331 342 4488
331 345 4209
331 346 7387
332 334 9256
332 336 3918
332 344 3920
332 346 5303
332 348 7157
332 351 8132
333 335 4872
333 344 6196
333 348 7633
333 350 7438
334 335 5323
334 338 4309
334 345 5267
334 346 9036
335 338 7134
335 341 9260
335 342 5249
335 344 3870
335 346 7271
335 351 7214
335 353 5697
336 338 8240
336 340 5697
336 344 5376
336 345 4911
336 346 3676
336 348 8890
336 349 4311
336 354 6977
337 340 8875
337 344 4026
337 354 4426
337 355 4524
338 340 7099
338 347 8081
338 350 7007
338 351 6866
338 356 6685
338 357 4709
338 358 8567
339 341 7673
339 342 7817
339 351 7842
339 353 9269
339 355 9110
339 358 5437
340 348 3825
340 355 8851
340 358 3943
340 359 5074
341 347 7655
341 349 5587
341 356 4281
341 361 7139
342 347 8202
342 350 4910
342 353 9309
342 357 4742
342 362 7323
343 348 3578
343 356 4094
344 347 4576
344 354 7510
344 362 5434
345 346 7091
345 347 6968
345 360 7523
345 362 6781
346 359 4942
346 360 5596
347 349 4279
347 352 9307
347 355 3923
347 358 3536
347 360 4560
347 362 9165
348 353 8290
348 355 9483
348 359 8057
348 361 4405
348 363 8514
349 353 3823
349 369 6506
350 357 8257
350 360 8316
350 362 4687
350 364 5749
350 369 8330
351 353 5594
351 369 3837
351 371 4770
352 353 6926
352 356 3615
352 358 5736
352 364 5228
352 371 7482
353 366 5731
353 368 6664
353 371 5632
354 358 7628
354 361 4191
354 365 8778
354 367 6309
354 372 8509
354 373 8037
354 374 7212
355 364 6498
355 369 9124
355 371 7135
355 373 4871
356 359 9494
356 374 4048
356 375 8756
357 361 6827
357 363 4165
357 366 7321
357 368 7793
357 373 9021
358 360 4227
358 366 6950
358 369 7180
358 376 9480
359 361 9185
359 374 7999
359 377 8512
360 363 9274
360 366 8951
360 369 8291
360 371 6242
361 365 5745
361 373 8915
361 377 9025
362 366 6681
362 368 8263
362 372 4400
362 377 5187
362 381 4992
363 367 4297
363 370 4098
363 376 9231
363 378 4906
363 381 8309
364 374 8822
364 376 4343
364 381 8710
365 367 8717
365 374 9449
365 384 8099
366 380 8166
366 385 7558
367 373 5781
367 374 7607
367 380 7851
367 381 5325
367 383 7709
368 369 7264
368 370 8524
368 372 7542
368 375 8862
368 379 8483
368 380 6944
368 383 5111
368 388 9177
369 372 7824
369 376 8990
369 386 3855
370 373 6313
370 376 9103
370 378 4319
370 385 4581
370 386 5360
371 374 6533
371 377 6073
371 389 8404
372 390 5189
373 377 8069
373 381 9307
373 383 5264
373 391 4362
374 375 3713
374 379 4912
374 384 3654
374 390 6682
374 392 7731
374 393 6061
374 394 3815
375 387 4912
375 388 4062
375 389 9310
375 392 5377
375 393 5548
375 394 4358
375 395 7574
376 381 7071
376 384 5451
376 387 9083
376 390 8934
376 391 4045
376 392 7178
376 396 8981
377 378 7639
377 392 5954
378 379 5670
378 388 7888
378 389 8822
378 395 7141
379 381 8459
379 386 8274
379 388 9427
379 391 6434
379 397 9074
380 388 3792
380 389 9332
380 391 5896
380 397 5535
381 383 8978
381 389 7644
381 397 4161
381 398 8741
381 400 7463
382 385 4157
382 388 8113
382 392 7536
382 393 7816
382 395 9188
382 398 4018
382 400 4864
383 386 6070
383 387 4032
383 388 6966
383 390 6803
383 395 7096
383 398 5452
383 399 4842
384 385 3756
384 391 5894
384 392 6117
384 393 6006
384 394 8084
384 396 6992
384 397 4366
384 400 7938
385 386 4655
385 387 4144
385 394 9207
385 395 8559
386 390 6150
386 391 7481
386 394 8859
386 396 7697
386 398 8870
386 399 3765
386 400 5061
387 390 9269
387 394 8066
388 392 9092
388 397 3646
388 400 7105
389 392 5677
389 395 8425
390 393 5611
390 394 6808
390 397 4527
391 394 9495
391 400 6160
392 397 3828
392 398 4076
393 397 8288
393 399 9201
394 395 6597
394 398 7192
394 400 9123
395 397 4935
396 397 8901
396 400 7837
397 399 6859
