40 800 4000
58 64 6559
337 347 6875
59 61 6505
674 675 6743
547 555 5250
617 622 5075
218 223 6848
681 685 6895
692 693 6330
436 447 5091
524 534 5553
779 790 5442
553 557 6811
183 184 6212
715 721 6285
379 392 5025
76 87 6085
125 137 6197
706 712 6353
289 302 6713
344 349 6182
621 630 5041
704 705 6412
778 785 6562
291 294 6263
306 310 5678
312 316 5273
519 520 6838
608 621 6991
511 513 5697
594 602 6476
377 379 5419
347 357 5024
693 704 6903
740 742 6050
234 242 5887
338 341 6786
693 696 6648
585 590 6689
767 775 5018
98 99 5608
684 696 5619
199 202 6710
5 12 6992
184 197 6004
515 516 6703
757 763 6043
597 600 5679
400 406 5630
785 788 5374
352 357 6970
220 221 6310
611 623 5558
783 789 5472
658 664 5003
154 159 5815
711 712 6940
360 370 6401
669 675 6734
366 379 6431
97 110 6986
594 599 6083
259 264 5610
391 400 6491
486 494 6348
711 714 6544
52 55 6896
635 645 5730
64 77 5595
36 49 6082
759 760 5242
133 144 5017
220 229 5843
450 458 6516
9 14 5794
38 41 6968
276 285 6324
462 467 6869
358 370 6640
61 65 6971
568 571 6772
683 685 5319
671 684 6392
327 332 6604
744 757 6847
788 797 5394
343 346 6491
146 156 6054
787 794 6017
245 255 5293
393 401 6607
555 561 6782
279 292 6425
574 578 6980
143 151 6559
336 347 5301
363 376 6996
592 599 5450
452 464 5442
22 27 6147
584 597 6471
502 505 6848
568 569 6950
614 625 5185
703 706 6019
386 393 6917
730 743 5670
519 526 6893
197 209 5627
786 787 5173
616 625 5697
352 363 5770
674 683 5074
765 777 6431
379 380 5137
780 783 5017
749 759 5356
786 793 6469
673 684 5437
523 529 6910
570 580 6843
329 333 5355
789 792 6742
564 566 6519
544 555 5453
782 793 5346
328 339 5170
111 123 6345
619 630 5408
266 272 6976
502 514 5912
302 310 5126
7 9 5990
18 28 6772
737 748 6171
623 624 6273
448 454 5444
203 205 6148
398 403 5144
405 412 6040
393 400 5808
471 476 6239
483 490 5558
364 365 5588
21 30 5224
177 179 5725
42 46 5254
699 705 5930
337 343 5802
329 336 5353
184 196 5605
281 288 6936
689 698 5895
562 572 5160
287 290 5993
713 718 5065
452 457 6195
363 369 6831
302 309 5648
370 379 6735
664 669 6267
689 697 6623
753 761 6984
322 335 5452
730 738 5865
738 747 5455
150 158 5684
182 187 6222
754 765 5511
245 257 5822
315 323 6094
563 574 5693
189 196 6499
235 240 6397
525 534 6777
140 143 5676
755 764 5582
261 269 6513
757 765 6976
34 46 5397
351 363 6170
600 606 5287
227 239 5021
745 755 6316
224 235 5011
552 563 5782
421 431 6451
82 93 5967
11 13 5948
557 563 5165
597 608 5649
320 329 5431
264 277 6016
736 743 5048
317 322 6664
47 50 5935
123 128 6160
507 518 6644
552 560 6013
388 399 6426
614 616 5456
10 18 6200
549 558 5247
119 124 5028
198 203 5395
42 45 5698
138 142 5898
639 640 5361
229 233 5019
667 675 5340
143 155 6958
753 757 5642
322 324 5024
411 423 5352
157 166 6356
628 634 6663
648 652 6198
205 214 5479
296 303 6641
473 476 5005
563 567 5322
726 731 5742
544 553 5812
131 141 6515
173 174 6005
435 448 6687
432 441 5446
706 717 6087
794 797 5096
461 468 6360
726 737 6838
383 384 6616
292 298 6497
401 404 5421
207 210 6692
276 288 5883
249 262 6079
89 98 6251
531 538 5723
252 260 6230
497 504 6544
91 103 5801
558 564 6962
513 526 6561
4 11 6958
794 795 6496
357 367 6539
160 172 5986
728 735 6860
621 624 6800
94 95 5744
145 146 5523
579 585 6756
571 580 6870
218 231 5677
165 169 5995
285 289 5112
468 476 6581
488 493 6866
712 714 6964
308 315 6063
696 703 5781
578 579 6094
14 19 5999
108 114 5708
520 521 6813
302 315 6073
219 222 5996
112 116 5766
82 86 5504
313 320 5463
680 692 6834
489 497 5483
564 573 6905
620 625 5661
518 527 5747
176 186 6400
60 62 6588
11 21 5515
667 668 6112
4 15 5631
533 535 6040
381 382 6245
556 557 5230
710 720 5167
595 599 5846
618 622 6149
712 713 6248
1 13 5235
478 491 5774
502 510 5362
10 12 6895
637 644 6860
517 519 5199
234 237 6310
755 757 5535
159 163 6916
177 189 6501
47 51 5339
488 490 6463
3 5 5790
255 261 6655
249 250 5641
357 361 6622
74 78 5187
608 619 6993
356 364 5117
37 48 5658
142 145 5751
117 128 5793
307 312 5890
90 98 5843
727 736 5758
282 289 5043
70 82 6195
728 741 6677
334 340 5930
27 33 6393
753 763 5880
223 233 5772
541 554 6422
502 507 6176
93 95 5461
130 133 6346
527 533 6806
627 637 5079
465 466 5405
645 654 6066
86 93 5232
514 526 6691
13 19 6017
295 297 5713
6 9 5537
761 764 6364
490 492 6882
596 607 6401
158 170 6724
628 636 5541
379 389 5112
567 576 5197
301 308 5841
34 35 5744
4 6 6103
436 440 6665
44 47 5004
762 769 5286
440 443 5362
183 195 6395
228 233 6590
769 775 6525
516 522 5618
633 645 6930
98 103 5230
488 501 6088
46 56 5494
341 343 6227
317 318 5972
336 338 5293
382 387 5029
796 800 6597
251 260 5160
621 629 6784
546 559 5307
508 513 6580
557 559 6542
427 433 6072
599 605 6701
62 74 5168
41 47 6727
2 6 6130
410 421 5441
56 57 5887
656 660 6653
582 589 5166
756 757 6972
567 579 5384
634 641 6329
304 317 5499
241 245 5369
588 594 5605
675 679 6658
286 288 5881
563 575 6264
262 272 6973
147 151 6464
180 183 5897
779 785 6729
778 787 5651
132 143 5318
738 741 5571
501 509 5477
784 789 5205
598 600 5153
168 181 5210
165 178 5295
28 36 5292
427 430 5760
361 366 5681
707 711 6860
96 109 6690
65 72 6948
439 446 6288
92 99 5705
199 203 5113
489 493 5398
45 52 5688
64 65 6252
639 649 6184
211 224 5380
119 130 6555
137 146 6784
254 255 5535
273 280 6527
219 225 6622
526 538 5013
610 611 5518
748 757 5611
193 199 5876
658 665 6119
323 326 6750
519 529 6605
88 100 5126
57 68 6148
560 572 5411
70 79 6444
105 111 5003
170 181 5873
202 214 5466
395 399 6319
389 390 6678
261 270 5797
438 443 5338
540 550 6611
504 509 6611
104 109 5188
518 526 5248
496 499 6343
627 632 5006
193 195 6074
558 560 6413
197 198 5948
334 344 5178
401 412 5295
569 581 5603
706 714 5775
524 536 5524
196 200 5464
625 632 5696
470 482 6590
128 135 6838
656 659 6994
84 97 5963
545 558 5468
194 204 6435
246 252 5558
319 324 6859
510 515 5563
391 397 5271
765 772 6973
40 51 6184
728 733 5255
302 304 6637
145 157 6081
515 522 5702
573 582 6125
253 258 6020
132 139 5526
573 585 5823
730 731 5212
238 241 6504
113 116 6437
303 307 5456
375 379 6828
587 594 5096
500 509 5167
614 615 5114
130 132 6090
747 757 5083
93 103 6668
383 387 6142
763 774 6608
310 320 5887
326 337 5705
623 628 5523
151 157 5329
226 230 5905
556 565 5407
492 494 5182
446 448 5254
572 583 5728
226 231 6911
270 271 6568
592 593 6137
207 214 5836
601 604 5961
646 648 6367
114 125 6190
288 301 6129
467 473 6796
139 144 6876
566 571 6668
714 726 6078
515 521 6031
444 450 5595
418 424 6905
779 787 5940
781 783 5645
712 718 5283
262 266 5957
371 378 5119
428 437 5864
236 243 6426
139 141 6980
514 516 6623
113 123 5142
464 466 5720
362 375 5894
585 588 6491
124 128 6746
86 92 5261
789 791 5910
714 722 5103
706 713 6637
519 525 6444
289 300 6747
776 777 6101
77 81 5781
414 427 5380
477 488 6056
660 671 5079
675 684 6314
534 546 5811
453 461 5993
373 382 6158
89 92 6211
492 499 5202
258 270 6079
153 163 6798
330 343 5013
481 488 6091
617 623 5839
670 676 6830
429 435 6825
605 612 5785
328 330 6521
503 514 6525
227 231 6590
266 274 6013
793 800 5908
216 218 5329
109 117 5916
180 187 6086
300 311 6534
618 623 5449
660 662 6302
71 77 6064
412 425 6567
192 203 5806
582 593 6785
486 497 6250
397 405 6535
713 714 5117
205 215 5425
474 478 5261
761 763 5057
185 197 6668
709 715 6903
133 139 5312
764 770 5270
55 61 5410
392 394 6447
677 688 6501
486 490 5851
495 507 5210
160 167 5024
164 169 5651
64 69 5599
275 286 6055
420 426 5895
627 635 6968
155 162 6241
641 651 5126
212 218 6729
341 351 5460
706 708 5311
680 689 5628
714 720 5912
405 411 6640
777 779 5404
136 145 6312
311 324 5720
268 270 6913
64 66 5424
690 702 5321
450 451 5184
121 125 5288
730 740 5592
664 665 6110
337 342 5913
590 600 5988
627 630 6292
685 690 5771
141 149 5894
119 125 5094
9 21 6016
288 293 5069
332 341 6288
505 512 5817
219 224 5165
469 476 5637
699 708 5865
544 551 5691
419 421 5760
225 236 5659
585 586 5660
733 736 5511
493 502 5931
751 754 6408
136 146 6986
333 336 6603
213 215 6949
734 737 6449
410 414 5566
103 114 6502
561 569 5549
436 442 5983
579 591 5927
515 524 5349
781 782 5209
735 741 6457
203 211 6072
252 261 5927
427 438 5253
124 133 6240
510 523 5762
601 614 6615
189 192 6348
682 685 6461
606 614 5315
498 511 6422
254 266 6008
598 608 5305
581 589 6042
45 50 6671
178 188 6053
479 486 6728
378 389 6568
550 552 5869
710 719 6541
758 765 5881
143 150 6403
687 696 6614
708 709 6202
505 509 6894
412 415 5773
640 647 6455
705 711 6069
586 590 6209
191 198 6593
755 768 5874
55 67 6668
30 34 6600
234 236 6636
293 301 6475
478 479 6688
570 582 6678
429 439 6114
674 679 6265
781 789 6780
380 383 5266
511 512 6982
646 657 5874
441 450 6212
454 455 5759
184 189 5126
719 721 5512
91 102 5071
350 356 5619
569 574 5866
503 516 5749
266 279 6126
433 435 5179
336 343 5533
413 414 5052
487 490 6824
343 349 5459
62 68 6318
286 296 6702
400 410 5041
668 681 6268
342 346 6530
787 798 6148
15 17 5638
741 743 5054
160 161 6050
139 148 6405
131 132 6543
187 192 5866
568 572 6361
204 215 6156
507 508 6982
672 684 6757
653 666 6903
752 754 6559
582 591 5117
642 643 5645
268 279 5570
286 294 6414
61 70 6072
16 28 5728
787 796 6681
743 750 6573
467 470 6564
491 493 5716
302 305 5566
533 544 6146
114 121 5599
688 697 6702
253 259 6545
743 753 6439
594 604 5348
176 178 6235
499 501 6193
107 110 5613
388 397 6399
241 250 5248
216 223 6441
431 443 6915
363 374 6543
87 89 6621
413 420 5092
262 271 5045
359 367 6132
298 305 5638
169 176 5473
120 124 5608
341 342 6787
430 438 6031
454 459 5312
60 73 5253
397 407 6973
746 747 5555
367 377 5357
14 21 5018
14 16 6465
509 516 5240
456 460 6155
663 670 6809
481 492 6537
329 334 5460
263 274 5881
168 175 6145
718 721 6225
72 77 6012
424 428 5785
535 538 6610
607 608 5339
602 613 5127
674 682 5504
106 109 5372
221 228 5439
645 651 6365
559 568 6009
765 778 6657
199 212 5887
730 735 5254
502 509 6679
60 68 6546
360 366 6303
626 629 6271
146 157 6661
579 582 6024
655 661 5180
645 653 6554
379 381 5412
395 397 5957
745 746 6373
512 522 6339
510 521 5218
719 732 5109
219 223 5408
730 736 5563
244 245 5445
142 147 6334
150 160 6985
754 757 6071
401 407 5857
222 235 5436
740 747 5807
126 127 6554
120 123 5235
427 435 5176
382 389 5509
522 529 5127
402 412 6814
4 16 5787
421 433 5199
503 505 5777
387 398 5915
117 129 5342
419 427 5428
107 118 5544
628 630 6551
286 291 5871
779 789 6691
382 390 6692
756 765 5067
439 448 6078
102 105 6742
170 180 5780
594 605 6078
16 26 6897
770 780 5204
562 571 5491
746 754 5901
202 209 6143
344 346 6186
392 404 5391
194 195 5258
394 406 6088
433 436 6925
541 542 6076
291 301 5578
504 507 5607
108 111 6062
501 503 5925
96 107 6205
702 703 5150
413 422 6556
380 390 6024
92 104 5917
314 320 6795
58 71 5785
25 28 6974
513 517 5240
402 405 5296
516 528 6387
398 401 5121
600 602 6764
775 785 5724
173 176 5158
273 276 5349
119 131 6018
740 753 5966
83 87 5303
722 723 6983
612 625 5415
140 142 5149
135 138 6185
614 622 5525
221 232 5295
192 194 5693
606 615 6289
391 396 6435
452 455 6759
227 233 6788
569 571 5402
566 575 6467
486 488 5376
550 551 6701
774 783 5933
302 307 5616
205 207 6780
447 458 6423
118 127 6302
584 587 6394
96 98 5219
394 401 6873
578 589 5044
348 361 6438
433 446 6511
785 792 5453
382 384 6051
535 546 5559
278 281 5600
328 333 5873
504 508 5189
398 400 6983
276 283 6924
118 125 5407
304 310 6903
311 314 6350
168 180 5978
675 678 6945
503 509 6692
144 152 6010
685 692 6415
589 590 5674
747 760 6046
270 280 5209
81 91 6288
106 118 5900
562 568 5342
348 353 6444
418 431 6880
782 791 6685
745 758 5391
745 751 6349
481 490 5351
509 514 5139
231 235 5938
721 732 6946
344 348 5605
195 199 5624
464 473 5128
50 58 6796
43 48 5134
230 234 6019
233 241 6014
762 772 6338
309 311 5024
494 495 5477
160 166 5490
33 35 5510
203 206 6101
530 532 6583
734 739 6697
465 469 6744
198 211 5328
339 348 6418
367 372 5961
732 737 6765
388 401 6287
422 428 6247
529 539 5350
581 594 5508
333 340 6147
189 198 5860
50 56 5574
327 333 6903
472 478 6197
216 222 5351
395 403 6190
617 625 5997
75 83 5006
138 149 5107
131 135 6502
657 663 5824
470 472 5497
169 172 6785
472 479 5175
95 100 5079
541 548 6501
92 98 5832
366 377 6745
252 264 5391
351 352 6035
671 675 6179
495 498 5505
269 274 5370
380 386 5344
233 240 6784
733 744 5123
223 235 5539
603 609 6781
376 378 5524
431 440 6034
131 134 6060
269 282 6791
110 115 6370
721 730 5970
121 132 5298
468 480 5564
442 453 6228
28 39 5508
717 727 6366
273 278 5212
366 372 6171
21 32 6520
259 263 6452
459 464 6880
326 330 6597
338 343 5431
422 433 5997
177 187 5486
497 506 5639
118 129 5896
615 620 6899
28 38 6577
200 208 5619
333 346 6320
124 125 6249
63 64 6875
752 764 6455
242 248 6943
130 143 5507
75 87 5824
592 600 5867
465 476 6133
607 614 5922
504 505 6338
559 562 6896
402 406 5364
505 507 6690
195 202 5062
634 643 5984
388 393 5775
177 185 6361
659 660 6923
554 567 5339
478 484 5323
389 402 6955
269 277 5518
139 152 6911
513 518 5807
686 696 5568
783 796 6060
789 799 5659
77 82 6402
632 643 5479
89 100 6781
735 737 5246
41 49 6140
586 595 6857
17 20 5849
597 602 5146
645 648 6401
401 410 5652
57 59 6388
132 133 5062
411 415 5766
216 221 5166
289 290 5060
394 403 6327
666 667 5025
452 459 6019
769 781 5448
682 690 5487
675 681 6298
595 605 5282
74 79 6252
591 603 5438
532 538 5628
429 442 5810
433 441 5851
359 361 5403
553 554 6210
473 482 6348
324 330 5647
4 5 6686
480 482 5929
259 262 6689
266 269 5631
89 91 5919
353 360 6465
282 291 5183
148 149 6719
238 244 6197
83 89 5370
35 39 5842
178 183 6444
272 273 6591
614 623 5849
144 148 6928
67 70 5634
536 542 5195
49 50 6142
609 611 6515
120 126 6181
691 694 6610
159 165 6314
449 455 5594
462 466 5685
78 83 5573
234 238 6454
158 164 5917
605 615 5891
13 21 6037
186 195 6858
741 742 5894
62 75 6203
754 767 6199
531 534 6974
163 174 5835
176 188 5572
120 122 6452
700 708 6892
364 370 6108
120 132 6335
443 444 5025
333 345 6655
153 155 5350
109 121 5522
687 688 6544
368 374 6825
288 297 6171
344 353 5502
210 213 5830
173 184 5964
622 628 5899
483 492 6979
786 794 5378
61 69 6472
637 646 5363
793 794 5340
283 289 5788
345 356 6690
276 277 5886
228 236 6683
176 183 5770
345 355 6922
443 447 5838
457 467 5337
731 734 6827
152 159 6795
731 732 5192
776 787 5151
334 341 6226
735 746 6176
149 156 6455
578 590 6263
58 70 5176
534 541 6706
172 175 6021
619 629 5545
465 471 6889
373 376 5746
452 465 5275
215 216 6070
780 784 5235
477 481 5261
95 107 5032
175 186 5548
626 628 5552
725 736 5514
559 572 6584
290 302 5627
614 617 5919
745 748 6464
72 85 6104
587 592 5318
65 67 6744
572 573 5993
269 281 5202
411 412 5751
658 662 6844
442 452 5326
533 537 5277
222 223 5599
61 64 6726
376 380 6456
263 270 5396
727 731 5912
440 441 5693
542 544 6541
721 725 6723
380 384 5160
525 538 6466
409 415 6331
723 726 6358
299 310 5732
101 105 6581
121 133 6418
212 215 5972
421 427 6745
679 682 6809
312 322 5081
467 469 5637
683 686 5618
553 559 6243
80 87 6957
488 495 6584
753 765 5846
700 712 5888
396 408 6014
735 738 6011
282 288 6798
66 68 6549
294 304 6729
251 255 5798
284 288 6761
446 458 6502
796 797 5025
297 302 5332
44 52 5446
545 556 6275
434 438 6928
555 567 6862
273 281 5034
106 111 6569
492 495 5204
624 632 5422
536 538 5944
128 137 6174
15 25 5751
768 778 6846
182 195 5506
558 563 6503
146 158 5679
29 34 6393
37 47 6786
476 482 5676
401 408 6149
53 54 6761
710 714 6081
95 99 6010
686 695 5437
223 224 5703
560 570 5171
162 173 5316
784 792 5574
167 175 5410
434 436 5607
572 581 6729
419 420 6945
171 177 5044
553 560 6297
524 525 5028
454 458 5428
355 360 5348
245 256 5994
557 569 5291
182 186 6577
765 766 5908
429 434 6293
82 89 5432
91 95 6153
237 243 5073
605 618 6587
733 734 5607
551 558 5437
152 158 5611
556 562 6011
231 240 6816
274 275 5658
547 550 6526
707 708 5560
60 61 6930
585 591 5943
530 542 6440
154 158 5543
183 192 6948
687 697 6607
526 537 5162
339 350 6303
150 159 6136
43 46 5596
759 771 6531
746 751 5730
10 15 5934
330 338 6220
75 85 6564
707 715 5825
654 657 6680
84 85 6429
221 233 6127
240 243 6847
734 746 5508
219 232 6945
717 718 6657
333 339 5771
677 683 5024
331 341 5321
36 45 5530
625 631 6922
296 306 5390
266 270 5850
571 574 6087
680 690 5842
702 705 6810
583 585 6565
519 531 5804
314 316 6534
584 588 6238
679 692 6402
776 789 5428
659 663 6792
793 795 5672
787 788 5020
190 200 5761
238 240 6144
587 596 6734
357 368 5617
763 768 5116
438 444 6002
239 247 5744
482 487 5521
131 142 6815
47 52 5914
666 674 5651
530 533 5078
601 611 6269
562 573 5776
134 147 5231
427 429 5626
92 94 6523
84 92 6410
712 720 5844
341 346 5795
360 364 5758
165 172 6952
450 461 6280
537 539 6760
608 614 5772
40 49 5089
348 352 5295
301 313 6032
220 231 5810
459 471 6839
403 415 6193
588 599 5929
280 285 6220
629 632 5945
458 470 6539
51 62 5471
33 37 5042
73 81 5948
133 145 5704
42 51 6968
573 581 5195
643 648 5079
520 530 6624
440 453 6405
138 140 6822
785 797 5856
516 519 6645
463 467 5472
714 721 5510
393 403 6381
753 760 6477
526 539 5069
406 419 5595
787 792 6127
684 689 5497
783 788 5004
16 20 5894
687 691 5885
780 787 6820
13 26 5953
209 219 6980
687 692 6050
693 700 6066
290 293 5977
775 784 5557
379 390 6434
408 415 5979
186 187 5687
514 517 5593
408 418 6859
519 530 5644
487 493 6919
737 746 6725
127 133 5956
159 161 5189
638 651 6952
31 42 5486
474 483 6272
160 171 5821
683 691 5899
367 376 6827
305 318 5391
606 607 5892
549 561 6019
276 286 5131
102 112 6494
88 98 5535
767 772 6086
197 200 6495
34 41 5277
563 566 6765
518 530 6283
684 697 6827
73 83 6587
105 109 5133
726 736 5345
105 117 5351
366 375 6965
163 168 5978
313 318 6789
172 184 5940
500 512 5960
735 747 5468
441 447 6041
795 796 6062
715 728 5751
259 261 5536
84 88 6620
386 397 6963
82 85 5159
23 27 6104
437 442 5856
323 334 5397
287 289 6359
279 281 5371
671 682 6462
146 147 5758
81 90 6853
172 180 6878
366 368 5505
695 705 5106
573 577 6501
615 616 6862
58 67 6418
238 251 6774
42 55 5358
636 643 6207
373 375 5455
776 783 5269
635 647 5328
9 20 6182
150 151 5376
228 239 6099
368 378 5524
525 533 5956
683 695 5283
539 541 5056
532 539 6638
427 431 5548
608 615 5878
365 367 5991
785 794 6864
244 255 6958
60 64 5071
146 155 5825
590 602 5197
484 489 5317
603 615 6493
226 238 6129
568 578 6536
412 418 6548
610 619 6018
667 676 5902
419 424 6804
772 778 5046
648 654 5617
711 717 5938
644 657 5066
705 709 6329
81 88 5674
39 46 5559
780 791 5047
135 139 5163
614 619 6932
19 21 6156
550 553 5387
495 508 5457
256 266 6904
375 384 6350
328 337 6885
238 242 5040
566 578 6527
601 609 5494
412 413 6454
580 581 6174
295 308 6240
628 631 5038
537 550 6461
28 32 6169
261 263 6166
748 761 5550
594 596 6825
383 390 5950
522 523 6573
203 216 5653
675 687 5831
352 353 5956
667 674 5076
659 672 6597
620 631 5047
196 201 6525
540 552 6395
335 338 5336
568 577 6329
374 381 6570
752 763 5400
541 553 6969
18 20 5706
410 411 6761
91 92 5738
349 352 6751
304 315 5843
318 321 6853
73 77 6342
726 728 6147
456 469 5275
338 342 5349
615 624 6538
655 663 6340
728 740 6603
351 353 5499
742 751 6470
461 466 5280
489 499 6547
672 681 6400
19 22 6875
138 147 5055
294 302 6933
776 780 6324
83 92 5991
388 391 6265
293 305 6935
16 25 5235
68 75 6645
383 396 6080
195 204 6077
349 360 6828
722 735 5433
125 138 6024
75 79 6717
21 31 5521
657 661 5861
542 553 5995
161 162 6441
393 399 6791
171 174 6767
95 101 5091
295 301 5439
376 385 6227
622 629 6182
529 538 6342
264 270 6986
181 191 6431
595 596 5604
718 726 6476
527 539 5895
521 525 5605
734 743 6915
369 382 6293
186 198 5212
442 447 6923
756 758 6512
775 781 5058
149 157 5481
272 284 5536
202 203 6252
582 584 5180
716 725 5319
366 373 5135
258 259 6917
523 534 6272
91 96 5067
48 57 5233
743 751 5010
588 591 5829
742 754 5903
378 381 5036
226 233 6097
384 396 5434
42 49 5816
200 212 6215
492 505 5046
716 718 6230
171 172 6424
537 547 6254
704 712 5164
577 588 6842
27 38 6066
591 602 5755
310 323 6193
467 479 6977
365 368 6437
140 151 6800
535 543 5380
628 640 5206
165 170 6659
763 767 6989
378 387 6080
355 368 5689
465 474 6992
493 499 6060
463 474 6877
575 584 5949
566 568 5267
421 426 6540
540 547 6825
8 19 5494
679 691 6611
457 464 5972
51 54 5750
382 394 6861
215 224 5910
150 163 6814
652 659 5165
555 562 5189
375 383 6555
286 298 6977
189 201 5992
547 551 5353
83 93 6431
571 573 5390
657 667 6996
276 282 6031
357 366 6769
360 362 6963
136 143 6055
762 773 5043
782 790 6436
719 725 5899
662 665 5869
639 643 5102
112 120 5133
273 282 6184
66 74 6354
662 670 6806
399 405 6417
759 761 6996
320 321 6676
506 516 5131
23 36 6091
6 8 6716
523 535 6370
82 83 6864
431 435 6334
694 703 6959
406 418 5967
616 626 5942
767 768 6597
478 481 6740
630 641 5077
407 415 6684
363 372 5884
640 643 5236
710 713 5095
139 145 5227
378 383 5114
3 8 6592
109 120 5708
703 715 6237
494 497 6191
193 202 6219
736 742 6127
630 634 6046
242 255 6571
95 97 6973
149 154 5924
767 774 5610
134 138 6660
290 295 5922
105 107 5629
698 705 5676
667 672 6489
682 684 5170
99 112 6141
658 666 5938
201 206 6210
737 749 6800
162 164 6684
428 429 5169
356 367 5351
500 502 6241
624 629 6203
37 40 5850
747 756 6810
526 535 5279
728 730 5887
272 275 5360
465 467 6673
255 268 6535
389 401 6492
579 587 5676
154 157 5154
118 126 6751
425 437 5843
108 110 5070
248 261 5746
377 386 6232
769 774 6530
559 571 5419
75 80 6835
552 554 6240
471 481 6016
561 563 5566
222 226 6590
118 122 6142
775 776 6580
632 642 5272
269 276 6636
372 380 6480
549 556 6861
473 484 6901
375 386 6227
308 319 5682
504 512 6754
735 748 5569
55 63 5486
328 338 6492
94 102 5594
697 703 6733
91 99 5491
147 156 5610
610 612 5250
410 418 6599
700 704 6409
187 191 6828
493 504 6274
179 185 5320
316 321 6012
500 503 5941
763 772 6061
311 321 5121
96 106 5524
513 520 6874
618 621 5303
474 485 5621
349 358 6474
459 462 5330
143 147 5057
585 594 5531
349 353 5749
678 690 5728
456 463 6835
311 323 5018
511 524 6205
255 256 5557
636 647 6937
785 796 5079
243 246 5187
361 365 5665
669 671 5736
237 248 5476
271 283 6958
484 497 6140
656 661 6572
788 799 6892
17 28 6589
256 260 5892
678 683 5052
752 755 6886
484 494 6432
471 474 6086
780 781 5485
380 389 5758
615 626 6126
147 150 5750
20 29 6413
302 308 5944
472 476 6761
418 421 5270
671 676 6816
449 459 5475
330 335 6195
375 377 6520
675 688 6441
99 111 6451
131 133 5406
190 194 5488
309 316 6449
392 402 6602
483 486 5106
563 570 6774
464 471 6645
375 378 6022
476 487 5692
576 578 6354
661 672 5191
779 792 6917
464 474 5429
455 458 5810
78 80 6296
761 774 5012
205 216 6062
139 143 5321
232 241 6460
15 28 5617
291 300 5568
94 101 6797
124 137 6417
688 694 5199
63 74 5666
788 791 5909
696 707 6153
736 746 6236
761 770 5079
316 328 6448
739 740 5178
68 70 6710
794 796 6886
598 599 5732
626 633 6138
177 190 5492
118 121 5201
565 573 6333
795 797 5195
622 634 6753
79 83 5652
166 171 6730
333 341 6879
574 576 6093
691 700 6918
232 240 5318
743 754 5372
705 716 6162
355 356 5306
156 160 6984
671 683 5608
750 753 6966
341 353 5829
265 270 5255
417 423 6111
437 445 5700
393 398 5163
49 55 5509
144 145 6651
491 502 5449
668 671 6457
775 778 5172
590 596 6228
399 408 5463
519 527 6960
324 333 5931
305 313 6674
250 262 6795
399 409 5358
376 381 6427
572 574 6348
1 10 6687
303 311 6139
351 354 6503
678 684 5151
4 10 6726
249 259 5226
615 619 5885
60 66 5076
216 228 6050
532 540 5645
580 582 5585
143 156 6548
185 193 6750
712 723 5052
141 154 5895
61 67 5174
687 694 5822
410 413 5236
303 313 6542
446 450 6045
11 14 5308
182 189 6117
145 147 5729
42 44 6001
695 707 5612
674 687 6251
420 427 6912
80 91 5240
13 24 5969
282 293 6298
649 662 5222
165 168 6956
461 472 5219
562 565 6201
167 176 5811
675 682 5591
253 265 5076
771 780 6748
112 114 6090
557 558 5849
239 248 5607
186 196 6333
136 144 6902
517 523 6474
686 688 6669
447 460 5616
173 181 5549
670 671 6747
79 88 6618
260 261 6239
769 776 6893
752 757 6726
550 563 6945
347 353 5576
87 96 5787
112 122 6323
687 693 6515
644 650 6686
241 243 6523
286 292 5575
750 751 5151
651 652 5928
637 638 5009
691 704 5977
766 771 6875
531 539 6362
339 340 5213
454 462 6506
430 442 5644
301 302 5709
103 115 6814
135 143 6801
711 718 5206
773 782 5776
536 539 6781
120 127 6100
628 638 5078
254 263 5988
528 538 5508
604 607 5603
224 232 5442
747 748 6676
797 800 6353
764 776 6092
562 570 5928
794 799 6333
345 358 6865
313 321 6512
633 635 5228
70 78 5669
462 469 6212
406 413 5166
792 794 5361
529 542 5396
483 496 6154
663 675 5644
371 383 6242
534 545 6227
407 418 6325
506 509 6684
725 728 5044
68 81 6695
525 530 6371
549 553 5679
570 575 6893
233 236 5129
208 216 6152
727 738 5235
77 83 6520
366 367 6206
621 626 5391
263 265 5988
479 482 6895
315 324 5871
87 100 5483
404 414 5427
297 306 5361
760 772 5473
647 650 6763
410 422 6858
283 291 6421
541 550 5657
134 144 6164
624 633 6392
133 135 6976
158 166 5712
588 592 5389
121 134 5603
577 579 6771
649 658 6933
256 268 5982
74 85 5382
102 108 6263
239 252 5983
246 251 6598
577 585 6599
795 800 5319
762 763 5802
683 693 6434
298 300 5136
156 159 5411
111 113 5164
85 90 6853
32 39 5162
742 753 6576
323 327 6820
788 794 6661
578 584 6093
158 162 6872
678 681 5034
589 594 5571
237 249 6306
217 228 6216
333 335 6161
214 223 6139
16 29 5932
121 129 5628
305 314 5673
790 799 6522
116 123 6448
512 523 6490
161 168 5273
518 520 6789
647 654 6005
138 143 5676
9 11 6116
460 465 5466
15 23 5678
768 780 6789
521 522 5979
353 366 6577
489 501 6072
18 30 6158
402 404 5159
416 419 5251
612 619 6222
280 293 6746
27 40 6483
89 97 6295
567 575 5394
46 59 5893
623 635 5188
399 401 6356
265 275 6098
370 375 6703
662 674 5018
509 520 6297
255 262 6803
490 496 5201
106 112 5284
653 663 6872
575 582 5637
785 786 6903
473 483 5427
769 773 5959
9 12 6191
679 686 5695
160 165 5730
494 506 5580
224 229 5770
178 190 6431
685 694 6322
458 462 5387
700 711 5339
279 285 6744
340 342 5501
683 694 5784
611 621 5961
788 792 5408
643 650 6217
686 697 5122
671 680 6471
277 282 6382
358 362 6548
445 454 5745
205 218 6008
108 117 5141
173 180 5853
2 9 5809
159 172 5224
370 377 5777
237 242 6891
443 454 6072
432 434 5968
449 450 6166
588 597 6136
329 339 5759
350 362 6690
181 194 5778
714 716 5160
729 742 5482
684 685 5952
611 614 5803
736 741 5162
534 547 6644
330 333 6745
439 443 6500
214 225 6936
261 268 6292
157 170 6512
420 430 6928
299 304 6684
617 629 5817
154 162 6045
288 296 5926
784 793 5979
724 733 5630
34 37 6661
371 382 5992
642 651 6287
609 616 6175
307 320 6019
722 726 5440
291 303 5316
384 389 6438
567 578 6894
293 304 6915
72 75 5594
91 104 6226
143 148 5762
54 61 6821
550 560 6171
466 474 6768
181 184 6644
153 162 5704
278 282 6551
256 259 5930
534 544 5480
2 13 5838
729 737 6913
199 210 6763
168 179 6590
458 460 5389
791 794 6450
171 184 6835
352 358 6056
70 81 6361
738 749 6157
489 502 5666
54 66 6045
697 709 5658
70 72 6482
135 136 5127
76 86 5841
552 559 6145
289 301 5531
136 147 5004
547 559 5037
606 616 6479
560 562 6510
168 177 5314
516 524 5004
611 620 5090
786 795 6086
741 744 6797
496 505 6002
739 746 5550
21 26 5041
215 223 6614
720 728 5045
41 52 5214
720 731 5790
330 331 5876
143 153 6173
22 28 6522
121 130 5272
594 597 6552
583 596 6228
350 358 6361
478 480 5069
506 510 6934
539 548 6749
193 197 5117
250 258 5565
736 740 6897
781 792 5982
196 203 5465
416 428 6194
763 770 6130
122 134 5618
576 580 5553
137 143 5817
378 379 6038
640 649 5590
162 168 5586
182 194 5871
733 746 5270
562 567 5792
602 610 6905
652 654 5053
668 673 5636
591 604 6303
307 310 5396
77 89 6683
138 144 5075
575 578 6628
503 510 6549
697 700 5954
416 421 6433
349 361 6623
632 645 5365
202 212 5553
620 630 6320
778 784 5227
492 501 6043
524 537 6965
45 46 6425
682 691 5716
212 219 5613
755 761 6127
5 6 6283
100 107 5429
54 57 5537
575 585 5177
210 215 6636
271 278 5648
684 694 6912
342 348 6116
3 16 6122
464 475 5224
482 483 6591
268 272 6029
130 142 6694
763 776 6959
135 140 6342
64 73 5463
155 167 5663
43 52 6893
230 241 6343
188 199 6593
372 381 6886
126 139 6040
573 576 6977
712 715 6814
2 7 6376
670 672 5938
773 777 5093
69 76 5799
79 92 6812
17 18 5562
511 517 6764
57 67 6474
256 263 6888
287 297 6696
426 427 5718
616 618 6443
512 518 5123
777 783 6356
574 579 5104
495 506 5174
425 436 5535
604 606 5608
334 339 5008
522 528 6397
177 182 6883
727 739 5294
487 492 6049
551 563 6787
376 386 6898
349 356 6196
433 442 6200
726 733 5984
696 706 5382
457 469 6856
317 319 6481
599 603 5121
85 96 6819
549 554 5870
429 440 5792
561 574 5720
367 368 5015
199 209 6282
462 470 5123
192 196 6758
534 536 5161
691 697 6195
366 370 5156
401 411 5318
776 784 6645
184 190 6933
159 171 6304
436 439 6900
233 246 6679
314 327 6602
643 654 5261
129 134 6577
236 240 6527
558 559 6638
352 365 5259
254 264 5084
86 96 6605
732 739 5929
732 744 6001
64 71 6183
792 799 5223
553 558 6170
436 445 5095
633 644 6365
165 171 5364
400 412 5191
437 449 5718
379 382 5451
453 458 5528
487 496 6425
119 126 5176
478 483 6122
84 96 6055
9 19 6090
737 738 5555
531 535 6542
206 212 5053
365 369 5684
671 678 6824
450 452 5706
646 652 6922
743 745 5510
705 707 6436
40 52 5342
271 282 5153
402 410 6393
561 572 6879
704 711 5526
582 587 5942
689 696 5329
54 59 6732
472 485 6039
675 683 5537
459 469 6712
460 471 5042
754 755 5055
19 29 6989
526 533 5811
216 217 5442
466 478 6514
10 16 5343
552 553 5195
360 371 6279
770 772 6438
690 701 5837
650 659 5601
472 484 5359
23 31 6293
72 84 5543
774 778 6585
521 528 6793
132 145 6868
728 738 5216
28 37 5042
417 429 5899
284 289 5595
486 489 6285
708 710 6524
639 650 5121
711 715 5628
117 127 5657
781 788 5792
646 649 5737
581 591 5397
364 377 5376
112 125 5025
314 318 5664
146 151 5126
73 84 5558
665 675 6283
197 204 6414
606 619 6505
298 304 5836
674 677 5457
637 650 5062
690 692 5035
303 316 5491
571 581 6526
688 696 5557
134 135 5032
397 404 5338
685 696 6598
410 412 5892
356 369 6424
265 274 6143
344 350 5379
115 116 6483
169 173 6940
668 674 6405
160 168 6480
676 686 6236
404 407 6429
560 564 6998
622 623 6255
626 636 6414
507 514 6343
538 544 6991
24 28 6171
577 584 5613
76 83 6134
454 460 6793
408 419 6374
747 759 6326
374 377 6870
489 498 6730
285 296 5635
399 407 5007
787 800 5297
645 656 6148
517 527 5753
644 645 5525
79 87 5030
326 338 6537
310 313 5747
554 566 6552
49 51 5806
159 166 6234
472 475 5670
266 271 6382
439 440 5917
33 39 5056
35 43 5161
782 794 5360
492 493 5873
269 278 5148
711 723 6252
181 192 5600
634 645 6645
655 660 5968
632 635 5556
603 614 6161
692 697 6724
423 425 5769
281 289 6269
771 773 5521
428 441 6718
773 779 6959
149 160 5666
673 681 6598
220 225 5818
372 374 5173
180 181 6917
233 239 5455
422 427 5204
442 449 5125
32 36 5913
488 497 6884
535 541 6486
381 393 5305
715 717 6830
732 738 6475
279 283 5880
294 307 5864
447 453 6277
67 73 5858
457 466 5797
319 330 6070
91 93 5842
630 640 5835
729 739 6248
526 527 6205
771 775 5689
56 65 5778
178 189 5263
161 174 5026
324 331 6811
476 478 5999
59 67 5056
727 728 5438
41 42 5859
700 702 5969
753 766 6080
178 191 5133
708 717 5796
301 314 6190
142 155 6038
141 147 5894
371 381 5041
573 579 6992
66 77 6009
279 282 5117
650 661 6260
649 659 6052
625 626 6715
17 26 5879
620 624 6133
707 720 6799
325 327 5400
80 82 6657
30 40 5815
5 8 6942
343 347 6214
684 688 5821
553 563 5563
220 230 6985
165 177 6299
524 535 6109
624 625 5382
372 383 6136
280 282 5947
342 354 5653
280 281 6777
532 535 5148
756 764 6120
697 702 6596
306 309 5935
205 212 5271
7 10 6091
226 232 6420
123 127 6727
251 252 6788
153 154 6574
727 732 6419
169 181 5029
257 265 6215
695 706 5793
526 532 6149
301 306 6049
723 727 6061
302 314 5410
791 800 6188
500 506 5062
567 570 6586
555 560 6295
486 498 6156
742 748 6730
495 503 6879
468 481 6394
318 326 6511
537 543 5269
736 739 6093
584 595 6640
41 45 5396
152 160 6840
549 550 5084
621 627 6229
705 715 6132
423 424 5618
348 360 5094
270 275 6009
613 622 6254
669 682 5605
702 707 6165
648 659 6953
258 266 6482
558 570 6779
571 577 6311
132 142 6060
720 721 5684
468 473 6339
199 205 6601
251 261 6156
198 210 6073
646 658 6909
296 297 6334
455 463 5562
362 373 5894
238 245 5522
187 190 5809
300 310 6078
269 270 5484
57 58 5187
503 512 5300
36 43 6819
514 518 6684
500 513 5592
643 646 5800
732 734 5589
59 60 6489
230 231 5424
192 198 5914
380 392 6505
594 595 6535
247 250 5091
49 59 6546
495 496 6690
277 287 5767
181 189 5353
780 788 6646
343 351 6778
673 686 5798
451 463 5019
544 547 5204
225 231 6124
505 506 5258
421 430 6792
292 300 5320
429 433 6128
598 605 6689
358 359 5080
93 96 6641
361 362 6566
256 264 5619
53 56 5382
58 62 6145
640 644 5319
768 773 5397
216 226 5827
419 423 5202
381 386 5590
256 267 6051
111 116 6302
548 558 5989
203 208 5741
703 713 6132
724 725 5474
503 515 5575
359 362 6248
220 226 5813
507 517 6088
309 312 6188
742 745 5771
602 614 5700
147 155 5339
447 450 5975
411 417 6475
660 673 6418
702 715 6160
63 71 6710
425 426 5081
522 526 6943
171 183 5418
784 791 6934
58 69 6409
672 676 6238
163 173 6267
639 647 6962
463 472 5894
517 518 6751
17 25 6548
537 541 5135
491 492 6981
655 666 5742
84 87 5474
236 247 5246
482 495 6757
475 483 5694
392 396 6841
9 18 6041
338 349 5265
367 374 6168
322 323 5530
391 392 6142
197 201 5559
699 710 6818
76 80 6934
219 220 6326
544 549 5756
90 100 5466
451 464 6851
358 363 5661
50 52 5777
155 161 6748
675 686 6903
89 93 6796
226 229 6898
13 23 6135
513 522 6755
766 767 5068
121 123 6832
308 309 6224
281 282 6490
657 668 6960
404 412 6217
663 665 6909
318 323 5817
62 66 5750
455 466 5255
84 89 5194
546 557 5020
399 412 5766
632 638 5148
233 242 5940
603 604 5853
6 15 6693
680 683 5811
623 633 5249
99 107 5751
652 658 5771
545 554 5857
531 533 6521
331 334 5599
503 508 5596
275 282 5435
527 531 5543
151 156 6404
225 229 6134
535 547 6801
768 781 5179
701 708 5650
56 59 5829
11 18 5180
683 688 6927
531 541 6907
355 364 5845
253 257 6820
514 524 6545
635 648 5659
131 143 6474
50 59 5385
780 789 5308
512 517 5552
540 553 5880
774 781 5663
609 615 6105
208 221 6266
490 497 6932
249 261 5954
739 749 5792
28 33 6691
208 213 6915
179 182 6662
665 674 6391
163 166 5835
414 419 5665
210 212 5433
194 202 5632
267 269 6156
374 375 5390
328 334 6493
19 26 5139
208 210 6271
147 149 5417
194 203 5899
681 691 6537
299 307 5324
131 136 5634
426 431 6248
772 783 5964
376 384 5199
401 413 6713
7 16 5010
559 565 6792
471 477 6017
365 377 6709
18 21 6487
29 41 5285
556 564 5643
529 537 5808
693 697 5079
585 596 5623
743 749 6032
722 733 5632
289 296 6425
267 274 5165
789 800 6455
718 724 5259
146 149 6332
332 333 6245
189 199 5189
44 54 6700
717 729 5123
127 135 5209
375 376 5096
391 393 5376
783 784 5709
586 598 6885
289 294 5298
578 591 5622
267 280 5993
158 168 6580
658 659 6114
449 454 5024
609 613 5294
745 754 6798
612 615 6326
88 92 5078
720 725 6708
605 617 5145
332 345 5738
372 378 6141
20 25 6427
799 800 5028
663 671 5542
60 70 5851
221 222 6646
156 166 5177
408 411 6912
287 288 6639
117 124 5864
746 750 6012
381 387 5016
191 193 6873
152 162 6547
378 386 5755
347 359 5512
532 541 6289
746 755 5843
418 428 6830
444 449 5512
423 435 6574
133 142 5961
383 393 5709
190 198 6601
158 159 6354
674 686 6750
323 332 6645
392 397 6846
194 207 6463
729 741 6485
662 666 6748
439 451 5030
711 719 5985
575 588 5522
422 424 6419
454 465 6111
698 708 5469
667 677 6759
386 394 6107
781 786 6452
302 313 6181
310 321 6991
167 177 6922
151 158 5564
571 582 6854
238 249 5095
2 4 6657
137 150 6129
257 259 5683
464 465 6005
274 284 6467
420 421 5280
272 283 6704
276 284 6309
699 701 6086
70 77 5134
668 675 6568
377 382 5097
250 252 5368
283 292 5124
154 166 6238
698 706 5860
311 319 6500
94 104 5782
526 531 6871
127 132 6104
80 92 6065
221 230 6491
736 744 6210
446 455 6915
477 487 5697
397 400 6618
246 248 6949
547 556 6498
44 48 5592
555 558 6092
666 668 5263
18 19 6719
297 310 5966
170 178 5521
501 508 6645
764 766 5621
35 47 5720
52 64 5235
123 124 5954
534 540 5981
218 224 5492
716 726 6916
342 355 6438
323 328 6966
124 130 5396
681 688 6137
485 492 6401
527 530 5393
643 653 6055
376 377 6437
658 670 6632
625 629 5519
789 797 6654
531 544 5782
686 699 6884
71 82 6656
393 404 6523
398 411 6604
5 13 6568
468 479 6784
785 793 5822
151 159 6631
223 234 6253
34 42 6497
84 90 5355
353 364 5440
326 332 6914
692 695 5604
162 169 5086
195 197 5322
267 270 5944
185 192 5457
771 783 6418
523 526 5497
336 345 5723
748 756 5128
327 335 6466
638 647 6360
534 537 6954
751 764 5100
673 680 6182
660 668 5747
479 489 5636
197 202 5611
42 48 5811
659 664 6379
723 725 6166
400 413 5920
292 294 6507
785 789 6000
466 471 6954
637 639 5595
64 72 6008
595 607 6842
12 14 5320
482 490 6704
473 485 6773
125 135 5939
754 760 6574
575 577 5829
579 584 6121
642 645 6491
14 15 6972
348 354 6830
407 410 5941
751 759 5636
519 523 6193
19 28 5233
275 276 6681
597 601 5564
709 710 6003
538 541 5682
665 672 5332
543 546 6590
210 217 5874
345 348 5082
678 680 5931
223 231 6965
679 681 5880
167 172 5179
92 102 5416
425 431 5608
72 73 5868
142 143 5560
319 328 5286
773 778 6121
300 309 5761
636 638 5971
240 253 6257
47 48 6255
713 726 5201
773 784 5204
623 634 5043
765 767 5774
654 658 6850
47 53 6595
117 118 5690
201 208 6313
567 572 6910
18 23 5574
424 435 6068
744 747 5151
692 704 6656
124 127 5597
41 43 6335
324 328 5324
461 463 6790
501 511 5555
551 559 6088
23 33 6903
125 126 6984
387 391 5116
174 184 5813
180 185 5897
94 96 5743
589 600 5568
487 498 6234
37 41 6890
404 417 6724
301 305 6559
248 256 6605
185 195 5500
94 106 6314
143 154 5845
523 531 5168
780 792 5922
709 711 5328
258 261 5058
78 89 6930
719 722 6048
137 142 6227
429 430 5232
778 783 6733
30 32 6166
727 733 6408
154 161 5745
632 637 6903
638 645 6610
597 599 6916
467 475 5375
25 33 5763
485 493 5904
401 403 6951
448 450 5682
397 408 5178
624 637 5867
152 164 6844
86 88 5983
528 530 6509
25 26 5918
176 180 5811
721 734 6721
645 650 5246
323 333 6652
98 108 6863
92 101 5025
766 773 5354
117 122 6083
389 397 6401
8 14 5795
31 43 6319
492 498 6393
753 755 6265
391 402 6381
661 662 5615
203 209 5596
49 58 5266
342 349 6076
264 268 6586
51 58 5814
51 63 6257
453 454 5326
750 763 5522
369 373 6743
355 363 6971
295 304 6319
322 328 6875
72 82 6291
292 304 5216
133 143 6121
201 207 6811
732 740 6756
98 100 6318
51 64 5768
440 445 5594
32 37 6893
47 56 5913
188 195 6726
131 139 6867
22 34 6613
438 445 5544
758 770 5488
75 76 5377
257 260 6863
190 196 7000
749 761 5589
213 218 6199
628 637 5016
215 218 5864
43 47 5291
790 793 5721
93 100 5496
3 14 6793
235 236 5061
766 776 6473
660 665 6508
374 380 6260
729 734 5891
17 30 5657
668 670 6196
642 655 6221
180 193 5193
516 517 6260
568 579 5466
141 145 6770
600 611 5209
683 690 5147
585 598 5279
542 554 5500
337 350 5713
664 668 5302
241 242 6974
564 575 5285
321 332 6637
699 712 6751
258 268 5650
232 233 5046
351 357 6638
124 132 5806
112 123 5843
528 541 6319
596 597 5091
411 416 6505
471 472 5334
244 251 6421
141 153 6471
152 163 5913
13 22 6302
597 609 5810
457 459 6161
563 568 5293
435 442 6908
498 501 6344
510 516 6543
500 510 6475
534 542 6270
123 133 5486
364 367 6869
191 200 5694
514 522 6544
585 589 6876
51 57 6857
216 225 6952
378 388 5261
326 339 6275
434 443 5090
496 504 6429
584 591 6777
225 237 5511
285 288 6136
658 660 5051
596 604 5479
599 611 5884
375 381 5199
353 361 6774
412 417 6240
175 185 5543
762 771 6092
360 365 5804
629 640 6465
603 612 6380
768 770 6115
379 383 5389
343 356 6225
301 310 5533
7 14 5040
445 457 5924
548 552 6764
68 69 5452
742 752 5302
792 800 6626
527 537 5826
695 701 5869
144 153 6027
737 745 6120
312 319 5425
355 361 6720
164 174 5936
743 747 5737
194 205 6537
219 230 5451
756 761 6435
442 454 5330
16 18 6932
740 750 5849
90 101 6301
116 119 5228
564 570 6103
698 709 6212
695 708 6315
122 131 6954
448 449 6838
471 479 6726
381 394 6975
368 376 5689
354 356 5304
506 518 6076
607 615 5341
515 519 6428
368 370 6499
704 709 5067
780 786 6916
395 402 6290
608 616 5446
475 484 6742
566 572 6625
31 33 5083
119 120 6083
533 542 6775
696 709 6777
142 154 6513
225 227 6037
265 276 5314
307 309 6513
172 179 6364
53 63 5876
518 521 5329
54 65 5676
764 765 6757
3 6 5427
57 70 5305
679 685 5404
461 465 6150
438 451 6284
606 612 6755
68 80 5265
234 246 5954
515 526 6151
286 290 5191
561 562 5984
475 478 5271
408 416 6868
782 785 5903
188 191 5014
369 370 6686
255 266 6762
749 756 5948
672 683 5821
632 640 6872
771 782 5793
625 637 5743
493 497 5289
100 106 5804
286 295 5867
611 615 6221
225 232 6880
40 48 6597
196 199 6323
124 131 5210
549 560 6233
617 627 6076
689 694 6382
611 617 6606
617 620 6387
277 281 6125
609 612 6362
494 500 6479
532 536 5880
325 326 5499
148 159 5574
396 404 6921
501 512 6483
380 382 6133
683 696 6595
284 294 6480
506 512 5269
356 365 6029
10 20 5562
563 571 5685
708 711 6311
556 563 5151
558 566 5805
641 645 5640
789 794 6421
717 720 6832
344 355 5038
514 521 5826
573 586 6185
281 284 6496
6 19 5620
369 380 5609
252 257 5237
491 503 5042
639 645 6961
529 531 6026
604 611 5320
298 307 6815
685 688 6199
140 152 5123
327 329 6008
583 594 6502
340 347 6440
668 679 5164
776 786 6369
654 660 5645
564 568 5029
540 542 5954
408 413 5308
227 240 6546
84 86 5247
731 741 6910
108 118 5210
672 675 6568
492 502 6718
146 154 5499
37 50 6479
702 711 5962
666 676 6447
67 77 5948
501 504 5126
404 416 6356
185 198 6664
49 57 5312
272 281 6346
697 698 5163
477 484 5858
203 204 6835
457 460 6500
264 275 6095
338 351 5543
38 40 6561
99 103 6674
757 760 6648
774 780 6256
387 400 6373
565 574 6688
681 683 5089
775 780 6757
141 143 6080
580 591 6600
359 369 6869
275 278 6627
81 86 6851
699 707 6392
706 711 5632
505 513 6018
272 274 5972
679 690 6607
33 42 5578
5 11 5423
750 759 6392
721 729 6279
675 677 5254
678 688 6366
92 95 6179
252 253 5219
573 574 6624
494 502 5809
585 592 5866
283 284 5145
248 257 5500
424 430 5836
509 513 5361
724 728 5577
1 14 5399
228 234 6258
542 548 5460
450 459 5635
605 611 5197
147 153 6509
129 130 6172
764 774 5821
555 565 6263
716 722 6388
363 366 6413
158 165 5016
427 436 6292
584 589 5068
62 69 5961
494 505 6605
173 178 5049
206 211 6652
255 260 6165
11 16 5758
65 69 6414
9 13 6368
430 441 5752
16 19 6308
178 179 5254
188 198 6572
520 531 6011
360 361 5311
314 323 6521
341 348 6516
278 286 5313
190 199 5947
476 486 5669
653 665 6844
729 738 5377
137 138 6459
324 335 5059
220 227 5842
668 680 6566
36 47 5086
62 72 5657
683 692 6956
589 602 6451
630 638 5155
54 64 6628
734 747 5475
165 176 6801
118 124 5485
778 791 6966
523 530 6495
428 435 5496
280 286 6236
262 269 5646
427 439 5574
625 634 5098
144 146 5123
403 407 6100
790 797 5376
530 543 6832
665 668 6219
508 518 6667
307 313 6045
772 785 5716
6 14 5156
469 482 5546
201 205 5122
666 675 6731
549 559 5570
505 511 6367
262 275 6948
297 304 6895
265 267 5268
481 489 5093
300 308 5745
275 277 5470
752 760 6890
48 51 6253
4 17 6236
497 505 6984
184 186 6416
148 151 6793
339 344 5524
52 59 5800
560 565 6912
610 617 5577
327 334 5977
750 754 5965
608 612 5548
741 752 5514
572 576 5478
469 470 6290
44 45 5151
463 475 5322
223 225 6427
731 735 5605
426 436 5709
587 590 5397
210 219 6264
198 205 6874
374 379 5446
445 448 6666
413 415 5735
96 102 5252
121 122 5617
600 603 6790
122 125 5302
209 220 5043
756 762 5228
316 326 5639
564 571 6752
246 257 6214
128 134 6936
655 657 6650
116 127 5254
431 444 6791
651 659 6780
116 118 6585
104 117 5554
129 140 5483
461 462 5101
1 2 5366
80 81 6904
729 736 5941
133 138 5627
647 649 5651
283 295 5048
409 414 6440
336 337 5916
791 799 5897
461 473 6254
505 515 5890
565 567 6536
578 581 5072
352 364 6770
65 68 5804
749 750 5198
470 473 5423
482 486 6099
4 8 6535
780 785 6327
717 728 5371
520 528 6962
349 357 5295
645 647 6351
634 647 6451
701 707 6681
441 444 6730
274 280 5850
86 95 5547
651 661 6015
559 560 5354
460 463 6290
673 679 6331
618 619 5573
415 423 5636
281 293 5323
657 669 6832
332 334 6464
347 349 6463
258 264 5981
417 422 6410
336 340 6032
784 787 6154
447 454 6061
577 586 6912
161 172 5782
267 272 5605
670 681 6832
242 247 6772
56 63 6309
422 431 6962
375 382 6220
789 798 5245
110 114 6413
424 431 5409
737 750 5617
136 139 6866
515 528 5446
720 724 5235
1 7 5868
745 749 5362
751 763 6146
170 183 6218
724 732 5446
112 121 5104
204 217 6033
429 432 6223
678 682 6906
717 719 6231
371 372 6626
701 711 6834
718 728 5633
602 605 5219
685 687 6224
267 275 5038
119 132 5602
125 130 6541
755 766 5090
380 385 5080
179 187 5752
167 180 5818
510 517 5496
616 619 6563
278 289 5655
528 535 5706
54 62 6462
790 791 6459
163 165 5971
680 684 5862
528 533 6287
662 668 5531
45 56 6666
370 380 5617
428 439 5461
95 104 5843
499 506 5909
161 170 5108
770 781 6185
325 337 6561
246 255 5485
584 592 5940
19 31 6244
191 195 6919
564 574 5258
766 779 5667
262 267 5012
130 141 5344
626 631 6836
612 616 6166
459 461 5899
287 298 5315
777 789 5549
197 208 5080
275 284 6138
352 354 6713
237 241 6766
125 134 5708
596 606 6798
426 429 5193
755 756 6620
214 220 5599
212 225 6956
726 727 6399
304 313 6981
143 145 6898
487 494 6518
416 417 6738
280 283 6419
261 274 5873
755 765 5325
756 767 6257
658 661 5417
204 205 6544
271 276 5297
281 291 6993
173 183 5478
466 473 5174
528 532 6321
286 299 6787
684 691 5797
242 246 6065
604 608 6524
382 383 5023
610 615 5956
639 651 5302
114 123 5600
370 381 5784
390 396 5069
234 247 5526
704 717 6709
339 341 6720
619 628 5856
82 94 6793
576 585 6305
15 22 5728
725 731 5042
178 182 6441
307 314 5964
481 483 5714
128 141 6357
296 304 6528
43 45 5788
352 356 6131
671 679 6454
391 404 6534
721 728 6024
71 79 5717
166 177 6517
425 434 6246
188 192 6750
571 583 6336
373 374 6230
276 289 6367
398 402 5396
17 19 6999
788 796 5679
174 175 6490
686 691 5330
444 456 5070
298 310 6324
78 84 5868
434 442 5437
25 35 6198
337 340 6010
149 155 6555
512 516 5545
678 685 6916
140 150 6236
461 467 5881
106 119 6557
487 489 6730
591 596 5109
402 413 5252
724 729 5683
750 752 6145
629 641 5277
782 786 5317
285 291 6487
513 524 6580
438 441 6126
346 347 5822
511 514 6523
647 651 5525
232 242 5406
321 322 6457
786 799 6230
107 120 5352
405 407 5185
562 569 5742
251 257 6217
168 174 5696
519 524 6264
86 87 5053
14 23 5138
48 59 6056
132 137 6860
398 399 6487
631 636 5551
53 64 6472
664 675 6537
303 310 5546
537 546 5824
10 17 6273
55 59 6439
126 138 6720
522 527 5185
213 216 5009
753 762 5973
1 5 5955
737 743 5698
353 363 6463
244 247 6537
49 52 5749
116 122 6453
47 49 6251
576 589 5501
25 38 5365
183 190 5794
501 507 5190
683 689 5984
388 396 5970
249 257 5288
69 74 5544
548 555 5479
89 102 6691
171 179 6090
77 88 5477
195 198 5846
170 171 5926
87 99 6136
551 556 5226
324 336 6835
272 277 5923
490 501 5035
783 794 6623
324 326 6338
263 269 6577
754 761 6264
770 779 6491
707 710 5081
253 266 6689
241 254 5344
282 287 5612
351 358 6234
561 565 6981
129 137 5375
48 54 5124
425 433 6074
356 363 6302
573 578 5808
287 296 5512
228 232 5435
9 10 6758
459 465 6223
599 604 6357
128 140 5323
767 776 5426
182 192 5377
371 377 5617
789 796 6529
604 614 5012
68 77 5251
246 254 5450
228 229 5728
643 644 5222
744 746 6275
554 558 5308
499 508 6082
732 736 5225
337 339 5958
350 361 6550
617 619 5288
548 554 6532
343 352 5487
476 489 6331
414 416 5213
738 739 6849
273 274 5427
190 201 5487
529 540 5386
578 582 6080
524 528 5682
226 236 5751
55 58 6219
717 725 6435
762 764 6981
93 98 6521
554 556 5647
132 135 5556
128 130 5314
51 52 5088
629 639 6366
724 730 6841
357 370 5715
476 480 5963
476 484 5644
610 614 5515
260 269 6240
689 701 5643
506 514 6172
19 24 6635
630 643 5810
64 68 5125
386 398 6234
1 11 6085
507 515 6175
615 618 5184
169 174 6400
68 78 5930
51 61 5297
148 157 5377
654 666 6565
572 578 5006
772 777 6677
242 251 6116
590 592 6180
225 230 6998
329 335 5705
717 726 6005
149 151 6094
768 769 5714
425 429 6053
401 414 6582
171 173 6705
765 769 6329
132 144 5889
788 790 6368
171 182 6999
256 261 5576
778 790 5294
591 592 6722
70 76 6177
59 69 6300
536 546 6544
750 762 5964
771 784 6919
130 137 5922
611 624 6069
257 262 6798
778 779 6741
506 508 6099
198 207 6136
377 378 6307
340 343 5280
266 278 6696
593 594 5923
246 250 6199
623 632 5095
730 732 5247
428 436 5428
50 55 6988
209 214 5967
325 331 5237
519 522 5999
304 314 5757
55 68 5280
402 409 5793
379 385 6036
766 778 6922
188 194 6254
305 309 6111
7 11 6620
374 376 6306
480 484 5413
361 363 5945
123 135 6356
402 411 5063
13 18 5263
164 173 5469
191 192 6813
8 13 5743
457 463 5354
619 623 6198
711 713 6778
408 420 5159
58 66 6298
740 745 6202
763 775 6858
126 136 5416
231 238 6203
136 141 5562
489 495 6560
38 46 5227
781 785 6165
267 278 6946
183 188 6626
350 353 5847
353 357 5293
692 703 6574
320 328 5813
770 775 5071
657 666 5618
95 98 6094
670 683 6841
614 624 6444
19 20 6918
223 236 5560
772 780 6188
306 317 6281
442 448 6617
115 118 5061
195 207 6727
5 7 6077
513 515 6099
479 480 5472
793 796 5022
279 291 6839
685 697 5808
78 86 6293
78 85 5864
101 114 5805
453 465 6142
246 253 5765
453 456 6097
692 696 6221
665 671 5909
608 613 5203
474 476 5971
201 203 5930
688 689 5764
528 536 5989
240 250 6094
619 631 6582
607 611 6309
397 402 5551
440 447 5126
404 408 5807
638 640 5086
616 624 6311
219 226 5098
120 130 5139
459 472 5658
250 251 6446
489 490 6917
585 593 6139
751 761 5270
237 244 5205
423 434 5331
348 356 5772
725 727 5587
204 216 5897
349 350 6022
688 691 5330
38 42 6199
238 239 6322
709 712 6966
95 102 6139
624 636 5283
645 652 6535
288 289 5823
442 443 5237
607 616 6193
498 509 6490
308 318 6785
437 443 5796
664 670 5617
190 192 6226
98 109 5492
354 357 5039
155 160 5586
125 129 5197
749 755 5074
384 385 5521
364 373 6284
383 391 5964
630 633 6852
613 620 5706
525 531 5656
447 455 5260
412 421 6749
781 791 5582
318 330 5074
664 673 6204
512 524 5925
735 739 6598
697 705 6917
677 686 5479
597 610 5185
19 30 5791
641 650 6541
312 324 5605
174 178 6471
45 55 5059
374 383 5998
565 575 6940
747 750 5340
155 159 6673
252 256 6856
149 159 5891
560 566 6113
20 33 6478
323 329 6954
130 131 5842
635 642 5327
703 708 6794
206 216 5692
110 117 5944
97 101 6561
583 587 5061
94 103 6751
162 170 5920
299 309 5007
627 636 5947
416 425 5149
635 637 6211
734 742 6015
440 451 6437
12 21 5538
231 243 5827
781 790 6744
178 180 6942
543 545 5339
447 451 6358
181 183 5145
763 764 5472
574 585 5216
328 331 6988
8 18 5498
291 295 6704
381 389 6241
282 290 6718
666 679 6721
642 652 5999
42 54 5969
744 753 6097
177 178 6511
249 252 5457
680 688 5835
340 350 6628
653 661 6109
421 429 6220
760 773 6361
21 22 6839
474 475 6207
70 73 6241
714 717 5867
613 616 5938
782 788 6814
133 141 5290
260 272 6327
591 601 5368
348 349 5430
325 333 5287
664 676 5826
419 426 6724
620 627 5067
19 25 6044
349 359 6889
794 800 6356
666 677 5066
177 184 5424
332 337 5106
212 217 5136
582 585 5920
557 565 5327
778 780 6183
511 515 5408
427 432 6632
364 372 6920
10 11 5564
570 573 5108
745 747 5179
761 762 6884
389 398 5861
426 438 5774
149 158 6820
772 773 5033
620 628 6419
554 555 5179
544 552 5268
246 247 6399
409 413 5656
356 368 5177
192 201 6323
631 635 6724
442 450 5242
711 720 5391
606 613 5367
433 445 6986
404 411 6573
45 57 5019
75 77 5621
103 109 5827
523 533 5182
705 717 5596
618 631 6034
435 441 6008
760 767 5553
148 158 6992
451 454 5301
699 703 6963
89 99 6110
313 319 6091
584 586 5950
329 332 6990
2 15 5517
566 576 5121
397 401 6266
705 708 5746
478 490 6744
69 70 5807
