768
0 0 1000
0 0 999
0 0 999
0 0 1000
0 0 1000
0 0 999
0 0 999
0 0 1000
0 0 1000
0 0 999
0 0 999
0 0 1000
0 0 1000
0 0 999
0 0 999
0 0 1000
0 0 1000
0 0 999
0 0 999
0 0 1000
0 0 1000
0 0 999
0 0 999
0 0 1000
0 0 1000
0 0 999
0 0 999
0 0 1000
0 0 1000
0 0 999
0 0 999
0 0 1000
0 -999 1000
0 -999 999
0 -999 999
0 -999 1000
-999 0 1000
-999 0 999
-999 0 999
-999 0 1000
0 999 1000
0 999 999
0 999 999
0 999 1000
999 0 1000
999 0 999
999 0 999
999 0 1000
0 -999 1000
0 -999 999
0 -999 999
0 -999 1000
-999 0 1000
-999 0 999
-999 0 999
-999 0 1000
0 999 1000
0 999 999
0 999 999
0 999 1000
999 0 1000
999 0 999
999 0 999
999 0 1000
0 999 1000
0 999 999
0 999 999
0 999 1000
999 0 1000
999 0 999
999 0 999
999 0 1000
0 -999 1000
0 -999 999
0 -999 999
0 -999 1000
-999 0 1000
-999 0 999
-999 0 999
-999 0 1000
0 999 1000
0 999 999
0 999 999
0 999 1000
999 0 1000
999 0 999
999 0 999
999 0 1000
0 -999 1000
0 -999 999
0 -999 999
0 -999 1000
-999 0 1000
-999 0 999
-999 0 999
-999 0 1000
0 348 1000
0 348 999
0 352 999
0 352 1000
543 0 1000
543 0 999
-43 0 999
-43 0 1000
0 -789 1000
0 -789 999
0 -770 999
0 -770 1000
-158 0 1000
-158 0 999
54 0 999
54 0 1000
0 -102 1000
0 -102 999
0 -7 999
0 -7 1000
-32 0 1000
-32 0 999
19 0 999
19 0 1000
0 -40 1000
0 -40 999
0 -908 999
0 -908 1000
-224 0 1000
-224 0 999
-952 0 999
-952 0 1000
-999 0 1000
-999 0 999
-999 0 999
-999 0 1000
0 -999 1000
0 -999 999
0 -999 999
0 -999 1000
-999 0 1000
-999 0 999
-999 0 999
-999 0 1000
0 -999 1000
0 -999 999
0 -999 999
0 -999 1000
999 0 1000
999 0 999
999 0 999
999 0 1000
0 999 1000
0 999 999
0 999 999
0 999 1000
999 0 1000
999 0 999
999 0 999
999 0 1000
0 999 1000
0 999 999
0 999 999
0 999 1000
-999 -999 1000
-999 -999 999
-999 -999 999
-999 -999 1000
-999 -999 1000
-999 -999 999
-999 -999 999
-999 -999 1000
-999 999 1000
-999 999 999
-999 999 999
-999 999 1000
999 -999 1000
999 -999 999
999 -999 999
999 -999 1000
999 -999 1000
999 -999 999
999 -999 999
999 -999 1000
-999 999 1000
-999 999 999
-999 999 999
-999 999 1000
999 999 1000
999 999 999
999 999 999
999 999 1000
999 999 1000
999 999 999
999 999 999
999 999 1000
-999 999 1000
-999 999 999
-999 999 999
-999 999 1000
999 -999 1000
999 -999 999
999 -999 999
999 -999 1000
-999 -999 1000
-999 -999 999
-999 -999 999
-999 -999 1000
-999 -999 1000
-999 -999 999
-999 -999 999
-999 -999 1000
999 999 1000
999 999 999
999 999 999
999 999 1000
999 999 1000
999 999 999
999 999 999
999 999 1000
999 -999 1000
999 -999 999
999 -999 999
999 -999 1000
-999 999 1000
-999 999 999
-999 999 999
-999 999 1000
-999 -777 1000
-999 -777 999
-999 701 999
-999 701 1000
-915 -999 1000
-915 -999 999
-792 -999 999
-792 -999 1000
-999 -627 1000
-999 -627 999
-999 -140 999
-999 -140 1000
815 -999 1000
815 -999 999
-413 -999 999
-413 -999 1000
999 -864 1000
999 -864 999
999 -179 999
999 -179 1000
965 999 1000
965 999 999
622 999 999
622 999 1000
999 -744 1000
999 -744 999
999 -884 999
999 -884 1000
-413 999 1000
-413 999 999
367 999 999
367 999 1000
999 0 1000
999 0 999
999 0 999
999 0 1000
0 999 1000
0 999 999
0 999 999
0 999 1000
999 0 1000
999 0 999
999 0 999
999 0 1000
0 999 1000
0 999 999
0 999 999
0 999 1000
-999 0 1000
-999 0 999
-999 0 999
-999 0 1000
0 -999 1000
0 -999 999
0 -999 999
0 -999 1000
-999 0 1000
-999 0 999
-999 0 999
-999 0 1000
0 -999 1000
0 -999 999
0 -999 999
0 -999 1000
999 -999 1000
999 -999 999
999 -999 999
999 -999 1000
-999 999 1000
-999 999 999
-999 999 999
-999 999 1000
999 999 1000
999 999 999
999 999 999
999 999 1000
999 999 1000
999 999 999
999 999 999
999 999 1000
-999 -999 1000
-999 -999 999
-999 -999 999
-999 -999 1000
-999 -999 1000
-999 -999 999
-999 -999 999
-999 -999 1000
-999 999 1000
-999 999 999
-999 999 999
-999 999 1000
999 -999 1000
999 -999 999
999 -999 999
999 -999 1000
999 999 1000
999 999 999
999 999 999
999 999 1000
999 999 1000
999 999 999
999 999 999
999 999 1000
999 -999 1000
999 -999 999
999 -999 999
999 -999 1000
-999 999 1000
-999 999 999
-999 999 999
-999 999 1000
-999 999 1000
-999 999 999
-999 999 999
-999 999 1000
999 -999 1000
999 -999 999
999 -999 999
999 -999 1000
-999 -999 1000
-999 -999 999
-999 -999 999
-999 -999 1000
-999 -999 1000
-999 -999 999
-999 -999 999
-999 -999 1000
999 291 1000
999 291 999
999 -741 999
999 -741 1000
364 999 1000
364 999 999
148 999 999
148 999 1000
999 -383 1000
999 -383 999
999 65 999
999 65 1000
-41 999 1000
-41 999 999
-62 999 999
-62 999 1000
-999 -54 1000
-999 -54 999
-999 -670 999
-999 -670 1000
957 -999 1000
957 -999 999
647 -999 999
647 -999 1000
-999 -292 1000
-999 -292 999
-999 753 999
-999 753 1000
-877 -999 1000
-877 -999 999
-927 -999 999
-927 -999 1000
113 0 1000
113 0 999
-519 0 999
-519 0 1000
0 951 1000
0 951 999
0 23 999
0 23 1000
311 0 1000
311 0 999
-405 0 999
-405 0 1000
0 714 1000
0 714 999
0 735 999
0 735 1000
928 0 1000
928 0 999
110 0 999
110 0 1000
0 922 1000
0 922 999
0 834 999
0 834 1000
924 0 1000
924 0 999
886 0 999
886 0 1000
0 -998 1000
0 -998 999
0 -648 999
0 -648 1000
270 -999 1000
270 -999 999
-66 -999 999
-66 -999 1000
-999 950 1000
-999 950 999
-999 -236 999
-999 -236 1000
-901 999 1000
-901 999 999
701 999 999
701 999 1000
999 -115 1000
999 -115 999
999 -258 999
999 -258 1000
-590 -999 1000
-590 -999 999
458 -999 999
458 -999 1000
-999 191 1000
-999 191 999
-999 0 999
-999 0 1000
771 999 1000
771 999 999
-307 999 999
-307 999 1000
999 338 1000
999 338 999
999 -133 999
999 -133 1000
-8 999 1000
-8 999 999
-586 999 999
-586 999 1000
999 -371 1000
999 -371 999
999 112 999
999 112 1000
481 -999 1000
481 -999 999
96 -999 999
96 -999 1000
-999 552 1000
-999 552 999
-999 -18 999
-999 -18 1000
-536 999 1000
-536 999 999
-121 999 999
-121 999 1000
999 -609 1000
999 -609 999
999 159 999
999 159 1000
751 -999 1000
751 -999 999
-475 -999 999
-475 -999 1000
-999 -887 1000
-999 -887 999
-999 -375 999
-999 -375 1000
776 76 1000
776 76 999
-960 -257 999
-960 -257 1000
-987 -125 1000
-987 -125 999
75 -341 999
75 -341 1000
-469 -382 1000
-469 -382 999
-465 -382 999
-465 -382 1000
-216 623 1000
-216 623 999
-149 -554 999
-149 -554 1000
978 556 1000
978 556 999
351 -604 999
351 -604 1000
197 -998 1000
197 -998 999
479 285 999
479 285 1000
599 874 1000
599 874 999
-866 -436 999
-866 -436 1000
-203 -458 1000
-203 -458 999
-132 -493 999
-132 -493 1000
0 0 1000
-1 0 999
-1 0 999
0 0 1000
0 0 1000
0 -1 999
0 -1 999
0 0 1000
0 0 1000
-1 0 999
-1 0 999
0 0 1000
0 0 1000
0 -1 999
0 -1 999
0 0 1000
0 0 1000
1 0 999
1 0 999
0 0 1000
0 0 1000
0 1 999
0 1 999
0 0 1000
0 0 1000
1 0 999
1 0 999
0 0 1000
0 0 1000
0 1 999
0 1 999
0 0 1000
0 -999 1000
-1 -999 999
-1 -999 999
0 -999 1000
-999 0 1000
-999 -1 999
-999 -1 999
-999 0 1000
0 999 1000
-1 999 999
-1 999 999
0 999 1000
999 0 1000
999 -1 999
999 -1 999
999 0 1000
0 -999 1000
1 -999 999
1 -999 999
0 -999 1000
-999 0 1000
-999 1 999
-999 1 999
-999 0 1000
0 999 1000
1 999 999
1 999 999
0 999 1000
999 0 1000
999 1 999
999 1 999
999 0 1000
0 999 1000
-1 999 999
-1 999 999
0 999 1000
999 0 1000
999 -1 999
999 -1 999
999 0 1000
0 -999 1000
-1 -999 999
-1 -999 999
0 -999 1000
-999 0 1000
-999 -1 999
-999 -1 999
-999 0 1000
0 999 1000
1 999 999
1 999 999
0 999 1000
999 0 1000
999 1 999
999 1 999
999 0 1000
0 -999 1000
1 -999 999
1 -999 999
0 -999 1000
-999 0 1000
-999 1 999
-999 1 999
-999 0 1000
0 643 1000
-1 643 999
-1 -899 999
0 -899 1000
-38 0 1000
-38 -1 999
-9 -1 999
-9 0 1000
0 -496 1000
-1 -496 999
-1 967 999
0 967 1000
-423 0 1000
-423 -1 999
380 -1 999
380 0 1000
0 -189 1000
1 -189 999
1 321 999
0 321 1000
737 0 1000
737 1 999
68 1 999
68 0 1000
0 -96 1000
1 -96 999
1 -313 999
0 -313 1000
811 0 1000
811 1 999
971 1 999
971 0 1000
-999 0 1000
-1000 0 999
-1000 0 999
-999 0 1000
0 -999 1000
0 -1000 999
0 -1000 999
0 -999 1000
-999 0 1000
-1000 0 999
-1000 0 999
-999 0 1000
0 -999 1000
0 -1000 999
0 -1000 999
0 -999 1000
999 0 1000
1000 0 999
1000 0 999
999 0 1000
0 999 1000
0 1000 999
0 1000 999
0 999 1000
999 0 1000
1000 0 999
1000 0 999
999 0 1000
0 999 1000
0 1000 999
0 1000 999
0 999 1000
-999 -999 1000
-1000 -999 999
-1000 -999 999
-999 -999 1000
-999 -999 1000
-999 -1000 999
-999 -1000 999
-999 -999 1000
-999 999 1000
-1000 999 999
-1000 999 999
-999 999 1000
999 -999 1000
999 -1000 999
999 -1000 999
999 -999 1000
999 -999 1000
1000 -999 999
1000 -999 999
999 -999 1000
-999 999 1000
-999 1000 999
-999 1000 999
-999 999 1000
999 999 1000
1000 999 999
1000 999 999
999 999 1000
999 999 1000
999 1000 999
999 1000 999
999 999 1000
-999 999 1000
-1000 999 999
-1000 999 999
-999 999 1000
999 -999 1000
999 -1000 999
999 -1000 999
999 -999 1000
-999 -999 1000
-1000 -999 999
-1000 -999 999
-999 -999 1000
-999 -999 1000
-999 -1000 999
-999 -1000 999
-999 -999 1000
999 999 1000
1000 999 999
1000 999 999
999 999 1000
999 999 1000
999 1000 999
999 1000 999
999 999 1000
999 -999 1000
1000 -999 999
1000 -999 999
999 -999 1000
-999 999 1000
-999 1000 999
-999 1000 999
-999 999 1000
-999 -294 1000
-1000 -294 999
-1000 684 999
-999 684 1000
142 -999 1000
142 -1000 999
764 -1000 999
764 -999 1000
-999 -566 1000
-1000 -566 999
-1000 -668 999
-999 -668 1000
-309 -999 1000
-309 -1000 999
-18 -1000 999
-18 -999 1000
999 882 1000
1000 882 999
1000 235 999
999 235 1000
753 999 1000
753 1000 999
710 1000 999
710 999 1000
999 254 1000
1000 254 999
1000 -748 999
999 -748 1000
-323 999 1000
-323 1000 999
298 1000 999
298 999 1000
999 0 1000
998 0 999
998 0 999
999 0 1000
0 999 1000
0 998 999
0 998 999
0 999 1000
999 0 1000
998 0 999
998 0 999
999 0 1000
0 999 1000
0 998 999
0 998 999
0 999 1000
-999 0 1000
-998 0 999
-998 0 999
-999 0 1000
0 -999 1000
0 -998 999
0 -998 999
0 -999 1000
-999 0 1000
-998 0 999
-998 0 999
-999 0 1000
0 -999 1000
0 -998 999
0 -998 999
0 -999 1000
999 -999 1000
998 -999 999
998 -999 999
999 -999 1000
-999 999 1000
-999 998 999
-999 998 999
-999 999 1000
999 999 1000
998 999 999
998 999 999
999 999 1000
999 999 1000
999 998 999
999 998 999
999 999 1000
-999 -999 1000
-998 -999 999
-998 -999 999
-999 -999 1000
-999 -999 1000
-999 -998 999
-999 -998 999
-999 -999 1000
-999 999 1000
-998 999 999
-998 999 999
-999 999 1000
999 -999 1000
999 -998 999
999 -998 999
999 -999 1000
999 999 1000
998 999 999
998 999 999
999 999 1000
999 999 1000
999 998 999
999 998 999
999 999 1000
999 -999 1000
998 -999 999
998 -999 999
999 -999 1000
-999 999 1000
-999 998 999
-999 998 999
-999 999 1000
-999 999 1000
-998 999 999
-998 999 999
-999 999 1000
999 -999 1000
999 -998 999
999 -998 999
999 -999 1000
-999 -999 1000
-998 -999 999
-998 -999 999
-999 -999 1000
-999 -999 1000
-999 -998 999
-999 -998 999
-999 -999 1000
999 -954 1000
998 -954 999
998 143 999
999 143 1000
-357 999 1000
-357 998 999
-616 998 999
-616 999 1000
999 414 1000
998 414 999
998 858 999
999 858 1000
-335 999 1000
-335 998 999
-405 998 999
-405 999 1000
-999 -179 1000
-998 -179 999
-998 550 999
-999 550 1000
-382 -999 1000
-382 -998 999
-700 -998 999
-700 -999 1000
-999 892 1000
-998 892 999
-998 839 999
-999 839 1000
56 -999 1000
56 -998 999
709 -998 999
709 -999 1000
894 0 1000
893 0 999
-708 0 999
-707 0 1000
0 829 1000
0 828 999
0 78 999
0 79 1000
733 0 1000
732 0 999
501 0 999
502 0 1000
0 -462 1000
0 -463 999
0 -140 999
0 -139 1000
460 0 1000
461 0 999
504 0 999
503 0 1000
0 -763 1000
0 -762 999
0 -389 999
0 -390 1000
4 0 1000
5 0 999
221 0 999
220 0 1000
0 -977 1000
0 -976 999
0 661 999
0 660 1000
-494 -999 1000
-495 -999 999
56 -999 999
57 -999 1000
-999 602 1000
-999 601 999
-999 -237 999
-999 -236 1000
616 999 1000
615 999 999
-62 999 999
-61 999 1000
999 643 1000
999 642 999
999 -74 999
999 -73 1000
710 -999 1000
711 -999 999
-974 -999 999
-975 -999 1000
-999 33 1000
-999 34 999
-999 -286 999
-999 -287 1000
-964 999 1000
-963 999 999
-536 999 999
-537 999 1000
999 -859 1000
999 -858 999
999 77 999
999 76 1000
-220 999 1000
-221 999 999
-408 999 999
-407 999 1000
999 26 1000
999 25 999
999 165 999
999 166 1000
-108 -999 1000
-109 -999 999
905 -999 999
906 -999 1000
-999 -302 1000
-999 -303 999
-999 738 999
-999 739 1000
722 999 1000
723 999 999
320 999 999
319 999 1000
999 -985 1000
999 -984 999
999 831 999
999 830 1000
65 -999 1000
66 -999 999
-187 -999 999
-188 -999 1000
-999 847 1000
-999 848 999
-999 232 999
-999 231 1000
-111 -585 1000
-112 -585 999
-49 -54 999
-48 -54 1000
245 -100 1000
245 -101 999
-850 -310 999
-850 -309 1000
-705 -226 1000
-706 -226 999
-829 787 999
-828 787 1000
558 817 1000
558 816 999
-384 -823 999
-384 -822 1000
101 519 1000
102 519 999
-641 825 999
-642 825 1000
-690 722 1000
-690 723 999
852 -177 999
852 -178 1000
657 -272 1000
658 -272 999
897 -715 999
896 -715 1000
-81 -136 1000
-81 -135 999
-181 366 999
-181 365 1000
0 0 1000
-1 -1 999
-1 -1 999
0 0 1000
0 0 1000
-1 -1 999
-1 -1 999
0 0 1000
0 0 1000
-1 1 999
-1 1 999
0 0 1000
0 0 1000
1 -1 999
1 -1 999
0 0 1000
0 0 1000
1 -1 999
1 -1 999
0 0 1000
0 0 1000
-1 1 999
-1 1 999
0 0 1000
0 0 1000
1 1 999
1 1 999
0 0 1000
0 0 1000
1 1 999
1 1 999
0 0 1000
0 -999 1000
-1 -1000 999
-1 -1000 999
0 -999 1000
-999 0 1000
-1000 -1 999
-1000 -1 999
-999 0 1000
0 999 1000
-1 1000 999
-1 1000 999
0 999 1000
999 0 1000
1000 -1 999
1000 -1 999
999 0 1000
0 -999 1000
1 -1000 999
1 -1000 999
0 -999 1000
-999 0 1000
-1000 1 999
-1000 1 999
-999 0 1000
0 999 1000
1 1000 999
1 1000 999
0 999 1000
999 0 1000
1000 1 999
1000 1 999
999 0 1000
0 999 1000
-1 998 999
-1 998 999
0 999 1000
999 0 1000
998 -1 999
998 -1 999
999 0 1000
0 -999 1000
-1 -998 999
-1 -998 999
0 -999 1000
-999 0 1000
-998 -1 999
-998 -1 999
-999 0 1000
0 999 1000
1 998 999
1 998 999
0 999 1000
999 0 1000
998 1 999
998 1 999
999 0 1000
0 -999 1000
1 -998 999
1 -998 999
0 -999 1000
-999 0 1000
-998 1 999
-998 1 999
-999 0 1000
0 401 1000
-1 400 999
-1 507 999
0 508 1000
-602 0 1000
-603 -1 999
-290 -1 999
-289 0 1000
0 -594 1000
-1 -593 999
-1 905 999
0 904 1000
-913 0 1000
-912 -1 999
-506 -1 999
-507 0 1000
0 255 1000
1 254 999
1 -354 999
0 -353 1000
210 0 1000
209 1 999
223 1 999
224 0 1000
0 342 1000
1 343 999
1 -90 999
0 -91 1000
-232 0 1000
-231 1 999
-599 1 999
-600 0 1000
-999 0 1000
-1000 -1 999
-1000 -1 999
-999 0 1000
0 -999 1000
-1 -1000 999
-1 -1000 999
0 -999 1000
-999 0 1000
-1000 1 999
-1000 1 999
-999 0 1000
0 -999 1000
1 -1000 999
1 -1000 999
0 -999 1000
999 0 1000
1000 -1 999
1000 -1 999
999 0 1000
0 999 1000
-1 1000 999
-1 1000 999
0 999 1000
999 0 1000
1000 1 999
1000 1 999
999 0 1000
0 999 1000
1 1000 999
1 1000 999
0 999 1000
-999 -999 1000
-1000 -1000 999
-1000 -1000 999
-999 -999 1000
-999 -999 1000
-1000 -1000 999
-1000 -1000 999
-999 -999 1000
-999 999 1000
-1000 1000 999
-1000 1000 999
-999 999 1000
999 -999 1000
1000 -1000 999
1000 -1000 999
999 -999 1000
999 -999 1000
1000 -1000 999
1000 -1000 999
999 -999 1000
-999 999 1000
-1000 1000 999
-1000 1000 999
-999 999 1000
999 999 1000
1000 1000 999
1000 1000 999
999 999 1000
999 999 1000
1000 1000 999
1000 1000 999
999 999 1000
-999 999 1000
-1000 998 999
-1000 998 999
-999 999 1000
999 -999 1000
998 -1000 999
998 -1000 999
999 -999 1000
-999 -999 1000
-1000 -998 999
-1000 -998 999
-999 -999 1000
-999 -999 1000
-998 -1000 999
-998 -1000 999
-999 -999 1000
999 999 1000
1000 998 999
1000 998 999
999 999 1000
999 999 1000
998 1000 999
998 1000 999
999 999 1000
999 -999 1000
1000 -998 999
1000 -998 999
999 -999 1000
-999 999 1000
-998 1000 999
-998 1000 999
-999 999 1000
-999 -868 1000
-1000 -869 999
-1000 719 999
-999 720 1000
181 -999 1000
180 -1000 999
819 -1000 999
820 -999 1000
-999 -968 1000
-1000 -967 999
-1000 642 999
-999 641 1000
536 -999 1000
537 -1000 999
133 -1000 999
132 -999 1000
999 326 1000
1000 325 999
1000 -525 999
999 -524 1000
394 999 1000
393 1000 999
657 1000 999
658 999 1000
999 986 1000
1000 987 999
1000 -782 999
999 -783 1000
692 999 1000
693 1000 999
-235 1000 999
-236 999 1000
999 0 1000
998 -1 999
998 -1 999
999 0 1000
0 999 1000
-1 998 999
-1 998 999
0 999 1000
999 0 1000
998 1 999
998 1 999
999 0 1000
0 999 1000
1 998 999
1 998 999
0 999 1000
-999 0 1000
-998 -1 999
-998 -1 999
-999 0 1000
0 -999 1000
-1 -998 999
-1 -998 999
0 -999 1000
-999 0 1000
-998 1 999
-998 1 999
-999 0 1000
0 -999 1000
1 -998 999
1 -998 999
0 -999 1000
999 -999 1000
998 -1000 999
998 -1000 999
999 -999 1000
-999 999 1000
-1000 998 999
-1000 998 999
-999 999 1000
999 999 1000
998 1000 999
998 1000 999
999 999 1000
999 999 1000
1000 998 999
1000 998 999
999 999 1000
-999 -999 1000
-998 -1000 999
-998 -1000 999
-999 -999 1000
-999 -999 1000
-1000 -998 999
-1000 -998 999
-999 -999 1000
-999 999 1000
-998 1000 999
-998 1000 999
-999 999 1000
999 -999 1000
1000 -998 999
1000 -998 999
999 -999 1000
999 999 1000
998 998 999
998 998 999
999 999 1000
999 999 1000
998 998 999
998 998 999
999 999 1000
999 -999 1000
998 -998 999
998 -998 999
999 -999 1000
-999 999 1000
-998 998 999
-998 998 999
-999 999 1000
-999 999 1000
-998 998 999
-998 998 999
-999 999 1000
999 -999 1000
998 -998 999
998 -998 999
999 -999 1000
-999 -999 1000
-998 -998 999
-998 -998 999
-999 -999 1000
-999 -999 1000
-998 -998 999
-998 -998 999
-999 -999 1000
999 -404 1000
998 -405 999
998 -653 999
999 -652 1000
-759 999 1000
-760 998 999
-193 998 999
-192 999 1000
999 -700 1000
998 -699 999
998 254 999
999 253 1000
-842 999 1000
-841 998 999
98 998 999
97 999 1000
-999 -67 1000
-998 -68 999
-998 -698 999
-999 -697 1000
-342 -999 1000
-343 -998 999
-563 -998 999
-562 -999 1000
-999 -323 1000
-998 -322 999
-998 81 999
-999 80 1000
546 -999 1000
547 -998 999
-963 -998 999
-964 -999 1000
-299 0 1000
-300 -1 999
565 -1 999
566 0 1000
0 738 1000
-1 737 999
-1 -114 999
0 -113 1000
-111 0 1000
-112 1 999
918 1 999
919 0 1000
0 -869 1000
1 -870 999
1 922 999
0 923 1000
-162 0 1000
-161 -1 999
-216 -1 999
-217 0 1000
0 273 1000
-1 274 999
-1 -601 999
0 -602 1000
-825 0 1000
-824 1 999
-839 1 999
-840 0 1000
0 854 1000
1 855 999
1 -62 999
0 -63 1000
369 -999 1000
368 -1000 999
-341 -1000 999
-340 -999 1000
-999 374 1000
-1000 373 999
-1000 -44 999
-999 -43 1000
-935 999 1000
-936 1000 999
-327 1000 999
-326 999 1000
999 -897 1000
1000 -898 999
1000 706 999
999 707 1000
565 -999 1000
566 -1000 999
24 -1000 999
23 -999 1000
-999 320 1000
-1000 321 999
-1000 -939 999
-999 -940 1000
504 999 1000
505 1000 999
416 1000 999
415 999 1000
999 -363 1000
1000 -362 999
1000 -340 999
999 -341 1000
174 999 1000
173 998 999
144 998 999
145 999 1000
999 -993 1000
998 -994 999
998 726 999
999 727 1000
-194 -999 1000
-195 -998 999
74 -998 999
75 -999 1000
-999 -150 1000
-998 -151 999
-998 623 999
-999 624 1000
-130 999 1000
-129 998 999
-137 998 999
-138 999 1000
999 433 1000
998 434 999
998 -115 999
999 -116 1000
323 -999 1000
324 -998 999
-17 -998 999
-18 -999 1000
-999 -219 1000
-998 -218 999
-998 -260 999
-999 -261 1000
-40 894 1000
-41 893 999
284 844 999
285 845 1000
571 -626 1000
570 -627 999
-240 409 999
-239 410 1000
-788 827 1000
-789 828 999
38 -786 999
39 -787 1000
-957 -300 1000
-956 -301 999
-62 577 999
-63 578 1000
535 -735 1000
536 -736 999
-268 -985 999
-269 -984 1000
-871 671 1000
-872 672 999
-955 613 999
-954 612 1000
-851 400 1000
-850 401 999
30 -738 999
29 -739 1000
703 487 1000
704 488 999
106 310 999
105 309 1000
