100
50
21 36 97 19 98 66 30 62 71 48 63 2 91 61 57 3 46 44 9 45 84 70 28 26 89 6 14 86 39 41 32 18 72 27 93 10 31 12 43 55 69 83 8 77 13 81 40 23 58 51 
99
61 44
44 93
93 29
29 60
60 28
28 96
96 58
58 68
68 56
56 33
33 70
70 73
73 80
80 39
39 85
85 18
18 14
14 2
2 15
15 23
23 13
13 19
19 67
67 41
41 40
40 86
86 62
62 26
26 57
57 74
74 46
46 95
95 17
17 72
72 100
100 22
22 4
4 27
27 11
11 92
92 53
53 45
45 51
51 71
71 89
89 82
82 59
59 8
8 35
35 47
47 16
16 66
66 94
94 34
34 99
99 76
76 25
25 48
48 84
84 50
50 87
87 1
1 21
21 30
30 12
12 31
31 91
91 5
5 38
38 6
6 7
7 90
90 52
52 24
24 32
32 63
63 64
64 49
49 98
98 77
77 43
43 65
65 78
78 83
83 54
54 3
3 97
97 20
20 81
81 69
69 10
10 36
36 42
42 55
55 75
75 88
88 9
9 37
37 79
