1000
10
943 69 451 873 507 361 608 730 144 212 
999
775 52
52 799
799 839
839 276
276 397
397 742
742 725
725 913
913 447
447 475
475 563
563 865
865 423
423 485
485 498
498 90
90 42
42 735
735 968
968 723
723 439
439 963
963 693
693 201
201 737
737 189
189 605
605 102
102 160
160 9
9 767
767 924
924 893
893 547
547 575
575 300
300 82
82 174
174 801
801 381
381 674
674 359
359 261
261 357
357 987
987 246
246 154
154 377
377 215
215 834
834 389
389 323
323 262
262 851
851 415
415 196
196 594
594 707
707 386
386 27
27 677
677 950
950 617
617 180
180 65
65 316
316 122
122 510
510 608
608 583
583 663
663 797
797 917
917 979
979 890
890 92
92 873
873 6
6 672
672 421
421 743
743 546
546 10
10 453
453 731
731 712
712 75
75 199
199 938
938 385
385 353
353 36
36 740
740 412
412 306
306 592
592 7
7 823
823 17
17 703
703 773
773 842
842 560
560 266
266 883
883 161
161 552
552 911
911 2
2 478
478 43
43 427
427 459
459 110
110 761
761 876
876 500
500 718
718 907
907 827
827 438
438 29
29 286
286 531
531 976
976 665
665 535
535 774
774 455
455 562
562 829
829 68
68 175
175 495
495 344
344 819
819 466
466 923
923 935
935 926
926 188
188 462
462 650
650 191
191 270
270 609
609 622
622 448
448 590
590 618
618 957
957 802
802 877
877 291
291 696
696 372
372 55
55 615
615 899
899 630
630 807
807 272
272 684
684 245
245 673
673 687
687 81
81 689
689 157
157 840
840 920
920 571
571 922
922 555
555 111
111 849
849 502
502 848
848 558
558 136
136 33
33 103
103 197
197 805
805 934
934 862
862 685
685 891
891 662
662 667
667 553
553 565
565 824
824 405
405 140
140 537
537 369
369 46
46 778
778 212
212 614
614 822
822 460
460 481
481 779
779 699
699 25
25 450
450 260
260 769
769 656
656 222
222 644
644 128
128 624
624 121
121 85
85 733
733 944
944 176
176 692
692 57
57 736
736 193
193 604
604 47
47 158
158 697
697 129
129 288
288 800
800 932
932 410
410 426
426 766
766 361
361 467
467 504
504 701
701 508
508 747
747 190
190 948
948 30
30 577
577 900
900 446
446 391
391 264
264 31
31 309
309 168
168 18
18 573
573 307
307 204
204 59
59 159
159 518
518 435
435 813
813 24
24 542
542 86
86 586
586 759
759 151
151 117
117 170
170 753
753 986
986 982
982 538
538 53
53 364
364 22
22 302
302 440
440 430
430 341
341 652
652 419
419 928
928 73
73 835
835 632
632 817
817 991
991 171
171 119
119 717
717 837
837 545
545 491
491 104
104 457
457 432
432 148
148 780
780 416
416 620
620 889
889 297
297 476
476 947
947 465
465 833
833 422
422 187
187 336
336 997
997 343
343 529
529 124
124 661
661 985
985 598
598 867
867 519
519 915
915 912
912 471
471 857
857 95
95 516
516 512
512 279
279 509
509 536
536 832
832 230
230 623
623 305
305 690
690 651
651 965
965 999
999 352
352 564
564 726
726 788
788 162
162 704
704 794
794 861
861 209
209 960
960 534
534 45
45 540
540 433
433 285
285 576
576 943
943 472
472 449
449 602
602 387
387 67
67 183
183 942
942 952
952 937
937 811
811 762
762 777
777 200
200 870
870 698
698 251
251 517
517 308
308 638
638 660
660 395
395 331
331 207
207 855
855 248
248 145
145 142
142 87
87 12
12 793
793 127
127 716
716 882
882 337
337 959
959 374
374 242
242 612
612 120
120 816
816 444
444 874
874 263
263 675
675 722
722 939
939 441
441 746
746 130
130 19
19 908
908 831
831 351
351 333
333 715
715 368
368 580
580 108
108 995
995 458
458 125
125 548
548 243
243 521
521 640
640 346
346 830
830 783
783 933
933 770
770 258
258 936
936 210
210 888
888 315
315 659
659 15
15 61
61 414
414 147
147 858
858 143
143 314
314 962
962 420
420 818
818 398
398 178
178 112
112 275
275 278
278 155
155 97
97 977
977 551
551 293
293 4
4 141
141 214
214 49
49 499
499 334
334 648
648 772
772 149
149 680
680 290
290 843
843 362
362 41
41 400
400 28
28 636
636 760
760 355
355 821
821 194
194 89
89 868
868 298
298 144
144 100
100 599
599 40
40 700
700 556
556 211
211 126
126 456
456 852
852 163
163 164
164 589
589 914
914 863
863 892
892 335
335 669
669 956
956 167
167 268
268 983
983 317
317 482
482 340
340 657
657 1
1 483
483 325
325 846
846 990
990 48
48 277
277 244
244 299
299 241
241 506
506 280
280 228
228 647
647 388
388 383
383 294
294 114
114 373
373 587
587 653
653 99
99 146
146 897
897 240
240 78
78 961
961 507
507 437
437 544
544 729
729 232
232 401
401 670
670 35
35 724
724 633
633 815
815 105
105 38
38 803
803 322
322 195
195 967
967 474
474 366
366 273
273 493
493 629
629 198
198 413
413 289
289 358
358 585
585 748
748 810
810 257
257 785
785 569
569 568
568 236
236 234
234 231
231 826
826 559
559 996
996 949
949 929
929 847
847 238
238 70
70 708
708 156
156 139
139 464
464 613
613 284
284 593
593 814
814 530
530 282
282 23
23 376
376 177
177 789
789 884
884 664
664 375
375 627
627 872
872 854
854 864
864 856
856 994
994 513
513 1000
1000 360
360 96
96 988
988 881
881 896
896 269
269 686
686 776
776 370
370 3
3 403
403 461
461 713
713 390
390 828
828 303
303 21
21 808
808 8
8 404
404 233
233 966
966 603
603 557
557 918
918 321
321 643
643 581
581 764
764 379
379 646
646 326
326 411
411 792
792 705
705 616
616 172
172 691
691 909
909 554
554 417
417 734
734 115
115 384
384 399
399 904
904 958
958 520
520 402
402 192
192 878
878 525
525 871
871 152
152 220
220 711
711 356
356 247
247 514
514 186
186 597
597 227
227 625
625 202
202 600
600 880
880 567
567 64
64 166
166 981
981 631
631 339
339 572
572 138
138 274
274 153
153 732
732 906
906 584
584 902
902 621
621 741
741 752
752 133
133 311
311 434
434 62
62 254
254 601
601 694
694 479
479 367
367 91
91 350
350 903
903 951
951 71
71 252
252 702
702 60
60 610
610 927
927 550
550 229
229 940
940 83
83 107
107 69
69 595
595 885
885 318
318 683
683 739
739 671
671 226
226 626
626 619
619 219
219 454
454 253
253 109
109 971
971 429
429 930
930 332
332 443
443 330
330 709
709 76
76 790
790 84
84 751
751 637
637 841
841 44
44 954
954 371
371 407
407 845
845 203
203 688
688 515
515 301
301 579
579 249
249 98
98 706
706 470
470 875
875 490
490 806
806 63
63 645
645 526
526 255
255 424
424 179
179 916
916 408
408 543
543 93
93 181
181 54
54 964
964 473
473 796
796 984
984 539
539 945
945 216
216 271
271 205
205 380
380 393
393 267
267 72
72 487
487 836
836 649
649 853
853 34
34 666
666 756
756 217
217 328
328 989
989 791
791 738
738 676
676 296
296 844
844 150
150 838
838 719
719 250
250 668
668 320
320 798
798 442
442 503
503 641
641 451
451 338
338 480
480 655
655 106
106 728
728 524
524 825
825 901
901 295
295 363
363 710
710 312
312 755
755 396
396 749
749 66
66 20
20 80
80 94
94 287
287 224
224 931
931 941
941 113
113 639
639 74
74 283
283 79
79 239
239 679
679 123
123 570
570 88
88 522
522 574
574 859
859 758
758 744
744 101
101 354
354 720
720 992
992 714
714 259
259 578
578 265
265 137
137 533
533 804
804 494
494 218
218 58
58 879
879 860
860 970
970 611
611 978
978 418
418 606
606 488
488 492
492 132
132 998
998 869
869 975
975 118
118 468
468 812
812 256
256 496
496 409
409 866
866 382
382 489
489 946
946 527
527 784
784 463
463 51
51 980
980 969
969 50
50 750
750 365
365 486
486 237
237 135
135 678
678 213
213 221
221 905
905 781
781 795
795 771
771 319
319 730
730 501
501 532
532 436
436 223
223 591
591 469
469 169
169 634
634 973
973 313
313 225
225 727
727 394
394 782
782 953
953 721
721 14
14 894
894 695
695 173
173 549
549 235
235 566
566 757
757 56
56 13
13 310
310 281
281 898
898 184
184 754
754 77
77 682
682 993
993 342
342 886
886 588
588 628
628 16
16 654
654 972
972 786
786 292
292 681
681 582
582 921
921 763
763 304
304 820
820 850
850 809
809 477
477 347
347 561
561 425
425 26
26 541
541 431
431 484
484 349
349 596
596 607
607 497
497 5
5 348
348 345
345 642
642 378
378 974
974 182
182 658
658 206
206 406
406 39
39 329
329 185
185 327
327 134
134 787
787 392
392 131
131 887
887 445
445 11
11 919
919 32
32 745
745 523
523 324
324 116
116 452
452 528
528 635
635 895
895 768
768 955
955 208
208 428
428 765
765 910
910 925
925 165
165 505
505 37
37 511
