40
20
17 8 14 18 23 32 19 26 25 12 22 10 20 15 34 1 21 5 30 28 
250
8 37
37 4
4 13
13 27
27 17
17 33
33 32
32 9
9 39
39 5
5 10
10 11
11 30
30 29
29 6
6 23
23 16
16 19
19 34
34 21
21 25
25 3
3 18
18 38
38 36
36 2
2 28
28 35
35 12
12 14
14 26
26 20
20 22
22 15
15 1
1 7
7 31
31 24
24 40
33 34
8 30
30 13
34 14
5 19
27 13
36 18
10 40
18 24
12 34
1 25
18 1
11 6
32 35
7 22
5 34
31 15
3 23
17 35
14 19
2 10
10 5
7 27
29 31
21 17
27 16
4 16
24 31
21 36
21 19
7 23
33 3
19 39
17 9
32 21
15 4
1 32
38 18
22 24
36 4
29 38
11 29
15 39
6 7
30 6
1 30
30 33
15 9
11 14
4 38
21 17
15 37
31 32
28 8
30 39
13 29
23 18
17 14
11 8
21 37
35 8
13 31
33 23
16 12
13 36
6 9
24 28
15 34
12 10
23 8
21 8
38 1
19 17
20 13
39 22
32 6
10 23
17 5
31 36
6 23
1 36
23 30
31 32
30 12
22 40
22 34
30 31
29 11
4 38
30 22
2 15
29 32
27 26
10 26
11 24
11 31
28 16
9 32
31 21
1 15
23 28
27 11
14 32
22 9
26 1
23 5
16 6
5 12
13 24
3 2
5 8
7 32
22 13
31 20
40 30
40 25
27 16
1 38
38 15
40 7
27 24
1 24
18 35
6 4
24 26
19 23
14 7
37 33
30 18
7 19
23 20
5 31
36 27
13 6
24 31
26 18
28 1
26 12
32 1
17 33
9 12
8 6
12 26
37 21
1 35
20 17
15 16
24 9
18 34
35 21
18 19
21 29
9 31
37 34
1 32
4 20
31 6
28 16
38 27
40 26
38 13
22 1
34 20
31 39
28 25
21 8
18 6
33 6
38 4
38 19
38 3
24 37
5 4
16 31
5 28
10 17
1 21
6 20
36 28
26 33
33 24
33 38
23 16
36 1
28 9
13 21
32 10
15 35
37 14
18 33
37 35
17 21
29 37
5 17
4 9
19 14
13 1
3 24
27 8
37 31
1 8
5 30
21 18
13 36
17 6
28 21
25 15
39 24
2 12
33 40
32 14
