1000
250
292 4 116 980 945 717 251 297 600 646 743 769 958 141 254 78 24 926 656 525 801 255 201 98 581 84 866 356 279 401 395 838 458 42 851 14 977 626 719 432 461 857 407 822 520 842 88 868 513 676 472 123 744 61 762 833 505 890 545 607 871 247 966 424 724 657 672 619 577 119 995 478 239 887 423 5 293 34 970 794 727 273 642 132 313 679 134 266 196 317 216 16 55 223 13 492 696 910 810 183 420 519 779 77 761 384 960 360 382 723 52 349 932 664 548 215 894 982 355 814 949 283 439 268 896 660 398 927 175 663 834 66 891 213 288 364 720 329 987 538 500 168 150 325 365 166 941 725 572 740 280 730 738 591 582 754 867 828 523 198 578 832 623 65 376 521 76 671 146 781 516 250 760 514 561 681 486 699 700 103 403 595 691 792 645 551 269 324 72 850 451 130 751 484 184 328 12 952 783 203 39 311 477 788 939 818 921 43 148 243 222 912 221 456 632 475 823 362 739 986 455 75 797 539 427 766 53 576 278 957 479 858 64 417 648 992 270 767 574 406 773 83 310 659 901 28 185 375 584 368 
5000
329 972
972 705
705 926
926 869
869 274
274 525
525 22
22 624
624 905
905 456
456 41
41 347
347 762
762 288
288 942
942 361
361 655
655 629
629 795
795 299
299 309
309 759
759 862
862 263
263 100
100 597
597 656
656 225
225 618
618 521
521 980
980 451
451 244
244 454
454 253
253 852
852 345
345 8
8 204
204 121
121 375
375 197
197 337
337 752
752 439
439 425
425 849
849 321
321 108
108 763
763 921
921 621
621 537
537 727
727 549
549 514
514 185
185 45
45 348
348 674
674 165
165 985
985 195
195 594
594 462
462 176
176 789
789 300
300 397
397 417
417 586
586 990
990 105
105 863
863 495
495 620
620 150
150 38
38 374
374 444
444 431
431 283
283 981
981 237
237 135
135 529
529 487
487 534
534 36
36 944
944 111
111 469
469 62
62 175
175 482
482 966
966 583
583 196
196 832
832 767
767 30
30 523
523 127
127 190
190 381
381 203
203 703
703 872
872 305
305 216
216 680
680 749
749 137
137 991
991 614
614 668
668 667
667 747
747 6
6 4
4 865
865 492
492 385
385 627
627 459
459 88
88 768
768 924
924 128
128 707
707 730
730 664
664 715
715 434
434 663
663 116
116 314
314 47
47 726
726 936
936 51
51 214
214 506
506 249
249 131
131 453
453 577
577 53
53 428
428 721
721 661
661 957
957 779
779 307
307 543
543 130
130 377
377 58
58 955
955 515
515 946
946 814
814 683
683 794
794 76
76 475
475 568
568 447
447 776
776 168
168 967
967 387
387 719
719 220
220 582
582 205
205 243
243 467
467 416
416 275
275 903
903 787
787 383
383 675
675 16
16 584
584 317
317 557
557 386
386 737
737 124
124 517
517 433
433 873
873 511
511 33
33 78
78 830
830 341
341 161
161 648
648 351
351 276
276 315
315 256
256 289
289 409
409 530
530 836
836 490
490 748
748 28
28 911
911 684
684 333
333 718
718 879
879 84
84 188
188 756
756 405
405 71
71 925
925 35
35 136
136 452
452 268
268 290
290 360
360 37
37 950
950 785
785 133
133 480
480 66
66 44
44 606
606 757
757 937
937 224
224 390
390 803
803 673
673 10
10 292
292 858
858 395
395 376
376 910
910 819
819 418
418 826
826 234
234 886
886 847
847 660
660 350
350 120
120 927
927 672
672 978
978 269
269 770
770 810
810 158
158 690
690 484
484 384
384 153
153 542
542 573
573 156
156 336
336 378
378 280
280 202
202 838
838 115
115 509
509 393
393 180
180 443
443 369
369 883
883 318
318 889
889 671
671 21
21 792
792 954
954 853
853 984
984 356
356 625
625 626
626 616
616 70
70 163
163 522
522 644
644 304
304 983
983 310
310 866
866 670
670 960
960 442
442 953
953 572
572 729
729 802
802 713
713 554
554 605
605 982
982 231
231 298
298 483
483 970
970 446
446 806
806 861
861 400
400 764
764 765
765 198
198 64
64 267
267 399
399 781
781 358
358 353
353 868
868 441
441 935
935 54
54 720
720 728
728 26
26 266
266 699
699 106
106 888
888 766
766 34
34 939
939 640
640 679
679 708
708 643
643 364
364 230
230 617
617 370
370 149
149 958
958 987
987 448
448 622
622 461
461 796
796 645
645 716
716 295
295 652
652 641
641 63
63 291
291 272
272 837
837 740
740 799
799 885
885 725
725 15
15 391
391 548
548 281
281 962
962 455
455 589
589 834
834 518
518 815
815 219
219 167
167 389
389 200
200 805
805 999
999 98
98 859
859 571
571 414
414 141
141 923
923 316
316 968
968 282
282 527
527 588
588 110
110 997
997 503
503 630
630 189
189 396
396 436
436 977
977 601
601 80
80 825
825 55
55 74
74 217
217 354
354 855
855 379
379 938
938 209
209 986
986 995
995 422
422 313
313 3
3 146
146 9
9 782
782 540
540 623
623 717
717 761
761 580
580 687
687 502
502 402
402 964
964 497
497 157
157 637
637 807
807 498
498 804
804 520
520 793
793 576
576 930
930 917
917 913
913 412
412 191
191 170
170 476
476 302
302 464
464 751
751 312
312 332
332 689
689 998
998 239
239 248
248 319
319 125
125 257
257 560
560 528
528 857
857 232
232 340
340 742
742 800
800 593
593 107
107 901
901 221
221 134
134 424
424 994
994 403
403 330
330 404
404 591
591 636
636 344
344 240
240 657
657 91
91 854
854 920
920 67
67 662
662 685
685 918
918 654
654 722
722 485
485 493
493 73
73 148
148 236
236 778
778 32
32 311
311 784
784 24
24 881
881 52
52 615
615 536
536 691
691 357
357 284
284 449
449 649
649 839
839 908
908 172
172 963
963 929
929 659
659 996
996 117
117 57
57 510
510 632
632 401
401 218
218 1
1 947
947 365
365 81
81 39
39 801
801 247
247 871
871 552
552 900
900 647
647 423
423 961
961 1000
1000 352
352 285
285 328
328 595
595 526
526 155
155 686
686 973
973 682
682 919
919 113
113 867
867 323
323 604
604 77
77 258
258 297
297 164
164 928
928 499
499 596
596 755
755 235
235 99
99 192
192 259
259 227
227 532
532 712
712 578
578 835
835 277
277 478
478 93
93 394
394 481
481 415
415 254
254 574
574 701
701 743
743 261
261 294
294 550
550 753
753 411
411 610
610 590
590 85
85 388
388 902
902 813
813 780
780 891
891 265
265 367
367 619
619 17
17 892
892 471
471 731
731 821
821 599
599 773
773 848
848 519
519 952
952 463
463 546
546 212
212 860
860 421
421 739
739 279
279 465
465 817
817 877
877 845
845 723
723 791
791 771
771 252
252 864
864 123
123 710
710 486
486 181
181 676
676 144
144 494
494 931
931 840
840 322
322 535
535 496
496 308
308 772
772 856
856 152
152 325
325 609
609 880
880 820
820 56
56 600
600 551
551 681
681 119
119 40
40 229
229 612
612 215
215 895
895 878
878 750
750 906
906 592
592 833
833 907
907 508
508 943
943 558
558 555
555 516
516 271
271 339
339 470
470 68
68 890
890 932
932 844
844 695
695 260
260 346
346 790
790 12
12 306
306 273
273 914
914 287
287 286
286 154
154 808
808 565
565 812
812 658
658 677
677 407
407 92
92 971
971 474
474 132
132 709
709 774
774 697
697 831
831 735
735 368
368 783
783 822
822 373
373 724
724 823
823 874
874 458
458 420
420 27
27 501
501 843
843 109
109 138
138 435
435 948
948 698
698 824
824 303
303 491
491 169
169 566
566 639
639 988
988 875
875 20
20 567
567 413
413 450
450 700
700 851
851 746
746 693
693 145
145 75
75 430
430 296
296 569
569 989
989 206
206 666
666 754
754 870
870 976
976 585
585 406
406 893
893 147
147 382
382 429
429 598
598 83
83 466
466 241
241 505
505 171
171 993
993 951
951 744
744 468
468 460
460 427
427 96
96 43
43 72
72 95
95 669
669 207
207 563
563 242
242 547
547 745
745 182
182 899
899 741
741 60
60 278
278 581
581 633
633 372
372 539
539 797
797 678
678 631
631 734
734 362
362 544
544 213
213 408
408 646
646 894
894 184
184 561
561 545
545 642
642 211
211 842
842 23
23 533
533 122
122 419
419 65
65 949
949 334
334 14
14 992
992 178
178 343
343 603
603 587
587 553
553 86
86 635
635 380
380 702
702 50
50 201
201 611
611 653
653 143
143 245
245 628
628 104
104 912
912 607
607 488
488 349
349 915
915 786
786 884
884 355
355 798
798 166
166 887
887 524
524 7
7 827
827 706
706 79
79 513
513 320
320 732
732 965
965 479
479 398
398 850
850 82
82 61
61 140
140 760
760 114
114 956
956 769
769 564
564 331
331 293
293 193
193 758
758 301
301 933
933 87
87 208
208 457
457 445
445 477
477 324
324 473
473 909
909 562
562 270
270 898
898 556
556 19
19 174
174 694
694 775
775 974
974 187
187 882
882 922
922 162
162 42
42 711
711 160
160 426
426 2
2 222
222 733
733 818
818 29
29 94
94 371
371 226
226 46
46 102
102 504
504 326
326 359
359 199
199 512
512 13
13 238
238 327
327 69
69 186
186 634
634 608
608 31
31 841
841 97
97 264
264 941
941 828
828 228
228 49
49 250
250 638
638 975
975 897
897 335
335 688
688 816
816 692
692 472
472 342
342 876
876 489
489 438
438 59
59 179
179 129
129 829
829 969
969 392
392 665
665 602
602 437
437 934
934 5
5 979
979 363
363 704
704 255
255 531
531 714
714 159
159 507
507 904
904 173
173 811
811 440
440 142
142 570
570 90
90 126
126 262
262 194
194 738
738 432
432 338
338 183
183 579
579 366
366 25
25 500
500 410
410 18
18 89
89 210
210 559
559 613
613 896
896 11
11 177
177 151
151 139
139 959
959 101
101 538
538 112
112 696
696 940
940 788
788 103
103 651
651 777
777 48
48 233
233 118
118 916
916 575
575 223
223 846
846 736
736 809
809 541
541 246
246 650
650 251
251 945
208 224
913 314
799 390
280 200
355 260
323 97
291 320
289 41
503 473
521 643
284 28
600 735
180 462
334 260
175 744
589 361
790 282
189 816
965 778
371 257
835 532
533 837
756 19
251 271
191 747
812 418
315 732
736 833
451 108
22 950
693 678
114 835
328 465
809 656
915 537
593 323
126 672
147 940
724 652
999 6
264 230
563 548
396 78
41 571
870 248
935 546
606 952
139 814
436 713
853 105
373 167
809 586
533 78
531 102
48 362
620 547
594 153
298 528
384 228
699 736
750 319
635 718
652 122
818 948
740 45
789 386
829 991
22 933
875 725
940 472
847 618
837 395
66 824
931 809
903 172
33 819
919 336
570 593
831 71
947 93
888 557
478 674
539 164
374 956
489 167
517 652
505 220
18 256
584 628
769 792
341 727
506 13
721 893
81 748
412 12
962 304
537 426
171 98
524 668
150 952
225 537
301 697
673 292
169 39
65 31
508 835
851 539
722 216
15 160
400 216
926 486
941 841
364 904
509 743
571 313
774 918
451 545
217 115
266 290
937 854
443 573
235 246
355 82
428 27
176 888
648 481
175 360
602 169
61 322
524 642
234 736
813 556
50 480
82 868
466 997
610 17
666 877
426 287
537 658
507 750
94 402
838 482
220 833
302 953
333 91
639 784
830 405
971 271
420 207
605 370
721 522
118 46
700 639
950 172
849 398
987 390
175 610
874 608
393 427
40 64
905 698
668 112
442 612
96 170
475 172
383 488
742 305
28 662
525 638
66 72
506 260
34 657
342 994
549 705
289 997
457 572
513 709
814 520
921 481
174 65
644 398
907 543
509 113
552 789
136 728
422 106
492 30
957 964
31 618
548 68
769 722
831 755
911 767
672 856
882 962
334 469
872 485
555 310
265 40
539 554
546 841
59 350
554 323
202 425
195 120
445 450
960 114
84 92
870 595
228 921
705 834
843 599
621 613
599 14
520 511
480 288
781 990
408 832
206 582
359 861
304 719
707 53
255 8
778 263
174 993
856 470
537 704
111 376
867 539
199 336
50 276
508 525
884 263
289 531
727 77
157 792
341 211
689 534
311 570
114 155
623 839
324 210
289 6
688 424
102 597
407 409
895 415
394 1000
915 827
915 383
162 908
466 444
807 971
639 3
52 294
935 855
35 89
789 801
640 4
264 68
333 702
165 820
361 335
552 655
946 929
887 274
321 2
297 744
716 950
694 22
668 1
724 656
240 779
798 857
33 789
669 339
85 346
305 608
22 773
35 631
68 891
199 44
780 114
801 325
601 681
883 607
613 841
605 51
86 21
290 946
676 280
876 969
395 597
553 265
714 791
537 275
387 116
234 487
881 827
270 520
507 271
123 228
609 292
343 738
438 5
593 586
543 224
996 394
819 103
521 737
541 783
393 136
22 83
767 349
732 553
136 366
997 407
226 807
641 160
343 618
172 1
428 251
376 198
283 753
426 92
714 423
872 467
579 967
111 351
963 330
204 532
973 605
149 355
890 719
961 580
651 795
185 355
905 367
679 604
129 889
803 366
528 175
342 893
711 723
805 555
376 82
938 830
494 680
557 957
707 793
87 12
952 575
385 494
524 314
725 676
69 346
50 308
249 297
850 437
45 562
274 409
955 212
336 345
553 738
330 635
157 311
801 249
574 469
699 919
176 423
550 471
778 374
786 878
53 549
564 802
479 846
699 707
34 278
569 800
146 629
92 388
614 6
153 408
485 191
67 212
145 980
956 880
71 923
142 615
8 141
914 23
550 140
281 318
342 792
572 748
409 906
985 794
338 67
457 936
293 656
447 34
103 224
512 617
903 648
767 635
72 738
597 458
438 212
234 191
996 220
46 567
616 825
665 8
484 135
292 608
247 984
811 121
112 346
552 228
371 907
825 632
93 457
577 798
962 34
788 353
506 979
458 468
186 346
302 764
96 305
505 526
237 498
148 290
628 492
176 84
713 761
996 881
810 869
81 60
580 778
189 908
770 443
41 486
676 131
586 374
107 122
206 123
791 723
461 435
494 760
248 386
307 974
474 232
852 999
605 587
395 823
699 40
78 934
791 486
784 545
718 728
343 588
772 156
82 389
769 526
947 200
399 163
670 14
970 113
742 321
906 54
147 748
596 10
112 730
473 160
348 658
417 295
519 157
846 714
921 427
108 616
611 817
25 272
462 50
712 532
888 768
11 462
217 338
171 157
942 64
616 31
349 241
918 119
243 734
336 211
760 972
528 831
503 569
289 397
482 955
440 75
594 722
211 140
628 580
734 899
29 117
514 446
905 770
970 827
10 679
416 391
691 363
96 379
31 365
118 52
671 307
414 904
51 19
61 747
43 662
608 730
228 29
228 582
278 421
838 620
208 806
524 326
447 141
893 543
991 70
206 578
110 385
405 762
342 948
385 266
766 979
134 225
779 888
585 446
869 78
305 278
117 380
366 415
403 51
17 687
573 500
11 144
20 172
703 967
441 253
270 14
740 125
666 35
318 738
175 870
220 323
667 162
903 121
913 387
574 40
581 252
356 426
757 748
763 354
112 419
211 129
69 631
552 901
575 890
868 575
356 516
13 445
736 207
628 200
400 298
613 259
714 755
308 569
435 214
843 319
953 592
408 225
401 87
425 308
249 597
844 350
252 873
72 433
839 929
240 244
330 531
818 62
560 795
791 607
801 198
902 161
62 542
678 642
151 681
226 552
89 45
52 965
750 259
359 983
822 420
581 330
470 799
123 6
280 47
555 169
375 180
726 673
790 899
555 936
470 39
462 42
514 195
688 275
504 821
981 489
43 352
382 990
852 142
108 851
49 263
741 836
446 471
237 356
3 875
466 115
772 116
280 388
956 91
339 90
935 532
180 54
376 975
265 210
777 929
988 560
58 275
882 145
65 208
503 409
86 258
730 640
741 194
469 407
865 854
982 171
228 194
344 479
213 116
742 425
807 857
623 299
514 994
901 584
51 358
728 739
935 414
553 426
322 884
456 116
705 681
986 235
334 437
998 271
459 180
217 529
773 950
511 439
640 405
110 596
987 716
259 952
965 289
35 840
729 125
311 737
958 850
108 949
969 720
809 639
537 152
984 865
771 562
792 552
674 576
214 574
224 903
583 359
106 404
164 703
439 183
744 692
118 715
498 934
617 330
585 496
383 593
227 230
162 372
246 413
869 650
307 867
875 370
329 976
802 862
820 288
198 655
105 610
697 710
697 766
524 380
274 457
451 643
20 874
573 391
294 2
496 850
875 776
823 396
265 518
15 340
773 324
15 462
386 321
224 345
634 972
705 815
965 841
710 20
330 501
895 956
996 500
839 474
793 555
713 87
299 406
221 97
685 988
164 856
217 859
239 210
631 33
938 404
886 670
642 21
13 268
287 731
56 293
198 902
328 412
957 380
481 763
412 967
108 916
187 418
872 460
303 972
400 382
769 746
409 669
250 520
817 785
174 712
816 968
891 591
138 507
733 35
3 417
96 365
482 193
890 54
264 564
989 376
43 408
508 269
43 266
47 970
378 113
244 218
258 318
249 74
269 954
985 646
193 896
295 280
143 358
346 1000
945 814
886 247
53 449
230 228
440 592
65 401
224 770
451 901
8 336
619 964
160 820
420 631
525 433
550 285
312 405
892 820
111 56
601 485
314 800
778 707
391 481
851 422
775 724
18 737
329 221
365 952
640 124
514 237
611 965
914 525
104 778
132 405
595 340
754 72
99 707
759 616
830 472
467 219
340 398
429 34
127 373
865 808
928 840
506 541
202 131
958 727
523 377
934 977
874 917
982 64
75 370
546 696
829 804
491 559
120 666
437 424
948 395
514 377
636 893
403 445
194 272
767 196
466 554
434 84
64 243
936 598
296 940
277 514
602 421
17 783
204 858
60 872
977 96
722 586
764 164
975 682
618 433
943 813
718 113
31 600
920 977
285 888
209 525
856 466
504 971
654 814
574 755
579 665
42 485
915 437
702 483
761 811
652 365
604 38
956 313
391 732
842 981
713 227
650 183
954 776
29 802
528 150
102 592
545 425
611 775
533 12
234 638
61 221
609 516
381 911
746 865
447 12
866 318
918 985
848 925
5 497
813 969
277 869
551 56
771 96
791 384
34 470
533 366
945 128
945 44
423 47
548 933
395 300
671 258
615 610
419 718
212 507
632 228
59 628
574 290
337 954
332 929
891 50
160 360
246 576
258 804
394 642
709 136
697 785
577 271
534 629
372 480
539 517
403 37
545 658
715 885
589 602
623 234
591 67
71 264
565 438
283 359
474 468
469 543
83 984
542 31
422 648
108 82
721 62
184 560
924 774
407 891
138 970
695 325
638 914
610 676
265 414
901 972
357 876
957 679
546 743
169 416
39 349
416 348
254 507
173 661
896 363
977 808
862 319
218 430
552 65
512 147
478 32
127 610
255 796
194 520
346 234
697 506
164 493
475 57
402 44
709 910
682 396
639 588
901 234
503 982
867 68
904 182
100 650
122 944
894 734
90 497
8 959
9 585
589 919
859 939
195 696
270 579
16 417
501 638
665 632
503 616
135 553
301 238
793 453
186 348
517 775
448 493
323 747
626 139
123 545
527 678
427 309
477 642
147 551
559 819
827 756
810 170
921 226
610 726
985 453
758 896
879 584
959 843
348 756
713 859
589 367
833 911
658 563
91 777
841 501
701 443
327 178
658 685
808 871
130 9
869 493
420 370
256 402
207 338
405 472
72 637
827 458
520 229
215 961
12 367
379 548
705 276
369 798
920 405
393 351
549 404
404 240
893 252
436 48
665 220
81 709
147 569
693 969
722 175
190 838
283 494
559 550
239 537
424 842
111 780
289 607
945 181
314 193
39 728
724 921
697 185
230 607
24 954
58 131
962 245
439 355
86 947
691 943
864 899
228 869
386 458
126 658
789 562
89 677
861 687
939 996
558 381
971 639
427 295
808 251
156 889
586 501
745 217
604 744
29 486
783 761
541 294
546 600
941 725
986 845
503 722
418 827
393 410
689 601
724 297
845 716
609 509
19 94
722 496
642 546
75 878
357 731
12 346
211 610
651 798
25 681
248 126
12 547
239 328
33 620
920 870
88 989
17 462
892 780
623 682
665 518
233 105
482 319
877 873
797 940
560 864
993 521
900 87
866 22
643 921
150 664
123 470
614 468
56 125
34 192
375 46
412 625
653 958
394 852
338 993
921 702
958 444
419 889
744 528
73 558
315 532
975 242
373 939
211 438
553 404
156 315
877 677
553 265
460 848
152 297
408 508
964 499
69 695
427 55
63 732
33 557
760 315
205 584
137 462
478 796
170 179
278 18
196 964
849 54
916 483
119 210
953 64
555 763
139 830
309 868
965 613
192 617
845 982
278 259
137 17
191 799
73 668
358 468
40 827
783 787
866 458
147 230
44 398
261 700
62 699
189 314
260 600
572 226
890 512
962 476
295 601
207 99
384 852
182 973
822 706
416 148
607 635
417 638
959 266
726 904
687 917
17 521
464 639
775 764
670 148
352 86
741 225
458 734
179 480
365 980
658 552
390 713
889 139
439 355
175 436
672 359
815 864
572 758
792 191
979 503
411 400
871 581
804 917
954 135
484 64
350 79
365 835
920 947
915 364
49 942
374 692
898 442
199 687
461 433
166 232
942 602
794 44
270 92
18 720
786 123
281 885
407 999
467 538
805 206
343 968
413 601
443 837
283 919
549 298
118 96
209 254
999 114
951 120
629 391
119 692
121 910
504 987
636 610
188 162
419 738
282 875
25 174
468 686
784 948
522 374
806 438
246 265
63 981
469 936
355 891
48 907
203 99
39 180
963 922
456 722
713 679
295 273
706 145
742 71
435 76
735 360
618 289
309 788
626 36
387 62
184 646
947 455
357 682
727 41
145 87
903 749
220 59
398 618
606 639
759 840
349 241
753 462
471 621
129 862
759 1
198 337
181 349
162 442
985 43
361 911
764 396
862 290
46 795
60 630
203 418
216 855
717 773
96 657
114 547
143 41
108 492
848 864
736 337
243 987
565 956
688 897
231 282
371 907
880 698
204 296
303 889
15 996
806 391
238 684
123 318
489 397
899 13
735 13
570 584
942 228
657 587
407 873
787 319
172 678
986 468
204 867
40 97
259 157
966 204
603 49
900 329
11 514
937 960
711 417
732 707
214 318
897 490
171 476
499 219
706 198
208 694
889 861
876 729
255 248
620 716
573 24
677 114
252 494
604 618
82 978
597 961
218 423
998 613
585 112
264 837
123 574
966 859
540 61
602 112
514 194
272 815
479 644
515 347
462 954
860 164
605 860
870 245
316 727
752 291
210 949
804 169
270 433
261 334
894 516
337 213
748 938
503 785
606 714
302 843
592 27
243 665
492 496
584 97
71 430
32 253
556 924
672 350
702 913
669 383
137 539
526 641
874 435
974 299
194 801
754 558
296 361
871 80
407 583
99 694
254 746
784 616
89 737
249 656
675 673
346 157
910 711
946 644
11 659
421 420
433 238
414 590
933 121
438 257
468 84
104 857
833 906
36 889
227 856
743 504
147 883
26 702
307 878
697 113
483 597
660 601
470 126
656 175
563 985
216 934
245 226
617 45
985 155
893 971
343 511
190 451
783 231
22 951
876 150
213 576
814 254
586 688
401 330
680 691
951 148
57 742
763 504
982 358
85 755
537 152
759 702
455 196
946 920
222 729
618 905
251 206
735 648
170 915
279 480
515 656
564 323
390 201
497 677
872 538
715 984
230 113
755 192
230 578
706 668
95 753
985 785
900 813
176 815
463 908
107 973
18 729
571 734
221 722
379 772
289 966
657 133
311 925
561 509
37 575
835 709
688 628
884 698
574 849
273 805
593 685
842 971
873 711
846 125
137 607
792 78
562 665
899 512
197 49
360 950
225 307
808 795
624 852
675 818
17 407
364 686
766 652
396 400
594 541
967 752
301 48
571 152
349 297
631 445
384 339
291 573
970 37
802 189
107 812
171 583
301 221
990 537
267 606
632 956
521 301
212 390
454 128
6 817
636 167
245 272
445 36
443 206
279 163
700 673
916 786
637 700
826 664
897 458
458 736
367 95
825 212
564 327
916 820
840 159
736 218
337 347
33 776
859 440
983 230
84 545
411 943
794 138
318 751
31 562
780 622
370 44
502 635
709 367
584 989
269 534
292 36
708 42
876 581
536 632
745 918
244 616
529 343
813 134
836 137
544 976
753 232
365 791
378 75
37 832
936 388
940 558
273 845
358 743
784 867
424 905
55 51
169 214
784 936
319 190
761 117
789 846
973 927
28 94
107 174
639 556
24 665
957 118
978 512
493 853
641 440
425 148
230 593
553 183
270 561
391 73
808 629
324 331
115 458
988 472
171 716
311 891
482 354
874 364
33 543
523 789
413 496
396 15
416 648
793 882
657 952
561 816
16 248
908 608
934 967
827 214
879 627
550 704
518 882
699 710
392 87
58 985
142 621
144 926
587 462
989 186
197 729
813 718
754 194
504 867
259 984
81 371
370 971
560 378
923 567
894 840
339 930
914 890
948 793
432 65
545 419
944 486
715 405
586 343
718 323
280 316
1 434
239 762
609 954
243 811
62 617
373 700
483 502
108 969
29 380
976 385
921 46
165 688
617 384
769 522
933 136
604 176
147 629
742 971
392 924
209 418
880 129
504 502
764 871
862 702
663 141
444 602
172 11
860 213
888 958
708 349
753 771
50 686
764 274
986 347
340 366
768 127
900 94
107 725
449 748
599 585
204 224
456 198
586 119
942 998
89 314
200 186
858 8
392 101
994 462
317 6
904 909
934 384
223 390
456 114
132 483
948 129
86 170
589 421
276 320
27 498
360 525
494 660
257 269
610 688
61 680
39 827
362 322
424 150
528 788
278 678
738 67
738 862
819 910
369 284
186 703
433 680
419 557
295 663
288 615
887 734
264 803
404 459
823 513
658 901
72 950
753 691
516 131
3 327
993 764
277 567
87 496
183 29
563 267
759 353
615 748
606 539
982 97
620 311
220 532
761 629
691 427
514 696
48 949
979 83
275 444
747 815
577 70
1 545
666 402
496 155
234 10
356 420
670 221
848 563
316 569
558 842
798 660
649 498
239 433
108 702
410 54
167 338
84 935
316 742
180 599
569 757
464 385
929 707
864 220
201 157
704 956
579 563
384 984
695 169
327 136
30 775
222 85
877 212
863 742
257 653
137 387
493 114
957 496
320 749
177 535
746 803
801 163
56 331
19 621
645 49
875 253
594 908
614 421
169 278
997 284
661 824
144 184
238 447
689 609
725 909
298 993
503 974
856 804
927 201
851 686
946 738
775 619
847 721
564 337
290 145
398 493
65 317
389 299
226 242
967 628
545 566
998 815
445 910
944 631
830 743
607 184
496 108
246 709
42 851
130 498
441 185
805 442
708 710
637 933
332 252
426 100
385 113
122 610
498 619
969 536
106 43
589 9
647 292
838 640
635 950
450 959
773 536
786 345
535 98
231 177
885 492
26 210
52 962
597 379
542 870
662 556
802 702
681 948
204 691
427 167
284 686
737 166
393 103
738 555
193 88
92 12
667 247
60 785
555 537
425 515
409 201
584 863
665 837
342 678
425 971
216 689
851 743
283 957
359 555
883 569
32 807
720 309
911 66
145 293
108 281
687 798
884 915
122 773
148 81
612 765
22 63
739 242
400 819
459 558
683 328
275 21
104 895
192 832
307 761
227 844
127 649
545 403
705 79
493 743
405 582
106 668
159 164
857 507
200 629
713 588
332 623
793 689
166 507
163 233
995 415
583 184
231 115
234 891
566 528
741 369
293 4
19 734
453 737
757 802
721 904
573 55
222 407
145 488
677 316
868 57
570 371
814 704
244 167
71 218
110 861
739 387
374 527
125 205
975 510
958 87
639 389
642 358
226 412
869 477
800 508
118 737
77 241
851 435
192 308
451 727
936 443
187 677
912 846
774 208
249 478
303 962
829 847
605 288
168 136
329 853
400 788
304 600
19 903
955 46
302 58
844 154
595 405
613 256
873 172
895 764
253 901
968 668
373 54
222 25
826 842
718 955
46 373
393 860
347 498
712 849
7 951
801 625
591 644
375 283
929 231
995 785
415 302
452 88
554 803
332 140
930 559
56 263
11 997
932 623
470 435
37 797
942 539
950 656
381 820
658 58
452 265
160 72
619 474
585 743
859 903
853 596
165 83
192 397
268 912
45 888
246 387
174 482
946 388
998 155
376 363
474 21
519 33
53 318
202 473
525 797
978 178
781 743
168 974
805 116
496 881
435 541
989 294
695 137
59 80
729 419
940 465
665 754
910 806
916 104
953 620
758 53
803 467
188 327
528 557
398 324
76 187
383 361
465 360
499 636
527 212
7 136
390 84
899 977
107 375
569 906
114 504
97 955
431 626
227 479
790 926
305 60
93 626
746 16
892 57
815 493
796 397
771 386
994 947
676 553
297 43
409 86
381 979
685 588
161 526
127 724
450 936
688 508
334 510
962 66
942 120
198 865
518 265
41 637
978 541
319 485
368 631
412 899
903 162
991 678
495 54
197 978
957 210
536 991
290 668
47 961
743 552
532 546
547 459
913 751
515 124
983 917
913 476
132 492
282 439
813 590
139 111
822 546
714 138
668 973
154 443
592 41
870 619
31 972
939 640
563 978
737 717
650 131
226 427
702 900
573 461
279 332
1 615
467 124
77 874
729 58
823 694
770 539
357 854
234 222
955 483
245 960
724 107
129 554
307 853
832 49
284 142
842 550
193 501
675 799
354 337
192 991
898 796
330 576
689 58
9 13
58 679
289 728
513 846
59 750
857 635
810 757
376 665
285 533
30 717
64 48
808 212
361 657
680 640
599 164
802 293
554 702
914 936
106 706
93 252
906 425
280 173
503 732
264 476
719 210
29 227
335 739
655 952
365 84
177 631
483 206
88 890
393 289
393 977
182 706
405 409
963 425
685 380
355 572
815 288
583 149
912 13
264 131
62 771
163 437
99 692
466 498
391 444
380 414
567 538
84 934
343 168
354 739
882 686
390 767
351 81
643 560
603 69
706 873
151 654
541 24
856 260
610 722
9 817
694 356
713 374
455 983
757 143
29 494
385 36
208 696
644 97
996 294
229 409
594 6
996 347
114 294
565 288
554 454
691 135
846 36
309 255
18 838
447 714
767 957
412 890
989 629
922 846
62 842
121 58
939 959
625 364
325 835
45 245
517 160
641 791
672 16
36 965
573 876
167 28
175 539
882 226
489 728
865 105
596 336
812 60
829 554
20 985
444 377
818 114
295 196
516 443
338 497
781 305
997 862
626 998
686 789
419 535
45 606
913 675
547 39
474 433
3 113
254 570
789 108
397 262
810 426
14 338
323 632
92 249
955 482
300 566
397 350
825 568
520 731
576 707
890 742
373 997
908 793
981 632
82 844
107 371
137 933
695 493
977 879
156 361
702 351
378 904
194 705
620 552
988 280
669 428
417 64
846 842
262 898
743 383
407 656
776 153
208 53
939 953
582 18
347 447
40 798
441 620
152 215
958 65
172 745
27 902
822 350
1 373
449 224
882 407
57 880
452 716
940 256
468 196
903 746
526 697
300 344
463 462
383 318
393 756
686 73
754 522
441 151
956 67
243 515
504 116
463 552
696 748
143 463
268 27
345 963
574 381
200 462
184 4
139 151
997 851
35 661
220 6
250 218
850 483
809 472
482 750
199 414
587 512
518 51
590 582
954 774
383 846
852 578
111 652
815 558
354 153
614 361
59 403
863 506
834 258
702 748
456 375
979 908
717 853
654 847
952 322
417 486
865 516
755 71
514 636
944 83
567 44
709 480
172 89
538 175
76 106
869 947
829 889
657 183
197 192
33 134
137 38
60 609
944 895
801 273
431 16
200 976
251 486
497 774
723 770
172 586
759 818
647 630
771 14
227 87
652 528
28 645
194 848
851 855
562 564
273 471
663 681
400 186
541 17
45 456
146 477
303 83
265 762
308 218
304 827
174 221
438 900
569 438
199 399
142 677
183 843
902 780
347 499
370 85
752 311
189 136
572 110
96 263
397 334
446 870
138 731
700 560
79 803
547 447
865 951
589 260
490 575
758 115
558 594
885 45
387 143
91 657
743 412
934 528
239 870
464 194
725 356
625 843
183 780
673 68
950 399
519 300
300 922
185 768
686 921
791 102
195 281
734 937
6 669
992 125
897 270
731 423
101 261
611 755
63 767
494 411
885 271
456 800
507 728
281 604
932 859
854 452
27 354
140 470
708 981
648 315
553 824
573 554
131 144
23 500
610 588
11 855
429 739
131 781
84 231
95 253
325 927
539 804
311 883
786 15
522 89
482 375
469 212
268 352
507 842
930 797
290 959
676 40
669 614
475 276
80 54
634 112
721 782
18 385
55 279
604 599
448 375
277 599
984 506
46 344
751 336
105 880
150 487
397 876
20 348
624 337
624 215
854 343
806 225
164 938
844 843
975 512
816 862
20 295
515 167
92 827
211 745
22 499
816 667
534 536
226 34
915 30
923 120
666 874
93 197
552 720
842 768
736 310
284 211
900 786
558 48
542 860
65 330
859 918
488 888
899 459
359 405
890 436
260 569
933 397
922 777
464 504
790 136
177 815
838 728
312 413
686 391
486 269
318 493
497 921
948 428
758 350
818 835
294 654
998 747
472 371
463 188
881 580
8 922
41 116
791 356
851 532
551 831
969 646
803 774
521 802
555 456
830 180
332 338
73 796
579 236
53 22
714 792
490 751
394 988
521 565
785 680
315 512
883 392
986 349
182 857
219 375
245 31
288 185
956 570
380 992
520 4
399 339
499 92
680 339
424 91
269 782
791 925
708 740
490 489
487 501
945 565
580 967
534 104
757 867
74 827
567 385
420 412
187 78
474 731
543 178
151 875
385 652
107 958
235 620
258 926
374 989
408 862
299 422
514 315
993 399
44 192
137 954
210 45
760 119
492 873
620 208
876 425
324 358
285 305
568 151
901 505
468 718
851 772
100 857
994 495
597 972
799 15
421 874
540 556
673 744
302 171
533 806
521 397
215 500
54 528
18 212
1 686
358 849
779 100
875 813
165 280
976 160
309 999
430 12
934 255
868 488
225 636
299 732
128 761
6 815
52 721
419 561
202 682
844 604
29 85
138 208
540 109
696 661
433 311
371 278
315 632
165 317
466 174
817 354
903 433
644 914
708 900
236 397
872 206
878 611
130 234
795 448
522 873
586 499
670 320
466 659
996 127
146 24
374 392
499 616
946 781
342 735
92 288
950 996
771 927
176 331
747 756
267 518
405 915
743 27
159 598
953 221
681 136
162 233
434 602
277 41
246 624
578 546
912 307
55 713
47 467
220 48
688 564
492 979
373 33
526 926
681 922
86 108
465 6
327 394
274 818
595 729
683 236
96 942
521 586
65 982
241 400
258 879
902 273
924 971
502 478
564 205
655 270
135 542
833 40
523 786
664 756
413 361
26 345
907 845
908 955
505 313
283 254
305 765
476 201
530 213
757 953
747 202
144 824
384 824
660 491
396 515
512 837
209 192
937 131
285 508
705 447
919 296
494 510
138 477
641 372
795 1000
994 614
236 582
850 970
134 331
214 566
357 517
867 184
974 59
968 226
771 510
186 300
866 597
586 601
303 615
766 509
718 206
960 71
452 338
114 295
702 519
151 427
584 554
921 625
217 375
561 717
172 757
262 952
919 963
662 915
110 606
362 41
816 285
294 387
87 792
921 592
419 925
520 186
21 218
3 687
959 131
48 144
559 487
487 48
668 217
214 792
635 704
80 99
120 268
522 79
93 595
895 854
633 159
758 910
377 928
587 605
741 898
654 499
272 263
56 432
719 261
126 526
720 994
713 517
175 762
65 115
693 723
299 279
707 914
694 620
125 932
283 315
617 822
492 227
912 976
804 155
692 75
673 362
973 386
192 834
45 954
230 917
372 483
40 269
20 957
548 289
506 304
844 454
157 631
567 228
349 848
205 468
225 716
519 500
765 621
590 288
308 611
220 361
882 509
662 426
966 137
931 842
526 949
164 366
447 627
775 854
718 425
376 827
968 321
719 94
237 266
122 825
57 74
123 775
241 763
352 558
956 377
843 159
956 599
278 96
89 694
901 909
419 585
74 891
591 104
721 249
291 717
142 91
901 265
922 941
732 536
938 675
414 682
675 72
333 813
359 392
198 291
622 651
117 532
695 521
777 358
361 23
598 197
145 436
966 684
489 94
903 446
887 990
783 133
210 367
960 980
723 706
409 457
506 793
745 799
279 782
224 452
866 430
593 760
766 914
891 408
585 922
568 441
306 920
518 889
621 783
904 315
826 192
869 809
10 497
499 245
503 942
647 835
854 433
477 285
781 279
834 93
865 564
808 793
946 84
94 188
470 10
1 863
265 708
243 541
482 383
843 61
687 472
778 35
334 952
217 481
109 992
465 972
872 617
969 108
196 305
997 346
712 695
849 497
776 815
710 427
163 521
504 763
791 47
361 656
706 858
545 884
805 216
972 857
40 126
661 315
85 609
732 757
692 435
813 917
238 777
964 816
181 433
477 196
415 543
158 381
758 976
959 859
68 815
58 139
695 593
761 673
284 224
817 892
144 781
24 651
669 562
218 638
558 98
22 534
800 41
947 971
673 83
722 598
237 358
942 785
52 971
412 771
106 582
789 302
195 237
379 57
228 839
197 401
203 946
662 277
827 824
521 265
20 910
865 123
792 118
358 342
218 665
22 523
502 319
198 616
360 262
539 319
214 982
143 189
920 859
191 255
20 380
687 181
762 141
181 282
352 70
555 934
189 537
264 174
64 272
609 539
548 265
932 451
69 67
815 667
399 174
663 626
541 398
271 714
251 413
231 753
677 890
300 264
853 899
78 293
26 484
606 857
55 610
752 293
372 875
485 75
224 681
402 876
194 771
111 938
230 316
341 41
670 962
874 612
989 517
669 783
262 199
785 432
571 614
956 516
846 887
942 234
869 621
994 818
423 595
63 5
833 394
603 479
372 368
72 837
265 609
507 869
286 863
759 204
173 546
271 616
353 291
491 541
697 690
293 594
312 170
998 143
584 144
873 228
965 897
209 376
240 850
329 109
253 129
158 193
333 631
185 919
895 974
953 972
963 39
419 675
588 997
803 663
398 14
776 279
773 39
111 244
365 362
136 386
960 850
625 495
909 43
955 578
616 529
662 81
813 267
756 858
616 782
380 948
581 407
699 449
260 988
122 34
981 726
197 913
843 83
822 286
153 913
601 577
800 252
471 1
283 431
954 270
404 434
646 465
828 680
797 384
29 640
101 917
318 973
43 231
978 88
423 820
707 322
912 723
871 140
746 442
299 38
930 366
597 64
536 754
227 141
990 558
825 596
424 643
498 587
474 207
83 328
120 427
602 307
438 656
396 896
371 691
679 50
863 928
485 987
998 438
255 52
962 273
535 159
981 540
535 507
554 38
517 471
619 517
261 855
500 842
79 924
743 617
130 881
203 66
996 722
996 213
780 629
165 659
185 335
178 512
331 123
612 250
279 384
643 578
497 909
180 574
768 331
776 663
251 399
661 220
699 988
512 857
60 39
816 675
941 833
936 44
681 279
246 694
7 141
931 175
515 363
329 977
449 929
900 853
531 925
216 157
805 711
542 225
745 405
897 107
111 66
694 198
268 274
315 553
983 18
237 953
909 65
560 999
251 232
61 786
350 231
112 971
162 18
96 250
876 801
155 570
143 149
403 613
668 856
947 335
127 493
328 634
664 818
255 419
442 457
718 644
979 546
859 86
264 239
203 942
881 255
105 507
626 901
534 507
346 230
533 877
1000 249
991 17
157 374
561 846
431 523
849 181
577 550
232 254
240 907
904 392
583 746
26 188
289 845
69 678
659 52
733 345
804 171
27 981
153 441
389 712
767 56
945 735
198 374
271 553
864 760
259 766
194 211
962 712
2 204
510 499
854 432
470 233
383 346
251 483
810 680
417 282
141 380
15 218
782 607
284 391
549 737
342 310
315 535
723 7
776 907
870 923
68 933
933 362
218 67
495 556
675 705
88 647
384 526
581 122
164 286
842 504
348 982
241 347
940 558
887 828
762 586
683 481
329 571
577 882
435 828
608 314
687 82
610 726
468 227
682 516
66 906
783 956
955 839
63 280
453 75
794 758
252 574
993 281
557 814
122 270
798 326
452 948
175 331
960 266
504 918
874 50
103 411
211 139
706 859
929 588
627 831
552 208
679 909
364 10
561 586
556 334
712 462
905 726
858 925
876 843
745 739
225 947
780 199
494 773
575 794
975 829
628 526
34 419
615 332
874 933
40 262
129 206
222 340
863 995
847 291
864 861
585 531
323 13
491 125
268 906
179 599
354 639
11 813
877 458
774 286
116 893
586 669
359 350
15 268
235 181
642 807
196 551
558 841
268 630
523 491
432 914
775 433
233 733
723 297
488 221
11 919
200 313
680 90
30 555
418 754
948 787
135 806
908 974
339 915
678 757
53 56
153 502
259 657
795 903
100 539
34 432
321 80
750 190
693 259
190 941
399 513
941 394
609 573
804 17
743 707
684 934
147 33
861 703
170 836
240 18
869 48
453 643
838 322
907 102
889 365
153 953
566 461
173 662
735 348
451 397
725 870
937 278
764 84
255 877
687 739
783 29
149 292
444 234
841 902
327 206
421 48
499 367
168 718
615 328
577 322
184 658
383 762
598 481
752 328
296 713
628 336
654 961
448 688
474 414
744 778
181 235
332 402
74 286
95 605
257 209
590 639
102 172
953 445
349 819
851 336
214 228
453 801
98 920
666 608
776 219
107 614
158 500
556 975
989 140
876 649
101 198
617 398
69 140
813 682
384 141
689 130
502 767
264 512
378 89
93 376
348 514
626 776
460 892
920 767
621 688
682 579
167 267
894 651
717 591
483 941
414 877
788 189
920 3
800 50
771 727
408 269
953 991
142 330
806 879
138 231
612 19
326 491
467 47
400 443
382 620
391 666
33 558
442 493
939 444
197 569
176 684
520 121
172 632
51 430
508 817
274 871
548 258
26 122
925 92
604 407
196 25
906 881
196 302
272 512
902 219
941 81
852 382
311 145
405 217
412 82
402 454
256 571
17 571
17 127
849 437
173 538
549 637
64 317
528 211
515 533
551 786
471 631
251 354
781 87
868 159
591 27
764 437
990 151
498 999
841 589
522 879
971 529
779 539
142 748
771 368
462 380
872 450
180 559
945 844
18 773
565 857
471 47
375 43
741 317
393 916
241 604
308 606
815 839
58 950
125 462
246 746
854 139
178 154
665 220
588 485
67 794
331 854
634 438
593 442
230 38
427 336
166 285
646 198
474 692
382 235
697 264
849 211
888 163
111 484
724 986
909 301
923 508
826 832
369 12
356 692
627 552
658 914
766 762
57 624
672 78
578 894
249 475
56 516
211 73
641 666
360 242
715 707
537 37
541 615
667 99
178 745
558 360
469 946
396 179
137 244
84 754
297 572
872 929
922 308
927 752
68 564
778 391
894 510
812 271
793 166
221 541
153 440
103 229
573 369
612 696
562 809
341 240
24 53
362 979
80 121
589 351
16 687
388 851
409 905
602 862
727 589
427 697
951 509
792 193
10 759
174 488
83 461
23 823
66 262
217 492
738 383
207 286
440 181
799 55
302 478
717 232
319 131
387 443
823 574
610 550
149 335
45 747
534 731
668 557
563 263
638 850
686 411
242 238
624 834
829 452
694 208
919 565
369 175
902 169
595 148
996 865
686 954
393 680
824 544
763 258
481 263
530 951
291 412
607 154
177 74
493 507
784 462
924 813
509 249
480 780
674 634
839 968
646 115
586 510
940 210
750 512
614 609
501 210
496 486
671 248
38 972
14 701
848 999
399 691
196 19
329 700
43 325
485 953
382 958
197 473
947 436
24 668
584 787
863 556
826 622
254 997
476 237
816 530
242 968
966 684
718 292
362 865
264 406
730 183
575 263
2 825
991 315
934 840
842 425
628 434
380 698
630 145
83 219
525 504
397 910
199 38
189 18
194 728
478 952
825 284
235 451
980 835
293 333
780 910
667 291
514 806
838 487
526 703
785 909
973 151
826 754
627 766
550 285
145 258
401 929
473 148
698 583
312 787
153 365
816 524
165 296
941 146
457 648
122 945
832 940
193 15
118 822
730 649
575 321
236 939
331 193
831 935
630 361
385 983
949 678
251 94
272 488
34 449
72 733
51 413
804 583
421 653
939 826
943 231
861 497
193 771
141 491
509 66
24 129
785 738
138 930
244 797
750 58
617 220
97 184
400 912
607 751
98 640
36 868
651 823
835 324
442 269
285 461
570 233
202 868
305 385
255 167
909 577
190 336
222 485
524 335
707 516
479 999
866 565
232 441
196 499
753 453
116 465
793 630
528 389
815 203
939 271
912 828
313 142
13 795
80 781
921 409
966 561
982 519
571 34
429 871
103 698
676 49
906 273
418 355
755 839
399 885
759 799
742 476
967 465
46 128
162 438
520 622
651 10
148 264
667 606
106 922
242 582
925 778
653 914
134 471
818 580
361 543
229 687
130 371
293 622
842 5
201 799
673 574
656 781
360 195
102 822
137 548
287 144
273 544
285 479
979 753
330 674
634 517
73 421
600 924
125 387
77 53
981 310
763 174
709 844
272 821
990 212
577 904
379 952
935 291
895 311
42 529
307 82
405 615
703 927
154 14
233 493
785 316
105 851
576 226
212 76
641 799
1000 992
874 93
420 402
264 665
93 333
306 579
33 95
501 846
545 209
183 474
156 499
140 545
689 884
789 990
830 680
862 992
814 452
863 176
82 718
755 17
3 43
641 140
56 330
390 424
38 348
469 89
196 794
458 189
367 447
969 176
494 190
976 465
133 965
771 164
798 952
45 399
267 520
811 899
191 736
179 765
641 502
186 598
421 594
195 404
286 157
574 949
402 466
660 485
670 978
218 23
771 985
909 568
39 417
470 997
519 586
618 488
826 911
897 693
665 942
946 48
