100
11 1 3 4 6 11 14 29 32 34 44 50 
7 10 25 26 29 33 41 45 
14 1 3 4 5 6 14 20 21 27 28 29 30 33 50 
10 3 7 8 11 15 17 26 35 37 42 
11 8 10 14 18 23 27 35 37 39 44 46 
13 3 9 11 13 14 17 18 22 31 37 39 40 44 
18 1 2 6 7 10 16 18 20 22 25 27 29 32 37 40 45 47 50 
7 7 12 13 15 21 23 49 
9 1 10 13 17 21 27 34 40 49 
6 3 18 29 31 41 46 
11 2 8 9 11 12 13 15 21 38 44 47 
5 5 10 33 39 47 
12 4 11 13 15 17 19 26 28 29 36 40 42 
8 1 4 9 19 24 31 35 37 
8 5 12 21 22 24 29 42 47 
4 1 6 26 45 
5 6 20 42 44 48 
10 4 9 20 23 24 29 33 37 48 50 
6 2 10 11 19 23 43 
10 7 10 18 26 28 33 36 42 47 48 
7 8 11 13 23 26 44 46 
9 5 7 13 26 29 33 39 40 50 
12 5 7 8 12 19 20 22 24 28 42 43 46 
9 7 19 22 34 37 38 45 46 49 
10 2 15 22 23 24 25 36 46 48 49 
11 2 4 13 16 19 24 28 42 44 47 50 
8 2 6 16 21 24 31 32 40 
9 4 6 15 21 26 29 45 47 50 
12 1 13 15 17 18 20 21 26 27 31 37 50 
11 13 18 28 30 32 35 38 39 40 43 48 
11 8 17 20 34 35 36 43 45 46 47 50 
11 3 8 12 13 14 15 16 24 26 28 44 
6 6 11 20 25 40 41 
6 3 8 20 22 30 49 
11 5 7 15 20 24 25 30 34 37 38 49 
9 4 5 12 13 19 29 36 40 45 
10 8 22 30 31 33 35 36 39 46 47 
4 20 22 31 33 
10 8 11 19 22 27 31 32 34 37 49 
9 11 15 20 26 30 33 41 43 49 
11 10 12 20 23 35 36 37 38 40 45 46 
6 9 28 33 34 35 41 
12 3 9 12 13 14 16 19 21 30 34 42 46 
9 8 20 27 28 31 34 38 41 48 
9 1 2 5 9 26 29 30 33 43 
5 3 18 19 33 45 
16 6 11 13 15 17 19 20 24 25 26 29 35 40 42 45 48 
5 8 28 29 31 36 
5 1 3 15 26 27 
7 2 3 4 15 18 44 45 
12 3 7 12 14 15 21 30 33 35 43 49 50 
8 3 5 6 18 24 29 34 35 
7 1 18 22 25 31 32 37 
13 4 5 9 13 14 15 25 28 32 37 38 47 48 
9 6 8 10 17 18 19 22 24 40 
10 1 8 13 22 24 35 36 43 46 47 
12 5 8 13 15 16 17 25 26 30 31 42 44 
7 10 11 30 33 37 40 48 
8 7 13 22 27 33 35 38 43 
9 8 15 17 21 27 33 39 40 46 
11 1 8 14 18 23 25 27 30 33 45 48 
4 26 30 36 42 
5 5 15 16 41 42 
7 9 12 20 22 24 25 36 
10 12 16 20 30 31 32 34 35 37 40 
7 8 9 23 27 33 41 46 
13 1 4 5 7 8 10 16 17 19 22 35 37 41 
9 18 22 28 31 32 34 40 43 44 
13 3 4 8 10 19 20 22 23 25 34 37 41 46 
9 1 17 18 20 22 24 29 36 38 
10 5 11 19 27 28 29 35 39 42 49 
7 10 12 28 30 32 39 43 
11 8 11 19 20 22 23 29 31 42 46 49 
8 19 20 26 31 36 39 42 46 
6 19 31 35 43 47 48 
8 1 8 15 23 29 41 44 48 
9 7 10 12 16 23 24 28 46 49 
6 6 23 31 43 47 48 
13 7 10 11 12 19 22 24 26 29 32 45 46 47 
9 12 19 20 21 25 27 28 46 47 
11 1 2 13 22 23 31 32 41 44 47 48 
7 2 11 28 32 33 36 47 
9 1 3 9 13 15 22 32 33 37 
11 3 11 19 28 34 35 39 41 42 44 49 
8 4 20 23 31 32 34 40 44 
6 3 16 21 28 36 38 
8 5 18 22 37 38 40 47 50 
8 8 13 16 21 23 28 29 35 
7 3 5 11 12 25 30 38 
16 1 2 3 4 5 6 12 16 17 29 30 33 37 40 45 48 
11 4 10 27 35 37 39 42 44 45 47 50 
12 1 5 6 7 8 9 10 14 17 18 42 47 
11 13 23 25 27 30 31 32 36 39 40 44 
7 3 8 10 28 33 41 43 
7 2 7 13 21 29 35 40 
11 4 5 7 9 16 20 26 29 44 47 50 
8 1 17 27 34 35 36 37 47 
7 13 19 21 25 34 43 48 
11 6 9 14 19 20 22 26 33 40 42 44 
11 3 8 10 13 26 28 30 43 46 48 50 
