30 10 10
261
1 31
1 33
1 34
1 35
1 36
1 37
1 38
1 40
2 31
2 32
2 33
2 34
2 36
2 37
2 38
2 39
2 40
3 32
3 33
3 34
3 35
3 36
3 37
3 38
3 39
3 40
4 31
4 32
4 33
4 34
4 36
4 37
4 40
5 32
5 33
5 34
5 35
5 36
5 37
5 38
5 39
5 40
6 31
6 32
6 33
6 34
6 35
6 36
6 37
6 39
6 40
7 31
7 32
7 33
7 34
7 35
7 36
7 37
7 39
7 40
8 31
8 32
8 33
8 34
8 35
8 37
8 38
8 39
8 40
9 32
9 33
9 34
9 35
9 36
9 37
9 38
9 39
9 40
10 31
10 32
10 34
10 35
10 36
10 37
10 38
10 39
10 40
11 31
11 32
11 33
11 34
11 35
11 36
11 37
11 38
11 39
12 31
12 32
12 34
12 35
12 36
12 37
12 38
12 39
12 40
13 31
13 32
13 33
13 34
13 35
13 36
13 37
13 39
13 40
14 31
14 34
14 35
14 36
14 38
14 39
14 40
15 31
15 32
15 33
15 34
15 35
15 37
15 38
15 40
16 31
16 32
16 33
16 34
16 35
16 37
16 38
16 39
16 40
17 31
17 32
17 33
17 34
17 35
17 36
17 37
17 38
17 39
18 31
18 32
18 33
18 34
18 36
18 37
18 38
18 39
18 40
19 31
19 32
19 33
19 34
19 36
19 37
19 38
19 39
19 40
20 31
20 32
20 33
20 34
20 35
20 36
20 37
20 38
21 31
21 32
21 33
21 34
21 35
21 36
21 37
21 39
21 40
22 31
22 32
22 34
22 35
22 36
22 37
22 38
22 39
22 40
23 31
23 32
23 33
23 34
23 35
23 36
23 38
23 39
23 40
24 31
24 32
24 33
24 34
24 35
24 36
24 37
24 38
24 39
25 31
25 32
25 33
25 34
25 35
25 36
25 38
25 39
25 40
26 31
26 32
26 33
26 34
26 35
26 37
26 38
26 39
26 40
27 32
27 33
27 35
27 37
27 38
27 39
27 40
28 31
28 32
28 33
28 34
28 35
28 36
28 37
28 39
28 40
29 31
29 32
29 33
29 34
29 35
29 36
29 37
29 38
29 39
30 31
30 32
30 33
30 34
30 35
30 36
30 37
30 38
30 39
20
1 2 3 4 6 8 10 11 14 27 31 32 33 34 35 36 37 38 39 40
