50 15 15
686
1 51
1 53
1 54
1 55
1 56
1 57
1 59
1 60
1 61
1 62
1 63
1 64
1 65
2 51
2 52
2 53
2 55
2 56
2 57
2 58
2 59
2 60
2 61
2 62
2 63
2 64
2 65
3 51
3 52
3 53
3 54
3 55
3 56
3 58
3 59
3 60
3 61
3 62
3 63
3 64
3 65
4 51
4 52
4 53
4 54
4 55
4 56
4 57
4 58
4 59
4 61
4 62
4 63
4 64
4 65
5 51
5 52
5 54
5 55
5 56
5 57
5 58
5 59
5 60
5 61
5 62
5 63
5 64
5 65
6 51
6 52
6 53
6 54
6 55
6 56
6 57
6 58
6 59
6 61
6 62
6 63
6 64
6 65
7 51
7 52
7 53
7 54
7 55
7 56
7 57
7 58
7 60
7 61
7 62
7 64
7 65
8 51
8 52
8 53
8 54
8 55
8 56
8 57
8 58
8 59
8 60
8 61
8 62
8 63
8 65
9 51
9 52
9 53
9 54
9 55
9 57
9 58
9 59
9 60
9 61
9 62
9 63
9 64
9 65
10 51
10 52
10 53
10 54
10 55
10 56
10 57
10 58
10 59
10 60
10 62
10 63
10 64
10 65
11 51
11 52
11 53
11 55
11 56
11 57
11 58
11 59
11 60
11 61
11 62
11 63
11 64
11 65
12 51
12 52
12 53
12 54
12 55
12 56
12 57
12 58
12 59
12 60
12 61
12 63
12 64
12 65
13 51
13 52
13 53
13 54
13 55
13 56
13 57
13 59
13 61
13 63
13 64
13 65
14 51
14 52
14 53
14 54
14 55
14 56
14 57
14 58
14 59
14 61
14 62
14 63
14 64
14 65
15 51
15 52
15 53
15 54
15 55
15 56
15 58
15 59
15 60
15 61
15 62
15 63
15 64
15 65
16 51
16 52
16 53
16 54
16 55
16 56
16 57
16 58
16 59
16 60
16 61
16 63
16 64
16 65
17 51
17 52
17 53
17 54
17 55
17 56
17 57
17 58
17 59
17 60
17 62
17 63
17 64
17 65
18 52
18 53
18 54
18 55
18 56
18 57
18 58
18 59
18 60
18 61
18 62
18 63
18 64
18 65
19 51
19 52
19 53
19 54
19 55
19 56
19 57
19 58
19 59
19 60
19 61
19 62
19 63
19 65
20 51
20 52
20 53
20 54
20 55
20 56
20 57
20 58
20 59
20 60
20 61
20 62
20 64
20 65
21 51
21 52
21 53
21 55
21 56
21 57
21 58
21 59
21 60
21 61
21 62
21 63
21 64
21 65
22 51
22 52
22 53
22 54
22 55
22 56
22 57
22 58
22 59
22 60
22 61
22 63
22 64
22 65
23 51
23 52
23 53
23 54
23 55
23 56
23 57
23 58
23 59
23 60
23 61
23 63
23 64
23 65
24 51
24 52
24 53
24 54
24 55
24 56
24 57
24 58
24 59
24 60
24 61
24 62
24 63
24 64
25 51
25 52
25 53
25 54
25 56
25 57
25 58
25 59
25 60
25 61
25 62
25 63
25 64
25 65
26 51
26 52
26 53
26 54
26 55
26 56
26 57
26 58
26 59
26 61
26 62
26 63
26 64
26 65
27 51
27 52
27 53
27 55
27 56
27 57
27 58
27 59
27 60
27 61
27 62
27 63
27 64
27 65
28 51
28 52
28 53
28 55
28 56
28 57
28 58
28 59
28 60
28 61
28 62
28 63
28 64
28 65
29 51
29 52
29 54
29 55
29 56
29 58
29 59
29 60
29 61
29 62
29 64
30 51
30 52
30 53
30 54
30 55
30 56
30 57
30 58
30 59
30 60
30 62
30 63
30 64
30 65
31 51
31 52
31 53
31 54
31 55
31 57
31 58
31 59
31 60
31 61
31 62
31 63
31 64
31 65
32 51
32 52
32 53
32 54
32 55
32 56
32 57
32 58
32 59
32 60
32 61
32 62
32 63
32 65
33 51
33 52
33 53
33 54
33 55
33 56
33 58
33 59
33 60
33 61
33 62
33 63
33 64
33 65
34 51
34 52
34 53
34 55
34 56
34 57
34 58
34 59
34 60
34 61
34 62
34 63
34 64
34 65
35 51
35 52
35 53
35 54
35 55
35 56
35 57
35 58
35 59
35 60
35 61
35 62
35 64
35 65
36 51
36 52
36 53
36 54
36 55
36 56
36 57
36 58
36 59
36 61
36 62
36 63
36 64
36 65
37 51
37 52
37 53
37 54
37 55
37 57
37 58
37 59
37 60
37 61
37 62
37 63
37 64
37 65
38 52
38 53
38 54
38 56
38 57
38 59
38 60
38 61
38 62
38 63
38 65
39 51
39 52
39 53
39 54
39 55
39 56
39 57
39 58
39 59
39 60
39 61
39 62
39 63
39 65
40 51
40 52
40 53
40 54
40 55
40 56
40 58
40 59
40 60
40 61
40 62
40 63
40 64
40 65
41 51
41 52
41 53
41 54
41 55
41 56
41 57
41 58
41 59
41 60
41 61
41 62
41 63
41 65
42 51
42 53
42 54
42 55
42 57
42 58
42 59
42 60
42 62
42 64
42 65
43 51
43 52
43 53
43 54
43 55
43 56
43 57
43 58
43 59
43 61
43 62
43 63
43 64
43 65
44 51
44 52
44 53
44 55
44 56
44 57
44 59
44 60
44 61
44 62
44 63
44 64
44 65
45 51
45 52
45 53
45 54
45 55
45 57
45 58
45 59
45 60
45 61
45 62
45 63
45 64
45 65
46 51
46 52
46 53
46 54
46 55
46 57
46 58
46 59
46 60
46 61
46 62
46 63
46 64
46 65
47 51
47 52
47 53
47 54
47 55
47 57
47 58
47 59
47 60
47 61
47 62
47 63
47 64
47 65
48 51
48 52
48 53
48 54
48 55
48 56
48 58
48 59
48 60
48 61
48 62
48 63
48 64
48 65
49 51
49 52
49 53
49 54
49 55
49 56
49 57
49 58
49 59
49 60
49 61
49 62
49 63
49 65
50 51
50 52
50 53
50 54
50 55
50 56
50 57
50 58
50 59
50 60
50 61
50 62
50 63
50 65
30
1 2 3 4 5 7 8 9 10 12 13 18 20 24 25 51 52 53 54 55 56 57 58 59 60 61 62 63 64 65
