75 12 2
332
69 79
31 79
29 83
70 78
54 76
17 87
38 85
66 79
58 83
15 80
19 76
53 87
65 81
62 81
44 85
62 84
46 77
57 76
31 84
50 81
72 84
27 83
66 84
51 84
12 80
65 85
15 77
72 76
45 77
40 83
35 82
50 80
55 78
9 87
69 81
72 85
10 76
18 78
66 82
23 87
62 78
30 86
60 78
32 76
52 77
2 80
35 80
49 85
48 79
26 80
17 76
22 76
62 85
62 76
61 87
66 83
19 80
5 81
62 77
19 79
72 77
38 77
54 81
74 86
30 81
4 82
52 80
65 82
73 81
17 81
5 80
13 77
39 85
20 86
54 80
67 84
20 83
50 79
12 84
44 86
39 87
24 86
71 83
43 76
43 81
56 81
14 76
73 78
65 87
46 76
32 87
74 87
26 77
16 78
47 87
61 86
46 81
3 85
29 85
40 79
69 78
67 76
50 78
8 86
70 81
12 76
31 80
6 77
34 80
29 78
36 84
73 76
25 76
35 87
40 84
27 78
45 78
5 87
21 84
27 82
45 80
58 81
5 82
37 77
45 83
17 78
8 82
26 79
50 84
66 81
14 83
60 77
2 78
52 84
9 76
53 84
29 84
2 86
51 83
26 76
67 79
31 77
1 81
62 83
71 78
55 86
74 81
60 84
3 76
69 80
6 80
24 77
46 84
59 79
4 81
38 82
55 81
18 84
23 77
57 86
57 80
72 80
54 86
34 82
23 86
70 79
70 85
50 86
18 80
28 87
54 77
6 78
61 81
37 82
68 83
35 79
36 82
39 78
12 79
46 83
43 85
63 83
54 84
54 87
41 84
9 77
11 79
60 87
38 79
60 80
63 77
45 86
56 83
23 76
54 83
31 76
64 79
56 85
54 85
22 87
22 86
32 81
53 86
29 76
40 82
3 84
8 76
39 81
58 78
74 80
18 86
50 77
59 83
5 86
21 82
29 86
25 78
65 77
42 82
74 79
50 82
43 82
2 79
9 80
14 78
6 84
67 86
29 82
73 80
61 83
34 81
42 83
40 76
26 87
51 86
49 77
61 78
29 81
3 82
2 83
49 87
67 81
44 79
43 86
25 84
9 83
38 76
72 79
52 79
11 86
28 83
27 86
60 79
37 78
28 86
50 76
31 78
18 79
65 84
56 82
18 82
38 80
33 84
42 81
12 82
69 76
9 86
43 78
23 79
52 78
47 77
6 79
51 78
13 87
27 87
53 78
25 82
73 85
33 85
52 85
47 79
12 86
8 84
53 76
40 80
66 86
67 78
16 84
52 81
7 80
73 79
51 77
49 79
15 78
26 85
14 82
65 86
28 78
44 76
41 81
22 78
70 87
22 77
68 79
75 79
35 83
2 87
39 83
50 85
42 77
37 81
60 82
30 84
51 79
66 80
75 81
36 79
20 80
24 76
39 76
5 79
16 77
38 84
21 86
19 87
72 78
11 84
35 81
48 78
22 84
7 84
48 81
3
6 54 84
