13
147 94 118 18 114 3 53 153 91 56 75 153 59 
60 83 13 144 129 31 156 84 22 151 69 36 137 
100 19 106 157 92 56 76 39 32 117 169 107 117 
92 17 127 26 40 149 121 75 166 27 7 32 2 
65 67 62 14 77 86 78 115 139 96 43 63 99 
148 103 44 118 95 149 61 62 106 132 78 35 118 
142 128 153 32 132 46 50 119 78 163 32 3 38 
152 55 146 129 164 47 67 142 4 42 9 86 72 
1 26 120 53 67 93 45 26 50 13 120 56 134 
111 96 152 4 44 150 116 6 27 27 70 71 25 
1 90 129 97 40 146 11 82 13 63 113 35 136 
89 71 7 168 28 8 10 18 136 162 20 37 130 
166 85 6 101 136 156 87 112 169 130 121 152 169 
