19
265 283 7 133 116 27 283 94 309 332 18 323 334 177 249 137 153 270 252 
124 228 185 350 37 358 9 223 129 185 234 293 230 344 180 176 360 87 72 
158 249 275 12 222 289 168 61 230 27 348 285 315 156 3 81 209 319 22 
172 337 315 311 261 355 77 56 239 298 69 7 295 203 170 159 54 289 316 
35 216 289 79 172 146 182 255 282 114 13 219 106 22 169 80 31 237 309 
124 111 171 331 262 149 31 292 91 14 126 320 311 159 91 153 134 235 156 
230 274 294 165 195 223 112 87 148 262 237 65 347 13 117 323 169 186 317 
243 150 211 53 353 170 56 114 222 295 175 49 168 53 120 240 297 310 57 
64 270 100 125 90 15 326 249 30 240 6 224 210 279 70 324 293 232 177 
283 270 70 137 327 191 316 263 108 215 40 125 128 153 208 330 246 267 360 
130 35 145 101 334 86 141 30 191 186 194 81 71 150 351 182 209 134 136 
285 331 246 208 191 336 83 9 354 179 351 75 299 35 157 23 361 139 255 
313 297 143 237 100 313 66 133 149 30 350 2 68 38 23 230 99 291 43 
251 147 177 189 37 339 118 344 99 287 309 152 182 104 263 121 154 156 352 
131 212 257 175 64 118 151 175 129 169 24 66 361 199 166 323 297 214 151 
108 304 210 102 233 318 92 226 17 172 297 314 80 354 242 253 97 328 86 
173 128 292 220 9 151 83 178 185 91 200 219 122 207 276 254 59 334 160 
258 202 197 187 265 323 199 218 306 154 8 342 14 265 328 94 233 338 283 
21 35 130 319 74 342 212 356 286 140 10 9 220 285 170 183 267 338 101 
