23
86 73 525 70 180 82 222 264 55 202 157 146 37 158 446 129 199 310 31 140 209 41 405 
220 17 378 273 235 384 3 51 128 280 428 330 140 443 253 242 23 354 353 226 124 307 186 
49 453 309 444 14 354 354 448 191 439 426 487 43 140 273 395 412 239 206 90 472 251 75 
492 329 313 48 237 20 370 72 103 53 186 331 232 304 161 368 218 48 378 513 115 426 226 
372 520 228 19 392 58 315 325 475 323 409 170 331 461 144 139 39 200 6 173 469 94 39 
462 199 83 137 251 483 223 81 65 335 162 208 303 452 443 90 394 404 367 87 189 157 489 
220 116 128 20 457 444 8 98 278 150 333 290 298 246 417 95 386 131 87 468 475 50 138 
474 366 65 222 229 229 415 470 219 472 301 6 466 308 210 492 484 306 344 206 66 47 526 
273 512 147 213 356 249 35 45 402 79 465 112 292 84 325 339 504 519 141 7 138 105 521 
508 429 80 276 152 320 270 165 173 413 45 363 472 25 207 482 255 220 423 48 360 461 150 
69 481 430 46 130 505 207 452 412 500 56 1 150 376 126 212 55 358 18 350 518 381 367 
292 177 358 295 195 173 210 52 154 420 284 289 16 357 266 168 157 299 115 279 480 228 341 
145 304 382 112 261 348 171 316 283 231 71 272 414 375 118 230 513 397 428 220 4 493 287 
248 246 288 438 53 28 336 94 5 373 469 431 28 75 454 14 495 4 56 523 154 504 2 
33 35 129 161 408 209 428 393 516 193 414 107 503 193 491 147 197 495 287 143 224 146 383 
466 284 450 35 106 253 401 101 402 405 410 363 358 352 146 176 128 129 217 386 236 108 127 
349 139 267 398 432 389 517 481 400 87 235 86 94 498 35 62 472 431 472 127 43 351 458 
429 383 19 399 277 150 19 395 214 14 179 375 526 300 196 158 493 273 519 253 207 174 63 
58 14 379 178 342 184 124 77 74 376 474 295 30 174 495 161 335 525 36 309 399 209 452 
182 316 147 26 228 267 403 8 60 452 315 309 431 460 98 506 42 342 335 278 38 446 82 
367 89 425 312 48 216 30 475 398 478 253 442 88 233 286 108 136 462 232 204 362 39 24 
24 44 264 492 101 29 355 500 14 43 61 48 124 352 289 354 341 185 195 493 235 235 405 
387 184 307 493 472 220 251 140 158 222 243 274 493 505 368 145 175 360 72 115 116 223 335 
