51
161 739 2550 1959 374 895 2330 574 2567 966 1369 94 1030 338 394 1754 2238 1018 26 2471 846 2548 1145 1089 1626 299 1434 1078 315 2085 247 241 905 619 1185 215 1842 1270 2446 1580 1351 2326 2028 483 2481 2510 1348 702 1746 1902 1859 
1129 499 2063 321 2516 790 1431 2025 2563 142 896 1702 1085 322 1316 2138 1237 1612 1378 716 1238 1563 2267 2204 277 2263 250 2315 1334 2160 944 1660 2093 1207 1256 1117 2201 1851 77 530 1133 2134 632 2476 623 1139 1832 92 217 1338 62 
1440 1207 780 46 450 1021 2568 297 248 2395 2081 2531 227 2531 1474 1428 1919 849 212 227 969 2253 2083 2034 759 1197 1734 232 661 193 278 2384 991 2541 1331 485 2350 397 1892 1301 1082 721 963 2311 1488 2247 8 2298 990 1158 1229 
1034 1388 2324 2488 363 1126 638 1338 1453 2184 1643 492 1417 824 477 2498 971 2311 32 233 1630 1525 1639 1716 200 2096 1089 923 1999 1673 13 2011 2019 1659 1694 2148 993 1525 68 35 1690 929 2483 1644 1654 2270 51 516 1857 1773 290 
1694 1965 2067 765 300 382 1834 1547 733 2280 1989 1493 1820 465 885 2048 1366 1214 1082 1300 1366 1409 1494 672 998 801 1337 485 1575 1259 1402 277 1478 105 1774 2209 1330 903 1013 948 1355 705 2437 1265 2071 1826 2597 1211 1949 633 105 
1636 1919 139 1203 2009 1225 181 1715 392 1016 263 1092 440 1493 1365 890 367 2474 1474 471 1862 2312 1056 791 2189 1132 1517 1752 951 2006 1173 76 1670 1739 1678 509 1933 2598 2133 1768 375 1534 318 2566 2567 2551 373 838 730 2251 876 
1577 1698 725 328 2510 1311 2125 521 337 1776 1148 1869 1059 87 1723 1085 393 1124 390 2210 2341 429 177 639 1573 1983 1764 1877 1620 1678 35 2151 1024 506 1725 1733 2524 274 2525 185 2168 333 493 1474 1692 1464 1022 286 2365 304 484 
2181 1554 2541 1346 807 893 558 351 2534 1815 2280 1256 2210 1236 979 239 1698 844 109 1958 2225 2486 2411 58 1058 1793 663 2239 276 661 233 1160 2231 10 284 1196 768 2533 1502 1032 1322 1179 2297 1790 2227 2564 647 1804 265 2562 1235 
2207 917 962 2140 1367 1406 2360 1042 1031 1113 447 1715 903 961 786 2227 633 834 2528 1564 229 2134 647 2182 973 2444 687 2284 1754 1093 2242 864 2005 1307 1696 188 2243 415 365 1449 1707 1918 2218 390 1002 588 1639 726 119 1683 1339 
1434 1071 777 2335 475 1590 2167 2215 900 830 1057 2131 800 2239 1006 214 1169 2014 903 1764 1420 1631 883 1792 2344 347 1743 202 528 2268 1757 1260 543 386 574 1732 1612 2081 2368 1281 1952 2575 646 1753 2236 748 589 1673 631 1512 200 
684 1184 1618 461 722 698 634 873 1789 572 1444 2467 1208 2264 1708 1965 709 314 1738 484 350 532 334 1366 509 553 128 999 55 668 471 554 235 1660 737 2174 1084 1619 1160 643 1191 1788 1970 385 1932 906 2271 2503 2314 2397 706 
821 2415 2176 657 537 279 927 2524 943 1572 2112 129 1326 2106 1856 1512 1408 286 911 1425 2131 876 1895 2517 253 807 2525 814 2059 372 1364 2587 1546 593 2059 2498 1696 222 124 1835 2093 1262 1935 626 1595 1359 1474 2117 414 1461 2220 
1134 2231 591 602 1312 1976 2238 1513 181 219 287 1811 1429 2494 1535 596 2409 1595 1974 2099 1915 1288 1195 1052 1006 152 2039 903 1580 510 470 1432 194 1452 2563 2211 1334 626 2054 1404 2118 1485 843 1224 2540 2566 2017 846 2351 602 1847 
2397 969 933 66 1717 1816 710 1566 1226 2383 2080 1506 2275 1315 1322 1093 13 2516 2039 516 1873 2071 2272 1999 380 1675 2326 1943 705 1885 100 1235 1155 1956 1196 999 2325 2506 1493 1141 1614 60 1971 1486 715 2210 1781 763 2291 1742 2018 
2314 1334 2192 1315 2293 746 648 1407 1745 711 775 2491 1409 501 2188 14 1146 10 1429 439 540 1930 1402 1298 457 562 794 1185 833 1117 652 1932 962 2146 936 2261 1442 1881 2124 1106 2384 1443 1591 785 916 1954 1131 888 2088 1052 1040 
406 719 125 1046 240 1594 464 389 1509 441 954 438 913 2205 202 861 674 340 1432 1818 1787 149 919 1903 2015 785 1221 402 2484 2032 64 100 1367 1212 46 2290 645 799 1712 1917 538 1203 456 1845 1062 615 542 828 2234 1062 338 
1502 275 2259 2401 2084 1227 1919 1202 1174 1234 1015 807 1472 407 131 1027 1477 823 2304 433 1303 2280 2012 269 2570 2245 394 1742 1201 1936 1658 229 1200 267 855 1387 112 2283 2502 1586 1571 1737 903 576 1720 2130 1966 491 1010 751 467 
601 2476 1350 1639 427 2464 2091 2370 1121 1247 2291 1355 827 1789 1922 1614 1220 1969 2259 593 1455 1870 1156 186 611 1513 454 1985 1756 1543 2071 576 1026 1768 1185 1337 356 931 1196 1398 2540 1737 325 563 2542 2398 1865 334 80 837 1848 
1935 1880 1902 2220 1788 892 422 2015 1834 1026 1981 290 648 559 915 1036 2232 1473 2131 523 1966 794 2343 581 866 1274 410 986 1148 1392 503 158 1742 722 1052 223 55 138 2125 161 1738 400 2084 383 1824 695 1854 1169 131 1985 1972 
1400 2585 2428 1642 2116 2428 1417 1864 1843 911 816 2357 2516 310 433 856 1228 1567 1011 1398 959 499 64 2466 1191 576 365 1527 266 1119 2089 1118 319 996 2321 2315 1102 1389 253 646 857 2210 1858 191 2258 414 258 2405 1259 1728 2311 
2322 2389 697 898 1992 616 1706 1145 2279 624 759 1374 2387 1941 1970 1894 742 1231 271 957 1902 1317 357 259 1003 1541 2106 1429 1142 1908 370 1579 81 2148 893 1870 380 830 139 2048 1456 357 2291 1418 347 888 1703 1310 11 704 170 
2193 1224 375 1597 2209 1591 936 114 1971 2464 2533 1757 299 1764 248 822 38 805 469 1733 2130 1811 1193 1034 592 2123 2552 821 2072 2112 44 764 713 263 2052 2298 928 1557 2030 2048 1898 918 255 1576 1295 361 1618 1399 954 2092 2435 
2472 485 1096 676 2585 1856 1390 2287 1778 1823 135 2087 304 1766 1522 1631 1958 85 707 2225 2392 616 1010 364 2547 928 765 501 2119 458 1316 895 1467 1452 2470 2568 2020 2360 1777 1016 1055 2147 1677 1582 826 885 553 1262 604 787 1650 
2538 711 2123 1595 715 1415 2105 1574 1257 1050 281 1613 2083 959 1607 1490 1243 2091 1245 1267 24 2163 768 234 798 337 2099 1567 2162 1391 1581 1996 2404 1648 2003 1081 2127 1953 1269 287 159 44 245 1765 896 1117 167 1723 2492 229 2246 
2596 966 39 1953 1210 1717 627 2324 1823 2011 201 1053 2162 2270 1924 434 30 585 1965 1407 1108 1000 2129 864 1410 1700 38 1591 1732 123 1547 682 251 659 1851 906 1109 836 2063 1767 2037 158 1245 434 164 1002 735 2186 1159 240 1080 
1645 1943 2085 1107 739 1041 124 1546 2578 288 1958 629 1669 1276 1487 990 1976 537 2172 988 1329 1176 215 1461 992 2025 1081 2361 1015 1535 409 757 2450 2201 1435 2367 1766 2000 1264 2194 2466 1565 1235 2343 1910 1864 1000 482 448 1608 1653 
126 2597 1661 2261 917 1438 967 801 554 472 378 775 1682 427 193 1988 2066 1327 1285 1482 1663 637 2137 8 1030 99 364 2312 2576 751 134 122 779 51 1565 237 207 520 819 2076 1949 897 1666 1385 1170 1328 938 1197 146 98 1947 
1403 161 1711 1383 1348 1316 2124 2477 1104 949 852 1233 744 223 1864 2416 157 456 2233 411 31 56 2021 1124 52 963 1840 552 1431 326 2047 88 721 1028 2550 1485 1537 2499 256 457 1223 1511 62 1124 1193 2119 1293 1393 1894 713 204 
1376 1211 1265 362 1834 157 2034 2592 1859 2174 2302 1427 466 793 328 54 2230 477 1157 1767 1712 1681 1596 1630 132 1461 900 92 1731 1789 560 1109 352 173 1443 2236 1230 243 1979 353 1381 24 1748 987 890 2044 2455 1569 1003 1686 1547 
309 201 1855 365 2346 83 1256 2580 703 2314 449 102 1260 1978 291 1535 341 1498 1822 226 1037 2349 1701 715 1564 23 1362 1929 1476 597 1893 3 1934 2440 1488 1412 340 1707 1 1349 1059 282 145 2578 2211 696 756 2366 2375 1780 1569 
632 1492 1692 631 2437 2086 2582 2503 1601 1999 1408 1447 539 1678 1494 690 2354 285 2035 2036 379 2384 1429 2217 1348 353 1554 1772 2036 2418 767 1726 1079 2512 446 365 919 2172 1134 486 2250 202 1431 1712 1845 1770 383 2535 39 393 2205 
1014 1418 1390 1999 1866 706 2526 2000 1961 1125 1745 1908 2300 1279 1027 1148 1563 1750 2131 2103 2400 2580 993 1468 2465 2490 1230 1681 62 944 217 2255 707 2190 683 1692 1162 272 1 2286 958 92 1022 401 1063 171 513 38 2003 1295 363 
2364 1394 1825 1515 2524 1901 920 1068 2314 2279 372 650 1128 2000 1600 959 1059 1240 195 2298 267 2017 1874 303 1399 1356 1124 582 60 1780 2298 1160 2245 86 2350 1555 603 1831 661 1686 1360 355 654 1325 1868 294 2331 1003 1506 2300 1150 
769 1805 1605 1483 1636 1808 1682 1532 2190 462 702 877 1703 328 161 1843 940 2319 2480 2518 274 52 1429 750 618 1225 1107 441 293 89 1007 1742 2416 2558 2406 1613 1257 686 910 620 2429 1993 894 2135 2463 1248 2366 1122 2138 1482 2489 
1970 1215 1777 2 1450 845 48 1870 971 1595 2524 894 1103 1274 992 318 2233 2593 1847 877 2040 2338 1706 1597 1948 2003 91 1316 1537 2458 2511 1514 2177 481 1671 1343 167 460 695 2334 2337 567 2370 1958 1495 1823 975 57 592 661 855 
1182 872 1690 756 1768 2571 2176 601 1090 2360 1847 2223 229 977 1237 2228 686 1348 1861 1822 1960 1532 1358 1848 660 505 782 1378 2153 1619 272 628 1794 1826 1604 1805 76 2239 326 2171 2235 793 296 241 323 1286 835 292 1430 864 984 
989 2529 1931 1007 1427 330 1453 110 1275 351 2316 425 1039 443 1036 1938 1214 111 362 2288 2447 1760 2371 434 1593 1898 698 1220 61 2141 1616 308 2463 336 284 2445 2432 762 380 1808 2545 2414 2167 2109 1511 429 1669 1288 2049 2575 133 
1586 2531 944 149 2334 1106 874 1885 1128 86 1749 533 1051 1608 1793 2321 1489 1838 816 1663 117 2066 1518 532 504 1022 214 915 2195 1078 86 718 236 1775 129 717 905 1612 1986 2197 1285 1072 2150 1572 572 495 24 1947 2453 77 1015 
2401 2320 2122 2257 1853 582 703 1228 397 736 1774 580 2464 945 386 1323 789 1500 947 585 1461 1806 676 406 116 171 98 873 2049 2538 1032 953 224 137 2601 2439 45 1505 1238 65 964 2133 1310 1305 1694 1910 2025 399 209 1712 2349 
836 1986 2200 1308 1746 1180 2488 294 2098 1490 2236 1639 1884 1090 933 992 887 1905 1825 264 1487 92 2546 967 1828 1112 2018 803 97 1949 1774 1458 123 754 1363 2333 1362 1205 1103 2463 1170 311 128 2288 1532 1085 1711 188 42 1105 2085 
172 218 2288 2076 924 1429 1999 846 2088 2222 1708 1960 1921 2043 2430 184 65 13 1060 1339 1686 480 2335 692 1619 1883 2022 2114 685 760 1597 2219 304 1752 883 2165 265 1706 1613 1266 1698 2445 914 2584 2384 807 1153 1543 778 1424 842 
2058 2350 2133 2155 1288 1731 1392 1043 1828 582 2311 2013 1551 2159 1544 1440 395 2180 1370 990 1635 1505 700 1524 1400 1698 2046 1343 2509 2492 1885 2478 862 2544 146 749 2573 370 176 1018 578 783 2381 858 1395 1583 618 948 890 957 1449 
2348 1003 1634 1192 821 1407 1517 2004 2097 2141 183 651 1920 1895 1860 1259 272 691 1341 22 146 731 2391 2273 1720 2459 1781 363 826 1314 191 88 1276 1712 465 1986 1818 438 1098 540 2390 1491 1382 2545 2151 241 1393 1520 1456 279 1496 
1780 2354 2093 1516 1704 262 2237 307 2533 1718 669 2380 345 2348 1592 2429 216 255 1574 2501 1132 1074 1000 170 2351 179 124 1141 1899 1010 1464 1145 163 1695 1912 2270 1409 2429 216 2073 1446 899 1904 1121 2397 913 1766 2410 2481 201 128 
189 469 2083 500 584 424 44 1912 7 475 2024 2462 1449 1957 551 74 1165 535 1037 475 1138 2190 71 1501 1920 931 1298 1446 1346 1445 1053 1862 1829 1458 1424 1816 1012 82 2413 2107 996 250 963 2182 1822 5 1835 1710 123 1850 1789 
1281 1519 2415 165 2488 1381 755 1209 535 1029 1838 134 2174 2291 223 185 958 1995 2410 1978 1158 814 1336 673 220 2532 1822 1184 1588 1263 1331 2460 292 1584 137 1339 1431 214 1191 2130 2229 1502 2255 498 1702 1846 1702 1935 1131 1028 1054 
462 851 272 963 2576 2070 2100 986 2566 2318 1709 1176 703 2359 1855 1539 378 1438 633 1277 1522 9 1063 358 527 1127 971 1447 2314 2332 360 432 1417 1716 1686 1276 1473 907 2498 541 74 1350 1389 1996 1854 1320 2405 169 1099 1757 1152 
2365 625 1052 1462 674 1729 1170 344 1229 2045 1342 1792 123 2421 418 1071 1537 1144 1003 1355 2598 1334 1376 432 217 723 806 262 340 1343 376 1790 322 1859 223 102 1595 941 2593 848 1232 1730 2141 1477 75 279 169 1148 720 1346 2121 
2350 528 1497 2527 1774 1084 2399 1239 2409 1533 781 1827 1469 1136 1018 880 441 578 729 997 968 57 1845 292 324 600 1428 317 941 119 413 2110 2217 2377 1441 2376 750 454 1449 2431 2378 990 913 1578 613 103 278 1869 1589 1949 1587 
2425 1992 2523 147 1155 1393 2375 1130 1554 976 741 459 2113 1140 2249 2574 1135 700 401 119 982 1055 1523 2466 1639 1152 42 390 125 906 1296 1936 2561 210 1457 2072 1677 2097 1242 1678 709 683 710 2178 1362 161 1115 1632 1658 2568 1417 
532 688 1483 1108 193 161 1316 882 687 1081 1811 1074 726 2327 2519 1110 2532 794 2003 1211 1989 1154 994 464 2236 2383 1173 1616 1079 1640 2298 2404 2092 2132 1054 687 1081 1839 840 2271 1676 452 771 203 34 89 414 1544 1516 2038 231 
