99
5489 794 9053 6578 594 4076 2214 6479 948 4922 5332 4675 2579 5560 324 7213 5901 3535 8676 3618 3650 9206 9228 1165 7049 9299 7733 4517 4661 5634 1984 2465 5724 5731 396 6319 8527 1291 9357 752 1485 2391 5121 3574 9030 1667 6476 2122 823 23 4240 6855 4734 2465 5921 4528 1987 2862 5508 7443 8612 8350 4414 5649 4913 9502 6248 3880 4382 837 8526 4020 7074 1931 7113 2171 6368 2369 2194 3220 4840 1329 6865 9267 7259 1331 3053 9331 345 4421 7554 189 9790 2647 1780 2051 4077 6195 726 
5839 5127 7925 47 6877 3769 1189 3231 7851 5780 3575 92 3743 7410 2537 5447 3115 5605 5884 4701 5327 3567 369 8319 2770 4145 6254 7996 1215 5619 6591 2207 4841 7058 2804 6447 3136 3503 9607 5150 9159 2680 732 686 5045 9175 5621 3738 5929 2883 1043 7743 5086 9574 8494 2403 6566 1256 7039 5279 1203 3517 8761 4716 8996 5398 9366 3857 9424 4889 9214 5096 5211 6112 8429 2195 6795 2351 9648 741 1698 1128 5571 1859 4794 2966 9370 4163 3724 4732 2211 2950 8192 2928 7865 7334 2676 4097 6941 
409 6383 3014 3630 5251 5684 9346 1594 540 6976 136 973 513 9484 1308 3469 8738 3850 4022 5163 8504 6756 2406 8120 8032 7072 588 5954 4393 5327 6037 8704 6842 7272 9047 8270 7949 1424 9481 3700 8947 1888 7306 2244 2363 5006 3315 2781 3665 4872 98 30 686 9339 5541 1455 5651 651 4410 2172 5080 2851 3223 2866 7094 8965 1231 1334 5876 3643 7445 8355 8942 5748 610 3799 853 8857 5971 6189 3733 3890 4429 121 5325 5917 9629 7449 8037 9655 4086 2551 4035 6423 6192 1681 7308 1751 3293 
2217 1674 4714 7992 8711 9158 1685 7182 2865 5402 8091 7026 1216 9037 153 7128 3772 7986 1498 4187 1872 5523 4119 485 415 949 3479 4808 2244 6431 8538 6033 2901 7935 7581 105 7260 6129 547 6528 3561 1076 5227 3156 9230 2673 5924 4585 1513 4190 1857 2165 9037 5744 1401 5657 5778 570 6724 7462 6090 6011 6444 6530 7161 8006 6149 5999 6035 3892 1696 8936 7098 7399 8453 9571 7032 9543 7282 9269 5465 9209 3735 738 3795 4241 7369 3624 6144 2895 5126 1874 9393 401 5207 8144 1161 4986 4893 
2709 6608 4189 2811 6471 1973 9746 2220 1200 5270 8149 3319 726 334 9070 4637 910 9543 4054 6610 9194 5709 3177 3119 4095 2969 6158 7980 908 2458 2128 9052 506 293 6462 9685 2375 3180 8345 6047 910 9231 9001 6149 3984 2226 9551 2833 7513 211 5930 1624 9147 5759 1720 1005 9498 1676 3238 1528 740 1197 2838 5027 3685 7346 7859 6827 1272 3199 8478 5914 1089 9041 5606 1694 1344 9629 6786 7163 9605 8077 8317 3030 1443 4671 3883 4749 2588 5212 3604 5237 430 9116 875 9392 768 8360 3229 
6461 9160 1401 879 3273 2856 9068 3880 8498 988 3426 6860 7626 75 6154 7365 160 5022 7712 476 6382 6000 7913 2220 2505 8851 740 9752 278 3711 3070 4726 9329 4015 4050 937 5236 6258 8319 2537 9117 7577 5690 6211 4793 5040 6200 6731 261 999 7439 6966 3601 2092 8559 6456 9349 1947 1590 3931 5590 8691 555 2605 4686 4395 4699 9494 4984 469 444 2899 8922 2646 1284 1430 9797 5444 9710 7771 8900 1270 3300 4668 9571 1554 567 6680 5795 1149 9774 7035 4992 5918 9431 4428 9506 832 3791 
3041 1363 2993 3133 8887 6703 3412 6462 8866 5137 5659 7921 9547 552 9309 1637 9354 3917 4203 1400 5669 4493 4760 5790 3631 8318 9028 8454 5654 9674 4839 8661 2327 8683 860 9116 7427 4463 3970 269 5812 3479 4085 1411 8822 6817 563 5878 2647 1336 8785 3557 8799 1702 7564 1528 7847 6565 6085 5323 9252 8993 9706 4134 3753 7722 9430 5763 7647 7423 4690 2940 8922 8453 2953 100 64 8603 864 6743 624 2586 3170 3978 4449 6701 819 1069 4558 1296 8583 7277 6088 9583 300 1525 8771 4521 3789 
4486 1681 4415 2424 7302 5599 4855 8318 3646 4843 4736 8020 1844 4817 4294 3563 4047 3205 2581 1669 685 8197 4641 2441 1495 4334 2076 2068 9242 4289 989 6953 1536 3863 7092 299 8169 3001 7649 663 1447 3233 2160 1613 5482 2206 8749 5491 9585 8454 5053 4128 8438 3947 95 6810 4097 67 4825 2635 3380 1865 4701 1666 7408 1730 920 7723 2350 8440 3160 3506 2046 2409 6132 1810 9449 4430 4307 3413 1454 6584 3639 8493 4978 6545 1319 5467 1344 6664 5094 802 6129 8315 9294 8801 7634 5027 3980 
1178 8242 9777 7884 4984 3723 7253 624 750 2628 8577 4592 514 4159 6188 879 1736 2350 1481 3137 5616 8438 5806 8065 6552 7364 6101 4274 8954 1986 6495 8171 2629 7034 4829 9677 6869 4300 745 7127 1754 393 6990 9292 8710 7445 8663 2529 6512 4787 3799 1143 8491 918 6278 7432 1841 3856 2345 4412 1255 4481 1482 8605 1116 1503 1368 6965 4956 1137 2774 6244 9521 5409 6864 4158 9439 5494 8208 7760 2746 8714 9096 1492 9354 2870 4766 5010 9209 9065 9219 743 3362 4173 7541 3610 1758 6222 7316 
8738 8673 939 1526 6296 723 7629 848 210 2673 6735 1624 9158 6051 2745 3320 1309 7293 8516 5462 926 3567 4139 4746 9570 2456 4359 5624 4532 6152 8349 1348 5152 1870 149 2496 4119 2418 3899 6246 4335 6912 4431 7919 2525 8910 6886 1974 8282 5227 1817 459 3425 411 6520 1407 3860 4251 2974 8689 6331 2573 6835 1494 6728 1633 4552 8878 4664 3836 7756 6210 9481 379 6090 9500 6480 287 3933 1115 1464 102 5481 8956 9264 6813 1339 6934 1446 3587 2395 2895 7182 5174 2621 6338 5152 9271 9670 
1968 1397 5389 424 8550 4463 9232 4060 1178 3656 4826 8074 6751 9676 2492 2552 8649 3719 1820 218 4709 6227 4032 9442 6406 8476 4988 8441 4814 2678 520 770 9772 5703 8864 9223 6527 3364 9551 4928 9770 9302 4447 6084 5445 3702 7199 5015 4344 9582 5061 2070 2772 8168 8084 5970 788 5020 9123 9616 5610 2325 3948 1858 8992 7680 7628 9560 8255 6332 5747 122 5892 2682 6948 6333 3510 4096 3052 4796 8347 8756 8141 2897 4413 2896 7366 7680 9412 4638 1565 3259 7769 7875 2949 7081 3435 5539 6225 
3333 7302 9379 1160 5113 1965 5477 6807 9379 7418 2771 2312 3162 1266 1064 4043 5595 8178 1510 2232 5310 9248 8566 1984 8076 685 4278 4345 324 4415 5613 779 9132 2288 4381 7857 610 3215 3383 4777 7971 4187 2212 1463 921 614 4245 6731 346 7861 1170 1763 3842 9274 1659 6921 5560 3307 6650 8987 4218 1343 2745 8392 3435 6688 8486 7431 1163 7668 4912 7893 6650 592 5666 821 8223 2008 4951 2143 3826 2314 4703 4169 2895 1467 1386 9400 8597 5336 1470 1952 1729 937 9697 8341 8815 9628 5301 
7 6164 6155 2190 64 2144 3563 7347 4528 5352 8566 7750 6999 401 5242 1000 6585 6533 11 8834 8719 2662 6425 5387 1549 4767 7619 8145 882 5731 5288 3702 4236 9644 1908 361 881 2978 579 2232 955 1541 1508 5726 193 928 6000 4222 5078 3654 2090 8700 656 4622 6383 6410 513 5181 3911 7481 7255 1135 2701 8431 8298 275 765 7784 6812 60 8676 5669 1902 5560 8762 80 1201 3552 8798 4790 4442 7205 7493 8503 6871 3935 5170 3118 5206 4162 9239 5613 1069 8871 6155 491 9100 570 1367 
6632 999 5896 5838 4367 3395 6118 6953 127 1476 3513 3298 8595 8397 5166 8811 9174 6295 1847 2899 4655 6219 2441 1533 8565 6318 669 5388 5759 2477 8085 4955 1894 2269 5577 9407 5401 5290 1267 9615 3698 3647 2937 3817 7590 9794 9563 1237 5060 3742 1597 9638 1329 7772 289 5427 1073 9170 4155 4992 6770 2794 5211 5576 1776 6323 5786 7476 6815 1469 8199 8381 6941 1924 1043 324 9198 410 7459 2170 3525 502 8416 6205 3815 8113 7319 4055 5396 6974 4842 4814 1526 3743 8185 9680 7901 5340 5398 
7892 7414 9246 4446 2388 4316 1693 3943 7442 6903 352 159 2212 5348 4146 120 2974 3952 9316 3283 7658 2900 8256 4934 9753 3499 7744 8281 6716 5502 7578 5279 8853 6772 757 6282 8078 8203 9721 5034 5645 9659 9055 3210 4365 4723 8920 5522 672 4147 7485 6675 4577 2673 3320 3728 358 2423 6344 1215 8343 2634 7974 8283 8714 5227 973 119 393 9695 4748 4608 61 2681 5278 7199 4436 8860 5547 6421 178 7571 2552 6129 457 2317 3447 7409 1438 3497 9621 6745 9219 763 7741 9457 5979 3884 9289 
1313 981 8001 6097 46 874 6254 5915 7151 836 8585 833 6210 2524 8360 8078 9419 8448 7548 1699 9454 3649 7788 6977 67 6603 4575 4572 5838 9108 4613 9329 5159 9593 645 5068 5421 3718 7126 7182 2535 4379 7738 7860 470 8896 1418 2250 4260 198 2798 2314 429 2702 2426 6348 21 363 2366 2438 6252 7112 248 8144 6492 4079 3070 4137 2494 9280 7512 4227 7059 8880 3578 6784 6375 1030 2012 6285 7310 3866 217 1108 7195 9164 9611 4792 484 2766 5253 1787 1918 8758 3992 6815 9489 8999 9430 
7161 9320 3700 5491 924 9472 958 6376 3646 3887 21 6578 6026 5364 6108 467 5076 4698 9249 8203 8100 9576 9083 7966 9347 5646 3362 409 450 8066 7409 2397 9573 1840 7574 4809 76 2963 9038 219 960 4361 7514 2512 946 4359 1084 2530 2991 4177 4030 2330 1386 655 7387 8450 8721 2833 9798 4234 7587 5480 9474 2160 8185 2092 7349 5078 3416 4762 5343 1814 7521 1540 5705 7383 4147 9774 259 3700 4604 4163 9430 1789 7899 523 7957 7866 9393 470 7888 1564 1589 4530 3457 7621 1186 9599 4324 
1773 1800 7142 3903 1679 9000 961 6346 318 3155 7026 3000 9387 1443 275 7226 2438 808 1221 4072 793 7523 7539 7012 8662 8650 7555 4729 6197 7747 1376 4854 5838 4618 6811 1751 3348 7148 350 1741 417 8930 674 6378 3718 6018 4826 3848 5803 1218 9032 1417 4624 5552 5608 6900 3357 9790 6634 6762 3224 9212 531 745 4480 583 4923 8322 3773 192 9223 3948 7940 6854 4620 5165 8336 2810 7616 979 9273 9557 5276 8279 765 2396 7641 7435 3445 9458 3187 729 2352 7906 7661 8458 373 6741 7071 
6252 3120 2441 9686 5578 4314 5741 2902 1638 3997 7087 5338 5357 6106 5582 5117 6145 3243 3251 8990 8655 7886 6131 7975 4910 5547 7531 851 503 1858 9662 3687 384 4770 5078 5437 9193 1133 8433 8502 5578 8975 6087 1574 9169 5024 7180 8558 8511 9697 9791 6997 950 6605 2114 1898 5885 3288 3367 4283 3449 3338 4645 9246 7964 5522 5565 2164 7710 956 1998 4540 4866 659 8032 6799 9659 814 1762 443 2071 1380 566 996 4264 94 3542 4600 7539 3973 1875 22 9714 4884 5520 3461 9637 5387 7644 
7549 4000 7109 6735 3081 4688 3755 2918 8976 9122 3731 5074 9260 5526 1966 9409 2114 9293 9212 775 5861 1658 4515 1091 6432 6969 2432 5442 9690 8255 7596 1732 1858 1086 4079 7568 5926 7935 2081 1723 2959 5107 292 2384 9130 976 8941 7825 3862 6886 6580 7604 4806 7135 140 429 9559 7541 7385 6295 6726 9272 8793 4128 6554 2143 6524 3052 4618 5397 7174 7000 295 216 2284 7290 8022 2529 3406 3001 1748 7646 4788 2445 97 1362 3994 683 2344 9208 7409 8892 7206 1143 8837 8008 5886 701 463 
5368 41 5170 9285 3080 9621 2104 7556 2918 8542 7293 8879 8403 3068 2729 7389 6745 9542 8438 7936 4025 4220 5001 5638 3172 8608 4332 1003 3022 5696 243 2086 1126 2422 3252 6781 5076 7260 3880 22 724 7936 5178 3094 4570 7308 3044 8903 6578 1481 1159 2138 4202 2309 2805 1070 7406 3048 2699 1385 4704 4016 4404 8745 364 1924 3146 6145 73 5832 3704 8468 1290 7894 8301 6200 7725 6145 53 4615 1644 2603 8832 4495 6144 422 5759 8170 9388 6687 2312 9689 5463 869 7172 8756 7150 7854 6056 
2375 5942 5244 4792 8537 4126 4743 1977 2362 1166 3048 4972 377 5277 9734 9462 1809 6356 9265 2453 7868 5644 921 2040 9236 3986 8068 2689 1004 9776 9458 1088 8386 2724 2495 5609 1143 7672 9054 3530 8361 3869 3476 9569 2806 5233 9440 8157 8605 2720 7229 6131 6359 1426 991 3355 6165 5240 217 4851 4740 364 5323 4455 6006 1243 1474 9679 2665 9294 6435 3483 4990 1890 5077 5764 9485 2899 7428 7731 8318 4301 8999 5690 5705 917 6978 534 29 868 2912 8105 777 4267 3378 671 4781 3900 3160 
5972 5747 5287 6538 4764 5664 7163 7492 5233 8959 3489 8947 8699 2301 1936 6750 4882 3831 7225 3800 255 3400 8393 4536 7053 97 1662 1289 1352 2772 4675 5625 8118 8699 674 3852 3102 7409 8496 2550 203 342 6247 8985 9280 24 7445 9349 2708 4332 2787 421 2000 2661 2613 5266 6247 4647 5956 6069 6020 6155 8724 4029 5396 5694 9209 7111 6633 667 979 3675 2656 3116 4443 2072 5395 9272 4624 3151 3227 6665 8169 442 7856 7013 3809 7269 597 7338 4985 4664 2096 9623 2982 422 1939 6376 4368 
86 6491 8498 5582 6677 5124 8124 4976 1879 470 6742 8047 1004 5748 6153 3663 2106 2908 9272 9136 4901 4763 1846 210 3165 4109 6182 5163 3750 6934 6449 7560 390 6217 8175 547 9358 296 6976 8773 2015 5434 6652 4266 3045 4832 3785 7694 8096 4249 5470 2427 4310 4157 2217 6725 7205 4686 6756 4960 442 5219 7287 9721 678 2153 9588 9601 1710 611 1848 989 5432 9316 1932 812 6502 97 6219 8208 5936 2174 4655 3198 3835 3948 3658 4246 2353 3963 984 3240 3425 6288 6126 714 7843 3047 6242 
3943 5120 8864 5484 9 4821 8651 3429 6595 5694 6013 6172 1884 7190 9181 9290 7839 3804 9455 2145 5723 3123 9573 6222 2253 3110 5086 5871 8533 3819 647 4658 254 3760 8400 1988 8444 2216 7478 705 2500 1831 2900 2031 3930 8264 1169 5454 9217 6538 6550 4217 8331 3967 7257 8739 5624 6605 1612 5290 1295 4383 8906 4773 1892 3396 2317 5635 3332 8989 7535 1239 194 3012 5535 7650 8879 203 5643 2040 6480 6546 860 7381 3273 8679 55 2919 8557 8302 918 8819 4851 351 5179 9740 8693 1982 3671 
2063 4742 6654 8268 1024 2919 4629 4345 3344 391 7895 3710 1360 5053 328 7965 105 5181 991 8316 1067 7635 9490 3309 6956 4775 6579 8624 6326 7171 9267 6067 7077 7170 5665 6823 4169 5496 8962 4612 4498 260 1864 8480 8939 6840 5978 4397 1030 3116 3381 1084 3997 817 8543 4343 5669 5174 3164 1803 4114 9719 7584 3262 7845 8940 6218 7850 3299 4124 5583 6872 2759 9603 6081 6266 4117 422 4377 6041 157 9565 8463 3914 1043 7043 929 4632 6788 9079 4045 9082 6103 5607 863 8770 2104 2403 8048 
3902 8956 6183 756 6912 5242 8866 9753 5585 8653 258 7797 9336 7855 1643 8391 858 9255 7428 8608 39 8011 8650 8000 8427 8710 182 4821 6856 7954 3340 630 4835 593 825 7633 5572 5127 6825 6527 7756 8318 7488 1102 1072 5856 9298 4664 3076 4794 4068 1625 1283 2900 4778 8449 9 1761 5075 7768 1537 5063 1960 2384 8409 4985 7987 7058 8748 1259 1381 4295 6901 1900 124 546 7398 6061 7499 8118 9629 1340 435 5923 4534 485 7078 3250 6205 7707 8787 1 6786 3261 2098 1864 286 8017 9779 
6366 7786 7951 8968 5587 9548 1204 1663 4774 5608 1534 4447 9532 7479 1090 1380 5329 1215 5659 4496 4505 2990 3206 6102 3213 7327 3349 1620 6771 3032 3693 9292 181 8887 5978 5742 7572 5223 1649 2677 4620 2555 5708 2372 9022 893 4553 3334 363 7405 9382 4505 9156 8146 7337 7882 1881 7638 6888 2219 4742 7516 3931 1192 9621 3704 1383 5993 2063 5660 1870 13 2710 5243 3377 7331 6249 1644 757 4101 8239 5032 8278 3707 8782 2854 3192 1864 2079 2549 6409 9415 2557 2308 9167 1128 3888 8544 5875 
3334 4912 5593 3718 6604 3662 1229 9504 9608 412 9404 6443 2868 4056 680 4639 7431 9207 302 6480 1668 2068 6645 5005 3157 6536 3085 8349 6525 8084 5566 7426 110 7011 2361 2458 2452 4282 7625 615 3315 53 1949 7269 199 9008 5987 6422 333 1094 6482 6724 7589 2100 5262 6538 6422 2939 3624 8344 6382 5193 1583 9477 7393 3693 5705 6374 3244 3368 2493 3006 5995 3451 3759 6808 7835 2175 8240 7648 5202 8947 583 6466 6600 4418 3491 5832 6816 6968 5207 4531 881 4695 8463 1531 5782 4533 8371 
7361 1542 1707 3250 4535 9617 8428 7618 6950 9496 8734 9582 8005 4549 2908 3605 1658 1752 3456 6576 8282 5571 3964 6819 408 1383 3357 3923 8161 4204 3944 5704 533 5988 2081 7868 3625 177 2545 4009 7898 77 1947 7408 3046 9218 6565 9745 1274 2376 5438 311 441 7750 8211 5145 7589 1022 4841 135 800 717 782 5456 3820 2098 9258 4666 9268 6704 2307 724 8173 5259 1170 4169 3792 9377 8741 6004 7700 4479 8780 48 8837 2642 4130 4377 6599 4115 95 4526 5554 2104 8145 8181 8967 1272 596 
1723 1818 3247 4157 3254 4611 3092 3247 7366 7326 3926 2703 1590 6937 548 4085 1689 1954 2965 5087 6410 5684 6554 6561 173 5187 4278 4365 7236 1130 1584 4449 7269 1597 6892 4078 4994 2163 2410 2115 152 6598 490 5758 8311 7804 8948 3552 1290 7849 5664 4385 1038 1601 5610 9370 4609 7734 2078 1622 8382 7889 7387 2157 283 293 9147 7396 6843 4097 3624 8402 138 224 5625 452 1377 2733 5319 1766 4860 6340 1714 4669 5164 9028 9734 543 1217 7292 8874 6733 380 1233 9714 6454 8905 157 5349 
9175 7402 2194 8521 421 585 2287 5212 3175 7606 6975 983 5106 8761 7414 5518 8126 3989 1752 9152 8394 7837 3627 7562 1556 3998 5370 5872 2659 2619 4209 4466 4021 2976 6154 667 2584 9607 3133 3663 5354 7413 9594 3738 2338 9507 2220 5904 6680 19 882 5270 9325 8158 2168 9367 1790 3406 8522 9250 7489 70 6432 9492 5682 7173 4390 4209 6989 1170 8575 4316 2859 3420 2869 8063 3822 3767 2277 5331 1599 3266 6239 871 6230 725 4211 4841 7975 4975 2127 313 446 451 1575 7649 7843 1903 3232 
5468 2822 3296 690 9439 5800 852 1898 4909 2307 7964 266 286 3492 1840 6159 119 8895 8736 6918 3066 5490 7883 439 5007 2226 3112 4754 9588 3734 5981 7325 1945 5767 59 6425 625 9127 7536 5392 1311 2333 9271 9236 884 2904 1157 6896 8553 4592 1639 3314 2252 3757 4106 1327 6553 6113 7554 2448 386 5722 6524 29 2320 8991 186 9388 7400 2431 4501 5478 781 631 4815 3799 1467 9527 4337 3218 3690 7090 2940 1892 9335 6837 7828 5877 4250 7383 3629 1505 8153 6117 7952 2223 6851 2757 7658 
8653 9214 9144 4782 7299 3307 5722 1678 8335 206 3187 2401 7811 3627 7643 1995 7011 779 3632 6433 8590 3678 3302 945 9538 6021 6568 2588 3696 7371 3816 2104 8963 4045 8138 4415 9413 5357 8516 7096 8789 8901 2457 3673 2273 8240 4399 3013 9095 981 7085 9511 7180 6893 2929 9265 5522 354 8265 59 2357 6894 6410 7416 1122 8403 2326 2041 3793 9676 1917 8852 1670 3977 5846 4383 5721 8979 2395 5458 4231 3860 5178 9652 2580 2628 7510 9101 8402 1344 2139 7696 4230 12 1872 3529 1205 8323 8862 
8702 5231 5687 419 4689 3856 4892 1605 8261 6185 8476 3760 4045 3976 2267 136 2050 8739 5497 683 718 8486 3409 8064 1129 3853 2296 8026 4837 1549 8368 339 8644 2332 8694 904 2299 3588 5527 6928 6941 9612 939 7713 8343 5950 7580 8424 4104 3618 6991 7280 4139 6648 4798 6248 2697 3881 1292 585 1386 156 2229 2794 8316 6516 1073 2247 9530 9474 3594 9145 9361 664 1556 762 3574 3639 703 1946 6414 7598 4879 5117 334 4530 7586 5847 3036 5284 5528 1355 7876 697 2129 7502 6971 3020 886 
5313 4979 1484 633 4930 2561 1520 7292 5709 9416 5996 672 6049 2184 5071 3207 3406 9633 4536 7876 5754 291 7348 5305 9632 4857 2705 9416 377 6465 9697 3067 3156 6601 9360 2013 297 686 3273 6689 3242 1593 8037 5850 1517 6822 3248 2500 3548 3511 38 5600 4401 105 7674 2108 2200 7334 1581 4764 1177 1454 8414 8832 625 3101 4804 7128 801 5784 5133 9268 545 90 645 3726 2980 8936 2756 9564 8934 2604 4774 4518 9566 5828 2179 8596 1936 5966 8191 6979 4700 8803 3853 6070 4555 2938 9288 
9403 1735 7801 4624 6330 1888 541 9771 318 104 9541 7435 8078 5345 8096 3845 2418 8961 8711 4697 9408 9210 6265 9666 4392 383 8775 3916 8555 4173 4925 5845 6089 7737 4193 7386 351 8636 3635 8226 575 6598 2452 4741 7601 156 1724 2720 916 9444 7507 7775 359 1875 8994 8603 3866 1706 3837 116 6933 498 8026 7677 8068 3382 9716 7577 4988 9440 5310 3892 8370 1409 3690 4948 4372 2729 4582 7633 5458 7611 8477 2276 8046 3884 370 3465 1388 6987 8863 6784 7933 6339 1559 9151 646 2186 7429 
7466 5875 9644 6563 514 6906 7130 2477 1944 907 4818 8515 5982 5715 9399 5779 6782 1640 6874 1066 8182 1677 9186 2124 2265 4957 7095 4396 5399 2361 7409 7493 7643 9622 1883 3639 7504 7715 1788 439 2633 5999 168 5520 5534 4987 685 1078 8788 693 9375 7405 3145 8377 5702 3699 7322 7491 9755 6163 2119 6179 2246 7976 7010 4620 5282 7640 737 1654 7056 1804 7334 5321 4115 7349 5020 603 6090 3543 3902 6535 7008 1162 3816 4460 8179 6869 6732 1894 3699 6436 5775 8891 8638 4645 2785 236 6657 
5319 958 7913 43 3605 9782 622 4583 6305 3934 3521 770 442 5653 2271 2282 8371 1920 1228 3297 7516 8086 407 9701 4945 3995 1317 8864 773 304 7220 9515 8083 5174 5405 1503 5477 6926 9732 1289 4646 2540 8925 8428 6149 6283 1787 4602 1310 4647 8912 1778 4128 2594 1946 1520 1576 4775 7508 4343 7135 3215 8292 4650 2990 6258 1375 7229 9658 8736 7756 5741 4782 1865 6028 3300 3341 6148 747 857 6320 5254 7268 8987 7594 4281 1907 3910 6166 7075 6340 5837 2808 3685 7157 9353 1754 2749 1995 
7652 1388 8791 5478 2036 9279 3702 7472 8172 1797 3923 5994 4432 5788 2662 4382 5325 2007 985 1963 4414 9105 820 118 4046 3774 1994 8895 8600 1542 8654 2563 7448 7715 3889 362 5663 1250 810 324 6161 9001 6397 6145 6200 6757 1461 7269 5038 3464 3362 267 2364 934 6104 4776 8813 4117 6539 364 4060 4573 4441 7110 5930 9283 3843 5949 4700 3169 6315 4885 9332 736 8873 998 3925 1722 2103 2269 7210 1262 5683 1247 8887 1752 4582 876 119 5425 4432 9003 4294 8318 5648 8788 6854 8945 2083 
2857 8818 8256 4704 6078 9686 9295 4972 1530 2261 7834 907 4053 5566 6907 5435 5813 7696 2408 8078 2207 6489 6988 702 4824 5151 5502 4077 9484 8616 2353 5054 7383 275 88 835 2457 8568 5867 6230 496 2955 8093 9659 6620 8074 5101 3319 1550 4097 3705 9581 6787 6985 5800 8493 8223 9372 3705 6994 209 4252 7367 2813 2903 2524 1594 329 6205 6861 8350 2899 1827 4842 353 6607 2895 7539 2754 3254 1922 5386 6599 2844 6661 9613 6358 62 1769 6988 5758 7734 304 1039 5244 8239 8470 1806 6458 
9574 3930 4991 2939 3144 1033 3848 7126 5068 4334 1208 9378 2573 7073 1249 2397 1987 7504 2316 1062 4787 8614 4720 9746 5293 8438 894 9249 8020 414 5953 8514 6319 5672 2921 2939 3650 4803 2792 6970 4423 1717 571 7687 1826 3821 2966 2163 2297 9017 1982 9415 1355 4282 6383 9006 4338 2606 377 5847 1865 547 5187 1750 8286 5696 159 9553 9215 1603 1580 3100 9722 4358 1955 2599 4776 4866 4202 7313 9624 4932 5436 9423 5975 4882 3078 1929 5398 8735 486 3709 2497 7556 1522 9710 4557 2097 5551 
2088 3352 879 7012 3784 2273 894 6130 1635 8605 9585 618 9613 1183 2605 9044 6195 3767 8296 2600 1760 4868 2676 6661 4308 6253 6805 8763 7087 4583 6597 7885 6557 7091 3653 3376 2743 8258 8293 8506 5121 3907 4032 9463 985 3959 3425 8715 2544 7570 3986 32 7197 4810 8212 9181 1918 2886 9540 3502 7930 8778 5346 5286 7472 576 2526 1453 8551 719 3247 8932 6182 4096 140 974 2904 6499 2805 9697 8787 8936 2392 7152 2388 3150 8850 2767 3219 4968 3881 3526 6839 8522 7925 5225 6652 1469 1277 
9113 5434 7368 583 1899 549 6198 6322 6186 7599 7916 9790 6977 3539 7533 5533 3423 5939 3482 6627 6181 7693 8682 3830 9011 8370 5762 8138 4911 3615 6148 5063 1915 2272 2778 4251 5941 6156 655 7865 9118 7449 8089 7847 4886 2325 1345 7005 4602 2304 5262 2511 3425 7624 3629 264 2522 7429 3211 3621 1092 5387 9303 820 1514 3199 6391 7331 4829 4340 727 6137 5580 4788 7664 3877 7294 8570 6275 1781 3937 595 3815 6194 2541 7702 2225 141 7819 8877 4345 5637 9661 6892 3941 6261 7050 7601 4113 
1829 6376 8441 3288 8784 3177 2104 8050 8609 7811 3801 7135 5816 1564 5174 130 6698 6213 5416 503 6896 1646 7928 3609 9678 6846 762 986 1277 4957 316 7117 8082 3235 5000 8427 328 1702 2038 1624 7195 9389 6449 6658 7038 4512 5857 862 1771 1965 863 7511 838 1944 9748 6010 5262 7620 6729 9680 6339 8158 639 2839 6153 2301 2765 9649 973 2937 7381 1128 8221 4718 3249 5890 4557 7100 7313 8533 7695 1360 6540 6110 7762 9043 57 7524 5338 6895 3027 8173 4094 7066 3515 3984 4435 5110 3285 
3675 7798 858 1481 468 4496 5633 8038 4193 8661 736 9465 1926 471 806 8147 1979 933 5659 3929 4891 7080 8924 4798 2337 7968 8788 8943 9321 447 7835 911 243 4560 1228 7038 4118 2462 3905 2957 9047 1612 3323 7487 4696 4038 1146 3788 4015 8902 5904 7390 5415 1692 7700 5283 6158 3365 7718 2373 3684 438 1293 2400 2504 896 2005 7703 7517 2585 649 7050 6643 6257 449 1608 6959 2054 7668 3971 4725 7691 6279 6418 7370 3807 6558 5227 2538 6468 5141 3712 6973 9585 341 7310 7027 2921 3133 
6883 6868 9163 6321 7663 1091 7614 4197 6910 4497 6513 698 2204 9637 9005 5276 6946 9791 2484 8371 3078 2093 5436 9237 8518 5555 2591 4677 8003 3794 3426 6550 8137 8941 917 1512 9447 4617 1884 4137 4328 8561 8731 4205 4403 7891 1424 3376 5260 2680 410 5756 4788 3956 9409 5670 7601 1260 2089 8638 9243 5605 1482 6383 5377 1671 9402 5560 4954 8161 6244 6534 9249 6664 8756 7396 9283 1643 9211 3052 7598 6208 4104 667 4212 5576 9302 6599 6626 1587 240 1202 8599 8874 2438 8550 2467 3160 1396 
7942 4040 979 50 4939 2914 1786 5561 3920 8363 6068 4099 8768 752 2106 4308 4404 2708 2716 7210 1673 6512 97 7733 5190 6240 3432 8120 1359 3428 2875 6309 7473 4466 42 3236 9598 1018 2573 6852 1667 5567 351 3306 7378 1067 2276 5395 8201 9136 9057 6607 7031 3427 5820 4784 8661 4943 1925 7033 4511 2629 847 8377 2511 1694 1039 7713 8244 4708 3736 9457 3167 7419 6100 927 7326 5442 9582 5766 2836 660 7192 2543 6502 8398 4048 9740 4114 283 614 3760 495 4395 7675 5464 754 8489 7772 
6772 5301 584 5651 9137 5591 3449 8931 7133 9247 1126 8054 7649 8029 1149 7433 1247 606 8099 5343 672 8093 242 8777 9163 3191 3405 5322 9064 9443 5919 2759 4880 2287 9700 4562 578 750 5389 7480 8974 5967 4925 2089 7301 3838 2771 8607 527 6557 4062 6329 3583 2377 5603 9507 1179 8872 4289 5917 5096 5954 2157 6036 7884 7608 9162 2376 6797 4497 7974 3598 9578 2103 4396 6650 4807 9063 5201 7855 9368 9253 2869 9297 4201 2589 152 8711 3228 5997 2030 2755 2910 6409 3079 6552 3408 7160 729 
6668 736 7724 8542 2351 8552 4262 6849 8063 4081 2844 5814 635 8733 488 6357 2602 6786 9195 9481 5714 5805 4620 1567 9498 5884 6868 2460 1371 55 3530 1016 1275 3267 5763 7035 2220 1979 1441 148 3221 3062 3063 9492 320 563 8345 1815 9669 4721 7494 2980 3056 5682 6984 7990 1368 1622 2933 1584 5477 7806 6198 2288 5105 4791 8190 5997 4905 2024 4230 1710 9385 3522 7541 9015 8801 7780 8997 1186 784 120 6832 1647 6492 5912 7523 6940 3361 1158 9345 9236 2764 8619 2131 1863 3526 4435 9418 
775 5517 7528 5606 9505 5377 1256 3838 4670 6680 5680 5108 1865 901 3828 1394 9482 5393 6025 2660 3815 2032 9555 1186 2499 4846 5431 4790 2115 7175 254 8303 8922 2385 4008 539 2055 188 5692 8461 4247 2278 338 6234 6303 1439 6012 9407 3685 2146 2027 611 4166 4305 6299 2080 5168 2051 2557 5125 668 2954 8834 8140 1588 6854 2861 5591 7037 3576 681 8050 3437 2231 9012 9219 2398 9283 5572 4535 3262 2352 6007 1782 3893 8068 4110 5792 9336 2622 5690 975 202 3030 6486 6866 1534 4084 2164 
111 3280 6459 3307 8391 5436 1691 1329 7999 2708 7582 332 4085 422 5031 6928 8569 8855 2174 9734 5624 4797 3318 2302 6873 8448 5637 7651 6859 4719 2050 6270 4642 8968 525 5079 5007 1342 3925 7104 3401 5241 4752 6650 405 9578 2614 31 5757 5457 5646 4344 4222 8455 9016 841 5040 8789 4874 6098 5134 9705 2145 6208 2514 3233 7629 1334 2764 9358 714 8522 3143 3257 5076 606 82 8543 552 6439 9526 9665 8866 2343 3772 5510 3303 1336 4190 9265 503 4322 3152 7859 8974 9091 8452 4566 1385 
1040 6069 6186 1758 8752 2231 4872 8701 6211 4346 7135 7510 4548 8642 8191 2987 2361 6000 8270 7288 5193 324 3366 7757 3749 6811 2951 960 8704 9768 2209 5181 7192 9068 5436 5270 2536 2566 3652 1838 7205 9066 7976 5966 8438 3663 7505 9325 6857 2372 7143 1191 5394 6138 9237 8329 4732 6850 1353 8742 5113 5565 5157 3963 7010 5447 8617 7781 5600 3136 8019 5767 5854 4750 6490 1217 9060 6942 4428 962 2516 3496 42 2751 6102 2014 1073 9182 6552 8249 2241 7373 4663 6740 2956 3048 1345 8035 5145 
4134 5643 20 2045 8231 3352 5951 703 1776 3649 3415 5736 747 9254 9722 2183 8420 3056 4630 7128 3341 7417 829 7395 4522 376 6576 4910 8518 4677 9601 1735 7092 1545 5990 4259 2640 9626 2258 1047 9569 5517 9416 8555 2893 1812 1335 6885 3166 3175 8150 1902 9101 4466 8253 1594 1275 1352 350 870 7616 5912 2451 2810 8130 3362 1505 8840 7671 4122 7304 956 338 4852 4062 365 2378 7764 7168 5169 9476 4956 3830 4154 1417 3563 9620 1627 1932 3369 4930 446 7957 7585 7839 691 6841 2931 3318 
5221 8462 4424 9761 6266 2044 7922 7669 8004 4749 9507 6589 5361 8946 8272 9418 8293 115 9503 8075 7280 4210 8484 9771 3599 8117 6259 7353 5006 1131 3264 5671 7489 5620 7438 2741 5815 6659 7671 3337 9455 6516 3066 7909 3688 1093 4576 550 3981 1284 6406 1400 1343 9041 5430 6320 640 7439 2326 1723 3484 6826 8753 9698 5383 5419 9000 3399 848 9373 3324 5559 2459 4953 7901 9180 3881 3350 6299 8757 5536 6679 6722 1620 8415 971 8822 7618 1637 6033 4 1022 1158 8662 5568 3819 3496 195 3872 
3929 5012 8592 383 1420 4510 7904 8091 7992 7376 2062 7649 3855 2924 4119 2230 5600 6689 6965 348 9092 7011 4773 7342 5063 764 9296 856 2952 1672 7554 5348 964 5154 5936 827 9394 3855 4374 1350 1479 3509 1491 4213 1754 970 6693 3236 4843 6367 8201 7181 8162 7534 5299 6813 3396 2741 9697 3144 9300 4813 1761 6048 5383 526 6242 3114 944 8494 3738 8817 5915 8722 4217 2757 5656 9549 3750 9173 5097 654 8673 3964 4238 3931 216 4323 4717 5231 9151 2735 2558 3268 1954 7320 3099 2786 7764 
2181 8328 6977 6334 6460 7711 7757 1331 1623 6049 4388 109 8605 6746 4958 5791 1023 8522 6883 2498 9604 7460 4079 5259 1113 8514 2243 3532 9440 4070 6591 2166 9042 6991 7612 3466 3474 2623 2661 1844 533 316 5470 6253 8620 4819 7886 180 5163 4805 7623 6280 6814 9598 2634 3739 1136 1042 2196 7561 1811 3093 9203 3936 1787 3770 9058 6804 3084 5547 2986 3280 586 2529 8430 8931 5438 8583 653 5485 64 8268 7334 6464 3543 8647 1947 8624 7045 110 8640 1171 2169 9207 686 1369 3990 7492 325 
9183 2541 1517 6183 1481 4260 4250 4154 556 4006 2346 6476 9159 5087 6685 7356 8519 1405 1663 773 2660 4855 3178 2737 6562 7572 6488 3109 5583 6298 9376 9782 4204 2927 4510 7409 401 5611 3932 8184 8610 8198 4258 2173 1875 6668 9419 9182 8879 5847 4843 5371 6114 1560 4793 105 2595 4210 3058 1943 1506 5637 2630 7144 5834 9149 8443 9324 2313 70 6920 1915 7436 1217 7507 6368 6923 7324 8224 4655 4743 6540 4524 99 8163 5534 6393 1816 3199 6600 1675 4862 6686 5213 2053 1483 9206 543 6772 
2488 7805 4053 5847 1193 6447 4395 9725 1086 1805 6047 6644 5373 3877 6784 6183 6224 6104 6928 6509 4193 8368 8587 9542 2542 2682 4709 4835 2025 415 9276 2297 4570 5979 5947 238 7319 1119 8590 3180 356 6442 8112 415 3489 5012 3908 5039 3511 5346 7071 761 8614 4161 2942 8896 7866 3673 285 357 8348 5529 2738 7156 1537 3853 5321 6311 7047 2395 3589 4186 1210 4767 5467 6863 1105 7643 8871 5652 8632 9618 8670 1461 1906 1903 970 6022 6916 7453 4182 9392 579 2374 1151 3628 6461 6763 3122 
7970 1982 7284 7509 4093 3283 3533 6140 6104 481 2232 7054 2320 6559 1359 6009 8210 5355 8787 3099 1841 7978 5227 5516 5697 8007 8746 8965 2934 716 8558 1673 5812 8586 8658 7993 8496 8814 2904 4839 9645 4025 9408 7273 8485 9369 529 4554 7900 6097 8268 8686 1716 2343 1222 9483 4229 1265 4005 5055 6034 2582 1402 4678 7326 9169 5056 1410 7827 3043 6265 2548 1583 4503 1562 2567 7726 7242 5801 1344 4113 6121 9068 6217 5652 3504 2877 7956 2328 146 7477 1528 3628 8440 5179 7416 7289 899 685 
2664 6759 3216 609 6530 7209 4629 856 9409 2766 7661 4362 4602 7325 2668 5974 2706 8292 7957 1247 8887 9130 4993 54 4517 5561 2572 8684 6547 7371 5595 5414 5981 4608 9580 5554 924 4799 7276 812 8893 5667 6010 1319 4322 5497 7837 9242 4095 8720 5001 403 6906 6358 6501 2593 4384 1612 6168 8830 107 6330 1129 5381 4516 5129 5385 4725 5551 4024 5664 5521 5545 8432 5181 92 1683 3286 9375 5388 5455 662 6138 7633 2921 7127 5320 7318 5117 706 8717 843 7114 16 9627 2185 154 6717 5887 
4568 7308 6745 2971 238 7720 2603 5764 2415 9038 2437 82 6199 781 1886 5873 4037 4119 6943 2253 7215 4735 1507 7214 7671 8757 971 9266 3095 3509 2408 9341 4944 9169 7011 2526 386 7999 8666 6055 8342 918 1786 7217 9524 2604 5197 1316 3334 4362 3301 8057 5841 5083 2219 6155 1568 7209 9027 2878 1445 4518 9281 6807 8927 786 864 7811 2551 2791 7444 2052 6437 2235 7060 4284 9079 2774 7842 1978 2857 3795 5489 4239 7514 2036 586 7741 2113 6019 1504 8149 6033 1852 9652 1748 3208 7495 5937 
2862 4086 2136 8704 7058 3185 77 1474 9049 4246 1877 1709 373 3155 8837 5184 1861 7521 5096 3696 2073 7595 314 1815 8615 1922 2907 78 233 7096 2101 2653 1267 3108 299 2150 2676 3383 2510 4539 5122 71 9223 2727 1421 7994 2785 5854 2341 1910 7993 8373 6360 4820 6203 1063 2668 9245 4208 1162 1130 3912 2893 2824 6969 8302 5175 6430 7414 346 9180 3451 772 7270 3648 1866 2841 4753 4620 3158 7245 7102 8285 1183 6109 8310 1966 7044 3553 4794 1208 8541 5911 9595 5039 654 4461 9517 8887 
530 8084 5303 1508 2101 9322 3017 2123 4336 4959 3628 392 4545 8495 1075 7359 7438 4134 1501 6466 5040 166 431 7888 2694 8853 4097 179 2139 7793 7168 7383 2180 8799 8200 1496 1468 142 9359 940 185 900 8232 2038 9656 7965 1780 628 2981 949 5349 743 6827 6058 3886 7756 7744 6833 9790 5839 5463 1764 2436 443 9047 1576 7096 3124 9423 6463 5004 5125 3506 5997 5791 8168 519 7683 8331 6939 2403 4575 9720 6417 1670 632 8948 2849 3251 9135 3257 6617 1002 730 7068 1475 8539 5536 8169 
1747 1525 7761 3729 8827 3431 8781 6348 4069 357 30 1003 9758 234 1132 2799 7281 5326 7545 5276 3935 2617 8043 3499 3190 724 9400 4175 8114 7207 8103 6111 3903 9228 8172 5373 5126 3332 390 3561 911 4982 6941 45 6186 343 3845 486 8111 1242 6507 7795 1106 4086 8246 3333 2518 8785 3230 7036 2221 1340 4202 3729 7703 2273 7081 5644 5630 1221 3965 4105 6339 2395 1501 6866 6951 6142 4044 7197 5260 9156 1879 7692 2984 540 7234 8592 8033 1930 6837 291 8689 6372 6063 2146 2839 6293 8928 
5913 1274 9353 6048 8070 4875 2191 5952 4041 7007 979 558 6063 6258 6695 3079 1823 7318 8905 5103 8721 47 7903 5786 8554 7235 7872 4020 802 9783 4812 3605 3419 1524 5221 5584 8961 6923 6152 3487 4314 5138 6950 9523 7929 414 7778 4976 2510 986 1541 4550 6183 4354 7428 5399 8195 1009 751 5708 7252 1379 7844 5658 1064 4970 160 4123 3497 9562 8254 6852 1590 3955 6485 5575 2359 7815 3815 7492 8138 8996 4258 1075 6660 4020 2827 1347 5755 6786 8866 6666 7764 856 2893 5286 7419 9132 146 
5817 1417 6348 4459 9346 343 98 1157 254 6632 925 2906 5802 3158 6279 8100 2584 9244 7994 8210 9057 8542 5969 6607 135 6526 3417 3955 7541 7316 658 5795 7623 5873 6920 2525 4423 5812 3835 1881 2807 6940 2589 442 134 7089 5900 8552 9783 6444 2098 477 4908 5025 3390 7108 6464 6038 5645 2516 2928 1057 4326 2564 9098 3632 7591 2398 5288 4400 9663 9311 578 7392 7627 8505 5571 5914 247 5543 6380 3788 7840 7521 4633 4041 7709 3445 4497 7118 5499 6753 6605 4408 4640 9750 2603 4278 1153 
6014 5700 2877 6102 4041 8019 613 2438 6865 3047 1079 240 3439 8092 217 3997 422 4517 5395 2014 7834 188 8898 2318 2333 9383 9400 4632 2090 2705 1010 6278 7501 9372 8780 5108 5408 7881 6946 4200 1784 7950 9503 5927 1249 3832 7688 5031 1254 999 9653 2621 2629 6992 8827 6619 1413 7126 3929 6262 7765 6971 42 8713 2976 568 1007 2859 2887 221 5844 2069 6419 1519 4761 6480 2423 4721 2171 2279 4682 470 8349 275 8929 6665 2668 896 3443 753 1160 620 591 5771 1006 484 349 2907 8229 
9166 5096 2399 4479 6179 1610 9253 5303 9604 5049 4883 2057 3158 7357 9477 3583 9149 8168 8070 4102 8223 4961 6034 320 7123 7831 1880 6747 9299 9519 960 1073 8262 592 77 8341 8442 4494 2894 5837 2328 1858 1041 9350 1760 7925 5314 8021 8042 926 7969 5523 4049 9398 4593 6304 4916 2383 676 3726 537 3175 8853 9743 7814 6873 6021 1630 2146 9695 8245 6741 13 9621 2326 9667 8258 7021 4636 5692 8983 6921 830 7442 4405 7473 2706 270 1471 789 339 1221 4663 4999 1661 6397 9515 1778 1298 
6067 1561 8928 7160 4257 7146 548 869 1643 9703 7271 4646 993 8229 6212 8224 8686 7098 6597 1904 8246 3191 4432 1653 1924 9415 1460 3617 3167 9084 1886 3883 2484 2733 799 6143 294 7542 292 1205 6732 9221 3491 2701 8887 5865 7799 423 6396 1511 1472 8771 3119 5605 9333 8004 1945 8808 622 9706 3147 6071 3717 48 9233 3086 607 6957 2426 3544 9547 673 597 6420 2289 6112 5901 5804 621 4205 5830 7811 3491 5541 2649 3169 6154 5781 607 3140 2737 5261 398 3853 3333 3172 3778 1423 1139 
6613 4291 6225 4043 9015 1321 7184 2462 2741 8527 5987 2560 4849 762 8337 1537 8905 857 8872 9601 3578 450 8784 247 5176 9347 9637 6133 4738 1101 7725 2073 7177 5195 5983 3156 9174 802 4077 4799 208 4625 8185 1638 4937 2881 6410 1182 1404 7231 5225 9417 2791 7229 9192 7187 4893 5982 5053 7261 3727 4698 3949 177 5968 307 1947 1301 6298 3954 5738 2278 6281 2420 8193 5017 4757 2591 6726 5092 36 7523 3071 9586 7420 515 3892 379 7 6265 4965 1397 6630 6583 2834 8912 5359 265 1973 
7132 8138 9104 7487 9471 9283 1101 5637 9599 2295 8213 5564 3220 7249 2953 2379 8734 4466 2296 8495 7642 5871 7315 8462 2366 7835 6882 8694 9427 2975 1770 3046 4345 5447 7996 1120 3734 7490 624 3972 2027 3046 6782 575 2212 1144 406 2050 127 3135 8372 5685 9777 8586 7023 8662 3932 9237 4039 7621 9362 1494 7190 1076 677 1383 5392 4314 3621 9131 1712 678 7688 404 3248 593 5804 4077 2632 9708 1073 5435 7963 4027 9183 4206 4042 2510 9199 632 4614 6688 3649 8650 4958 706 8305 1707 9267 
1821 273 2989 5850 6868 2502 5068 881 6028 5023 4256 8247 2507 3918 6179 3300 8563 445 8543 7593 580 1210 8721 3681 4544 3910 7824 8772 5503 4646 4980 1410 4273 6423 7400 5491 8077 1139 5839 1262 8869 7587 4742 1932 5532 5451 2780 9634 1213 9543 8157 8060 7476 1753 8906 4432 1216 9059 7056 8596 8164 958 2570 6032 8979 7391 1652 3653 3472 8002 8822 4291 2480 8502 3850 3434 3591 6899 5058 6229 9378 5642 9364 6395 2226 2754 3694 8372 7911 5297 9638 60 313 3141 8047 1552 9727 292 4387 
4120 5848 7439 8024 8180 1209 9668 4947 8768 25 4132 5832 4966 7932 8903 8832 4314 6890 5480 3094 5523 7812 5318 4311 4062 1904 1934 8182 8811 6582 3831 5000 1643 2427 2935 4957 9459 1177 272 6654 8 6900 7261 527 1340 7431 2273 3382 4299 8153 936 5019 3822 5079 9109 4475 7962 2418 2317 2151 2860 5889 9301 2838 1535 3860 7321 8634 2972 9687 5797 2843 4103 5812 1434 6772 3864 5107 94 9590 9600 6331 9074 5085 9523 5255 3941 8980 4785 64 3911 1534 1170 669 187 7204 78 5025 3563 
6173 1482 6014 9612 2244 4660 6682 5645 5596 4664 4473 8898 4983 4628 5566 379 6409 7594 5456 3583 2127 3024 1779 977 912 4827 23 1166 7951 4118 4629 3572 1994 6266 218 1976 8836 753 8564 4124 231 8883 5517 7802 6442 3964 4028 3684 13 918 4179 9091 2676 7040 3628 2018 7272 8330 9530 9506 4886 1667 5207 8996 8021 7114 3736 9444 2250 6927 9436 5143 6316 5280 4706 7320 1600 3351 3718 8157 4024 496 1299 8810 5036 7253 605 375 799 9396 1844 4860 7771 1102 3321 1425 4479 1933 9778 
6656 6376 4184 6205 1816 2890 5428 4786 353 7645 9102 662 2507 4869 5845 7868 7779 8669 9554 6233 3633 3486 8956 4902 8079 6918 1767 9165 1191 8499 6549 3137 4545 1150 8599 4508 1496 996 4518 4981 1397 2717 8691 4516 4389 6279 4994 6916 8126 8290 5898 3559 4215 729 1357 3916 2799 2595 3772 7356 8567 5513 5700 9184 1335 967 2708 8909 6178 4481 954 992 7334 4310 159 9163 1591 9688 3891 2453 9070 3669 3705 3963 8786 123 3765 176 4051 5021 7989 5942 3762 8058 2039 5664 2141 5672 4116 
3299 2695 192 6159 4600 7238 669 1916 2513 1048 4434 6798 9665 6920 9430 6262 7951 8851 2071 7157 1252 9254 4970 6260 6998 5731 6772 6339 1104 9167 563 6692 9699 1924 6983 5368 4462 1973 9596 3733 5707 9234 6957 6492 5917 4876 6046 2921 5156 354 9576 5728 1390 8018 3167 989 6629 3566 9597 8083 5410 2107 5393 169 55 9382 7110 6634 5314 4197 40 5950 4513 2760 2002 3868 9153 3229 8447 8299 3740 3285 8645 6687 1116 1744 493 5149 4765 5503 2579 4874 462 6750 5766 9349 4047 5623 5029 
1623 8371 8955 9711 9669 8127 6782 1415 7935 9294 9161 7213 3477 995 2868 7487 859 7233 3623 7779 3076 5168 9515 8667 2428 8723 6770 2140 5896 1276 5046 7804 4822 1524 3482 7865 6961 172 6794 4946 6417 7438 7343 7780 4608 2939 8373 7117 1888 3422 9239 6611 9274 5625 3318 9311 4779 5027 2535 28 6344 9478 6889 5499 4527 8345 6409 3115 461 7301 7433 248 4955 6064 8938 1035 4103 4718 4105 1350 7030 9043 6362 8127 9610 7752 3567 3266 4475 4795 1304 193 3488 6110 5031 582 2053 9682 8951 
4226 3372 1193 3073 2078 7506 9028 2598 2521 42 408 8216 6207 6956 733 4356 4019 516 7194 6860 6591 2180 5219 7424 8454 5591 6764 7590 7925 1932 2461 4318 517 258 6359 7234 3294 6540 1961 3468 3430 5974 2610 4094 1109 5355 609 4777 5732 8596 3422 9334 3646 6673 4872 2735 6280 6983 6355 7526 5800 2109 9489 7310 1059 5853 2132 3571 4260 2646 1278 4183 10 1905 3257 8971 7284 9132 7665 1367 5265 2411 9539 6666 5895 5449 3707 5367 9596 7657 8528 2240 4486 3746 1046 5314 5277 6254 1079 
4683 3040 4526 5169 4268 3361 2917 3007 5314 9359 8804 7572 9464 4568 295 3270 3874 2905 3919 3051 1138 177 3472 6058 3373 7064 1419 2696 7314 2947 7925 9793 3109 5204 9400 3400 337 237 348 1448 9439 4366 7908 2080 7191 5745 1742 5376 5518 1547 5810 5612 2363 4055 5754 444 7408 9416 2722 7077 4679 3602 8295 9293 728 4224 3000 6719 5698 2045 1010 6895 2894 1740 3394 9019 4066 1255 7015 1239 5898 6394 3364 5675 8641 3313 2093 1918 5464 229 8664 3305 572 7126 5559 4029 8760 1073 8579 
7649 1347 5644 7574 6991 1074 3721 5228 3492 1795 3307 7342 9475 8654 122 6739 8704 6865 4687 5348 36 2907 193 3868 6378 145 3753 8477 2278 8566 4232 8499 92 4572 3146 8780 7909 4212 5349 6993 6088 4078 4665 4514 3521 7166 2312 4807 1940 616 366 4639 2884 9540 3202 5574 8168 740 3477 6976 6346 646 280 3043 8732 351 1519 8834 4947 7181 4269 5485 4466 6802 8047 1092 9650 4157 846 4357 3403 371 7194 4553 7677 405 5751 4837 6826 1693 6640 1546 2765 4644 2902 607 824 153 2981 
7805 2134 9297 727 717 2369 7846 6521 401 8957 1888 909 695 3091 3892 7865 5546 754 3990 6940 5728 6784 4326 3937 3246 1498 540 3886 7905 3808 2737 5004 1629 2426 4513 7377 5721 15 7079 3110 6530 5969 2162 5392 7041 2180 6034 9728 3935 6588 4219 8470 5735 8949 2155 5820 4298 6534 7060 2521 563 7297 3954 314 1709 7708 1027 270 7338 3901 6361 992 4734 9039 6323 5086 5530 3223 8543 5585 1705 9376 9059 4846 5558 906 485 3289 7491 6090 3265 5603 1526 2284 6545 6290 5514 8991 1674 
7065 5428 7203 9545 3495 635 948 5455 8086 6013 354 453 3092 6507 2044 1514 2979 9117 5922 6614 7103 6579 2013 6961 7828 2653 741 539 6162 6374 6015 3932 9020 3069 9374 2870 4302 620 7509 9783 591 6858 8682 7093 5157 2256 5848 8235 2579 3944 4536 426 8569 5882 9777 6092 1595 3919 6219 2460 7815 3289 7249 9719 9600 6551 6344 3969 7048 2043 9358 9471 5702 4748 5496 1879 140 7935 1769 1507 5962 388 3171 3000 8948 684 9483 7745 6408 3614 4042 6320 4588 923 490 5790 5071 5781 324 
3066 5722 3021 759 4025 5025 4480 8662 4320 1056 8989 8919 7060 8245 2215 4725 8004 9658 6639 4661 8745 272 8144 518 3222 4672 9607 1864 2948 4101 3681 9602 2173 4265 2437 9211 2293 7266 9170 8025 1613 6374 6332 6135 6063 7148 6605 8574 1296 2465 961 2671 5459 7899 2631 3330 960 1709 6136 6822 6630 8166 6391 9743 5294 6773 9742 7233 2862 9037 645 4608 7449 13 6543 585 3726 2997 4153 773 126 8692 833 4899 3595 2699 9713 1940 4419 4199 2370 9746 7118 1738 3662 2189 8625 7694 5750 
576 3859 4651 8052 811 3206 347 2264 8166 9700 8520 8272 3056 4134 812 4604 6759 8401 4789 1341 6789 5774 6092 6038 3943 8931 1298 8066 4466 548 1628 1442 8620 2952 5727 51 415 6556 1404 1606 4498 8674 9645 6188 4233 5150 454 1586 7495 5065 2586 6586 293 4089 6389 1130 1254 1431 6328 5986 1172 842 2930 8566 5571 7152 1983 2419 8577 2857 2263 8546 3334 9382 4707 7944 9194 6795 9800 1459 375 7718 1814 3831 5451 5323 9149 6707 2641 7821 9113 6624 2786 1873 6508 431 8664 3406 444 
48 2430 3964 7058 3321 7553 5395 4442 7199 9506 4881 1781 4868 2102 628 5897 8977 7436 2720 3881 8290 8001 6742 4540 2795 6464 7798 7421 117 9562 7606 5837 5545 9490 9019 5374 1241 9164 4526 2591 826 3014 7011 8287 3423 3801 6808 6163 6838 2599 6220 4748 6870 6352 878 9703 332 5840 5163 883 2066 3756 5783 990 434 9647 4452 1652 3676 8900 9230 5296 8517 3642 3178 2555 9101 426 9607 1442 146 8273 3250 1565 9101 5246 7154 5093 8284 826 2107 1863 1488 365 3108 5637 3754 3770 3189 
5383 7865 6427 6800 1703 4175 2192 4965 6981 5241 563 1717 7872 9548 3965 7729 8804 7705 1360 7733 3210 9511 7416 8762 5878 4156 2538 4294 7814 3459 3909 5444 1714 6911 336 8571 3161 4122 5544 6346 4910 5353 6822 4772 86 5005 9764 1266 6783 1065 101 8821 9355 9694 8677 7843 8603 6812 7449 3792 3058 5420 3889 8521 443 9382 7748 917 4024 8295 7256 3287 9243 4109 6043 744 9229 3797 7933 1763 480 3037 5803 1462 2030 7926 3754 3663 5863 6959 6302 5398 4214 4022 8715 6816 6623 114 5511 
4058 1246 245 7163 3543 3631 6748 8493 547 5341 1915 1715 4609 9725 3736 2126 745 1544 6517 7876 2523 3437 2871 3930 2644 2226 1766 5167 1614 956 8807 8601 3447 4186 5942 1580 7061 1281 9474 8669 4836 5170 3471 5534 2285 595 8746 1064 6597 1406 1194 3343 2913 7259 3384 8992 8206 5342 9272 1006 1092 8405 2226 1521 8583 5205 5566 2900 5976 5752 9256 4894 4005 3567 1089 5787 3964 3029 9715 3733 3783 7530 698 8139 5316 3813 8301 4575 4898 9715 6068 5373 718 177 1804 6906 4003 9069 2119 
392 4216 1155 3829 9121 7591 2884 5309 51 6108 3013 3957 380 1113 8832 7186 7322 2405 9139 8389 6996 4476 9197 9207 9182 2850 1539 5238 7116 8087 3544 1815 9207 7701 1156 1496 7730 5068 3178 5387 6884 2270 1388 4253 9582 2036 6631 6429 2030 8443 226 4982 7001 8439 5148 4649 4727 6936 3608 6089 3039 4453 8403 4284 1768 4736 9775 1523 728 5055 2208 8496 7018 2695 4049 9449 9638 4642 4849 7017 9479 483 3223 181 8960 8021 6429 6076 5283 9515 2554 3587 4294 761 6820 2573 5784 5224 1780 
3942 1754 5909 5237 521 2164 4916 2342 4454 7182 1659 214 1152 4162 6572 5225 6651 1474 3801 2 5882 5901 4216 9402 2626 9624 9113 4171 2742 6235 1453 1097 9551 8672 5527 5429 4867 5215 3559 2469 9247 7772 60 1853 3855 6053 7743 3284 8421 6373 5698 9737 4579 3008 1360 1026 3965 6902 6847 8438 4269 4184 7304 2405 313 3572 1348 3454 4053 1037 139 5882 469 6096 1456 1900 3961 2200 6623 4405 88 312 3571 8202 992 4212 8360 8360 4229 2531 5148 803 46 6969 9248 534 7958 1778 153 
7484 8312 5277 3064 9288 9430 5569 2098 4888 3319 5533 7828 5944 6416 2979 6419 4872 2065 8700 314 8585 5710 1839 35 4255 5784 8607 5546 267 6181 2838 8262 3793 6593 5559 8029 4647 4501 8534 2679 8157 6997 5858 8165 5412 3930 8484 3183 6922 3254 7234 8218 3537 6563 9086 1774 5182 1204 9395 6252 6543 8641 329 2132 5761 5764 686 7823 8572 8723 6463 8333 1846 3676 9059 6431 473 9125 4969 1943 9433 8133 1754 1352 106 811 7855 5468 2376 8449 6106 3808 4851 365 1457 6769 4867 1204 638 
2122 3528 1801 9357 9034 8102 4855 7698 3416 8545 57 4003 521 5186 8791 5383 4890 436 7743 260 860 7036 3870 1790 2448 433 6345 7455 7511 95 6212 6974 7297 6435 8306 6542 8995 2671 5645 617 1899 7995 4555 1385 6080 4269 5432 3217 1898 1920 3310 6946 1735 3559 6242 5780 8398 8489 3338 3783 8843 7736 2997 3031 7407 65 9473 5875 7072 3104 4376 2735 6648 6748 2205 6539 5722 4670 6376 1332 1928 7010 8334 8279 6720 8348 8150 4282 468 5165 8067 9133 4987 2577 1490 2924 3201 1644 2003 
4340 6562 156 2592 5849 4825 3079 2765 3319 5691 2081 8460 7183 1828 3604 295 3160 9080 1208 5396 9383 8469 5966 8620 6821 9307 6114 134 2546 2321 4050 7867 7650 5399 6783 5053 8034 5179 5219 6957 8808 1969 9499 6835 201 5333 4260 1548 9015 6521 3748 6798 246 5394 6947 3651 3593 5307 8143 5488 8970 9498 5214 5694 843 5962 9146 135 3843 8653 1949 6465 4714 9684 8220 4767 396 3468 6985 907 2996 1191 980 4789 1514 5431 4316 2381 224 5433 5963 2826 1241 6953 8122 9186 7091 5268 5807 
8830 3907 8379 1805 3544 5977 4299 6647 3840 9559 3953 5041 2654 389 9479 118 4819 4909 5157 4237 4995 1315 2070 4378 5140 8792 3400 1210 8305 9288 4775 7733 6344 5537 9279 3676 1211 1961 20 1083 3952 1453 1794 6542 6935 5603 3211 1181 5753 8427 3140 3224 2644 5498 6744 5895 4135 3624 4642 7372 8482 8860 582 8894 498 2519 8466 6603 3252 5462 794 5139 3317 226 8691 5055 9764 2377 7659 6789 9671 6546 9740 7746 6844 5430 1122 922 9434 8123 3771 5549 1212 6160 3029 5862 2333 4720 5045 
9782 4414 3702 309 722 8265 1999 4031 9002 3017 2779 3531 2567 2267 20 7903 4824 478 7397 5612 6973 9373 6851 774 9140 3258 467 7296 7613 6502 8684 109 2758 213 7332 1592 6650 3839 4273 3496 2455 3842 8003 5379 6142 1855 5685 2172 1232 6394 1914 961 61 404 5347 2524 7194 7645 9594 3203 6125 1073 7431 6547 4636 6530 1429 7212 236 2802 5928 255 3943 5646 8372 2793 8344 562 7448 8877 3899 9005 2925 6660 2908 6699 730 3189 3616 3265 1274 4612 5781 6733 263 30 5269 811 4302 
9478 5504 6430 7220 4170 7645 7504 2937 9405 2607 3531 5301 7138 305 3290 8601 2535 6534 1739 1296 3823 7362 4278 975 425 3767 8181 2559 7228 4464 468 8685 237 4975 4515 9786 2591 2993 4358 9279 4086 4568 9320 5510 7468 7485 4595 1337 7159 9464 6327 6921 2574 3042 1106 3691 3586 9670 3134 6575 7797 2180 4080 1340 283 8277 4765 6837 9363 4076 6615 4704 9352 3066 101 1021 2768 3424 9430 6566 9241 7926 375 9054 4479 9719 9440 3342 2076 6280 2323 1044 2984 8335 1188 2260 545 3138 3402 
2766 6015 631 945 4649 3154 9146 467 857 7533 5464 5270 4539 6833 5651 1317 528 1867 2507 1633 2578 7920 8395 98 579 5828 3590 1702 5864 1296 4393 4766 3343 574 7053 9088 3878 7087 7051 8822 721 8845 1698 9758 8741 7326 4075 5299 4951 3757 777 4707 2978 8183 4009 3820 6473 1958 7970 6497 598 2347 4976 1711 5916 7953 3584 9446 5882 7986 3231 7187 2593 5579 9773 2100 7083 7854 2333 6783 8111 6457 9353 2348 5047 4168 3326 4468 6693 8394 2445 7412 8140 3050 5327 5009 9210 956 4926 
5689 3281 6926 6741 398 4929 8401 8287 1470 1104 5088 7069 8346 6972 3368 8706 3508 8220 1623 9348 6037 5286 4945 7343 6853 4990 2300 3588 4143 3529 8280 1430 7151 7224 9424 9633 6308 2666 563 5393 8207 5974 5044 3023 1083 9678 4581 3968 3203 1058 934 8082 5937 2778 2813 3941 7991 883 8332 5405 6517 156 6709 8102 9232 8187 5836 6568 6785 6820 6516 9399 3813 1487 3474 2044 3803 6148 7478 5319 2118 453 6928 7739 4793 5972 5390 3073 4964 9379 9318 4324 8047 1952 9321 5798 3198 5374 759 
4606 6512 5280 3693 9161 9760 667 5476 3882 4231 7284 6529 8394 6601 2622 9272 9331 6447 8349 8257 5925 2475 8664 2774 1399 2964 3354 6683 30 5582 6718 3232 3612 3588 2019 923 3493 9083 767 5883 5990 8008 5762 3097 4081 9066 2713 2074 6675 8155 9669 8986 4035 5991 354 5357 5184 3419 179 6052 1363 9180 9281 7133 6056 9129 7286 9024 1159 5181 2867 8872 3523 9289 5439 5436 7922 7593 4600 3484 5992 590 6169 7142 8695 2146 9497 3863 2337 274 9222 1978 5816 2654 9049 981 7207 8063 8206 
