100
1636 1304 2269 2117 8530 9123 556 1782 9275 1335 6048 1312 6828 6430 7185 372 4364 1987 7897 6286 4315 6752 2358 9648 5816 4751 9931 960 7282 5040 8303 8146 3329 3186 5246 7273 7760 3068 2005 1325 6829 92 3756 4389 9516 9420 5113 1073 4018 5300 1160 3519 2176 93 6962 847 6067 4092 1032 8369 3468 9725 728 6432 1419 6240 33 1214 9596 3455 2707 2331 7723 5680 6255 4599 3733 9399 4714 3776 1897 801 683 8662 2646 1760 9613 4362 8304 5361 1784 4086 1439 4553 9968 9312 5069 36 3226 667 
6425 5967 9821 4360 8506 4583 4712 1519 6123 3338 9593 268 5679 636 5952 2897 377 8763 4114 2958 5089 5120 3745 9643 7604 5323 3772 9275 5474 4299 2200 6266 166 3941 8792 8377 2753 8440 6074 3635 7861 865 6641 8740 5077 7109 7234 1308 9552 5770 2549 801 6014 5086 4251 5478 2905 490 3168 5218 5862 8910 5114 2551 2266 8374 3344 6753 1075 4046 3068 8338 4655 4264 6025 3791 1831 2680 5578 2890 3885 5104 5282 3468 7705 2133 6423 937 2813 1168 2466 2440 1488 3907 908 7967 3707 7916 5483 3268 
1112 3354 4204 1926 6741 8474 1198 6425 9715 9965 2813 541 6623 6743 960 7939 3819 8291 9159 4268 7333 1123 9258 2651 9643 9485 9301 4867 4999 8874 5495 3104 7536 3471 3773 9603 8891 1093 8891 4053 4533 1736 1551 1068 543 8324 6511 2601 5041 746 7141 2630 999 6781 4418 3964 9646 5994 795 9510 6185 5212 1949 2854 2049 6663 1847 5479 403 2373 9117 493 4121 922 5184 5181 7952 5137 7142 7249 9091 1842 833 2086 2878 7223 2098 899 2849 3940 6673 2061 6840 8550 1693 513 3386 349 4279 2570 
5110 5223 5173 5967 8347 607 7886 7499 691 132 6345 3082 718 9075 6477 7605 6567 4185 9735 4383 2634 3987 9000 6589 6069 8165 9859 5484 7311 7107 2705 2798 1375 5208 3632 7106 9107 4032 4612 6545 131 3912 5890 2707 1703 5103 6100 3063 194 2061 8044 1748 4415 6952 620 1074 2507 988 9859 8578 6622 4670 4538 6993 2092 550 4353 6946 332 4594 1097 4751 7173 4737 5830 136 859 7735 7507 1241 6420 7900 1024 6735 5637 3813 5161 7397 4324 1608 3385 2010 1147 5926 2978 4890 4687 2126 474 4928 
7982 5848 3859 8452 2251 8525 4498 788 4030 9940 4285 3829 2436 1409 5954 9487 5776 5699 7031 1350 9217 2270 411 9400 7744 8923 7001 5130 1117 3471 8415 6900 50 1502 196 7893 5329 8849 8510 1488 4089 9841 5805 1420 9964 4949 3393 6556 6340 3900 1419 2628 4417 2875 9195 5779 304 6861 1367 5260 7869 773 7877 5119 6558 5423 8189 7221 5904 6937 2761 466 943 719 7216 3516 5257 3538 7184 901 868 9859 4294 4833 6685 980 6271 7579 9748 8099 6618 1736 5963 2881 1841 8243 9561 1633 6698 4492 
3002 1676 430 7361 1529 1009 9450 8523 9101 4852 4450 1885 4930 5177 2410 5474 2315 1800 6460 2642 4030 6152 9075 9915 949 1296 6571 1341 3144 4310 5366 1669 5182 9607 2975 3215 9815 4304 9218 3755 6813 9221 5594 5278 6126 1609 3298 5965 7130 8204 2859 213 8134 9689 841 4066 2909 177 1612 5886 3425 7788 4616 4619 533 4927 136 480 6802 9353 9016 5430 8238 9632 4301 3257 4091 1070 5274 1629 6485 717 6849 948 4075 2538 9801 7360 6457 6341 9790 9758 8552 6560 5653 3115 6676 9492 9934 3011 
521 61 7118 8676 7756 1728 7539 4405 487 5627 7432 1691 5267 7523 8093 6903 899 3682 9621 1877 736 9257 7212 7242 8704 5273 463 839 764 2812 8671 6071 6033 5488 7580 7523 4277 3809 5555 3711 9010 7507 9649 9286 7894 4461 4533 1546 4685 7261 9748 8602 9422 1054 3266 9031 6091 8728 1815 5378 9479 2053 933 6328 5432 9854 241 4910 1242 6830 1878 2570 5385 9091 2584 1454 8314 5024 2394 9749 8541 2570 5410 7425 721 6516 623 2223 4957 1887 3255 8223 9037 2038 9582 1857 7843 2531 718 2681 
6624 4405 3318 8783 7371 2917 7675 9140 8 364 6181 7788 2608 4060 7616 7145 7373 3082 5232 322 1573 9866 9114 4775 5183 5248 5767 2140 9422 8050 413 1588 2926 2800 9967 6559 4757 1679 7143 7196 5987 9289 8682 3348 4058 1341 3157 5465 6646 850 6327 3240 4245 7936 4503 4339 3194 1816 8913 8063 3356 6096 6507 1287 7182 941 5198 6511 9362 8227 3989 4382 8794 8262 964 5521 7094 9176 4606 8996 340 2572 6420 7293 3308 1526 5315 125 7878 9536 6730 1922 9864 1513 1962 341 960 409 5665 5659 
5037 5568 1997 3362 504 1402 2377 4803 2949 7486 316 3254 4788 3657 1307 5206 1129 6221 8223 9254 3576 3854 5209 7415 6195 4299 5522 6220 356 5440 1302 7431 7666 6864 5731 707 2720 487 551 3096 9889 1349 4420 2661 853 2171 62 6107 2106 7762 682 2747 4157 7876 8619 9648 6631 9609 1713 5300 6000 2928 5328 1658 5161 5436 536 6894 6580 4948 1398 3711 3211 997 6836 546 3928 8833 5045 5532 2669 2045 927 5537 3025 2361 9514 5135 2483 7754 840 2863 3050 2422 4239 4580 7469 4757 2539 6308 
2751 1875 9112 1362 5242 1819 3259 9145 3939 7023 1892 5425 1278 5125 7977 6459 3112 5727 8728 1794 2096 4202 8992 3096 1199 6129 7814 8842 6566 8460 8647 7237 1433 6011 6166 2172 5342 4361 5169 9599 5344 2774 9523 4132 8426 3211 1629 8257 6884 4046 5375 8950 844 9577 8037 9094 4669 8910 9114 3496 6458 333 6551 1878 2355 9758 3317 3669 9901 4326 9825 1955 7130 4777 140 6410 6635 2669 2465 7579 6335 1049 6851 7334 1132 9659 5625 2859 2213 8283 4481 3999 3185 4320 4720 6333 4780 3174 9601 4787 
2341 2571 266 5167 2816 4377 9224 3417 460 21 1844 4981 2993 8119 8835 9084 2399 5383 5188 5296 7117 4424 3537 2216 4817 4520 2407 610 7499 3972 2336 5867 3115 5111 5317 7096 453 5578 5540 2723 6487 1946 1909 4925 7916 4299 5284 7743 1112 2844 5939 6220 7195 162 9186 6416 1455 5191 9644 8625 8836 7521 7122 8655 9706 3116 9579 4507 2623 5038 1131 8300 3333 5279 5583 5779 1695 6287 8439 8261 772 3288 2871 4350 4797 986 7613 1277 5233 746 7245 8199 6648 6849 7840 6305 6630 2914 3437 3074 
6438 2073 1324 527 1645 7010 6573 9817 4449 8438 8821 6994 1910 3122 6760 7311 6800 5037 8286 7881 312 5753 6806 1058 8321 2637 6650 3375 5433 5987 3058 7375 3544 8654 4726 6192 4103 4287 9362 3218 5831 2761 5233 1706 2087 3907 4161 1635 4615 3117 3951 3716 2890 4937 704 2837 771 3225 3997 5832 4695 8975 387 895 115 9409 3225 8485 5419 4413 9220 6071 5025 8924 4758 1563 5897 2359 7414 2762 4182 8680 639 2679 1191 3182 2097 3074 448 4606 8604 1047 23 3673 3154 6026 6859 1622 1991 7005 
2333 4847 2194 2368 744 4249 2762 7143 4965 354 4635 5034 5974 7839 7658 5070 5474 5523 4923 5217 3333 432 7478 7799 4058 7034 4868 4065 9013 5232 9474 7757 3619 3207 5115 7 1235 3715 2890 425 7948 4921 9727 1703 4995 9363 7602 7598 8027 7156 3903 6617 4937 2011 5904 6271 6472 1166 4820 5216 6347 2836 7408 3152 82 7264 5593 795 4275 9959 7070 4797 531 8245 2369 4927 780 4674 6342 3376 3171 3431 4539 8533 303 8306 7452 8054 3967 3332 8081 8590 3161 9688 805 2006 4557 4946 2021 443 
7172 3272 5510 5054 5435 7671 8025 5767 7394 7855 3032 1926 7257 9854 3114 6131 4003 5936 3971 6146 279 5954 5505 2202 8287 3695 7961 9544 1912 4338 3572 8570 6765 1602 6702 7394 2408 5696 7938 4194 3435 5643 109 9172 8667 2088 6693 8479 145 9179 5590 4948 6171 6609 3727 2975 5089 5424 450 7395 9043 3681 201 8698 9427 553 7415 9424 8231 9976 9134 9083 2032 7431 3288 7449 7815 5953 3119 8557 2364 9966 723 271 9441 8029 5162 6738 1459 8095 3131 3594 4882 1373 2645 8259 1057 3386 2703 156 
6717 3322 4420 8217 845 5267 1567 5494 7146 7423 1022 3248 3828 7886 6062 9331 4917 8104 8007 8227 9825 7587 4141 2585 387 5967 2420 8589 7091 1017 5899 10 8710 3701 2382 8283 2065 3859 7226 8454 1137 2630 9807 3341 7236 184 6582 748 4457 9881 6240 1082 7142 2432 4901 5215 8553 6172 1825 4931 2493 2020 8619 810 2083 4237 7389 4876 2414 568 5824 7880 6295 7862 9665 3533 4818 1761 5538 4551 6953 1559 9622 7851 4899 3822 111 8738 4401 855 3940 6435 1758 2623 758 5787 1744 3210 9593 2497 
3146 5413 6204 1729 1159 9564 1565 2425 8335 5175 4466 2174 8325 6499 3693 9988 9115 5603 7753 6817 4986 9038 2627 6156 8914 6713 493 9579 9629 4057 4924 4553 46 1068 488 4366 6299 4335 7260 2527 9081 638 3186 6458 1527 3214 9774 7853 340 4277 9091 9517 9393 9898 2526 1055 7519 5830 4285 8229 4707 5370 5094 3356 3430 2864 4079 6561 4316 8932 9283 253 7879 6021 9797 1650 6543 5375 4970 712 3657 9004 8670 3313 8741 2772 9063 2000 662 9173 6872 9188 2977 898 7598 127 8146 8787 5664 5490 
9843 268 948 5924 5085 6851 678 3402 388 1808 2164 6739 8678 1598 4316 1084 6176 7150 8442 3766 965 3597 1276 1312 7471 9545 5711 4992 3571 9482 7209 4737 9544 5411 6350 3767 585 6309 493 8775 7109 6497 22 3011 9548 6531 7135 2116 6879 2679 7648 5033 579 3611 8799 4862 8251 5374 8490 6981 3617 8248 3962 4290 2114 1589 365 1917 3797 5233 2184 6233 7783 8582 2992 5515 4942 931 1516 2101 8059 9162 4450 8388 1188 1383 9026 1509 2410 7601 771 4034 6724 1041 4451 544 8278 6181 8653 2412 
3669 2120 6975 5649 521 2358 1302 9141 8068 4581 5129 3137 8960 6560 7396 323 4006 6735 9821 4326 4073 601 3174 2995 5864 6472 488 6301 796 6726 7652 1199 8683 3120 4372 8300 461 7277 961 7687 6662 9923 8924 3729 854 4988 5815 1238 9780 7147 7330 7795 4396 3903 2099 9614 8542 5810 7163 768 4455 917 4582 8131 6849 2040 2162 6871 9776 7946 3760 3856 2994 2051 7134 8789 7045 4718 9820 5438 8786 7754 5981 7803 1566 2194 9727 8549 6792 2980 2849 9561 6075 6606 7445 6965 5710 344 6414 5453 
7669 4131 7271 9260 3865 8720 7273 9632 2870 6180 301 1135 833 1347 8482 1645 803 5316 4022 3363 7180 4562 9201 4698 4508 1799 5025 5366 2340 7152 1475 9542 374 753 4847 4414 607 338 135 3983 5695 9957 8933 446 5260 8376 5824 8020 4355 8268 8726 6525 804 9794 1154 4607 637 4658 6886 4906 3344 9240 9978 6041 1156 7887 5623 8741 9083 9969 9795 5970 4918 6791 8170 9397 938 6944 7278 7033 1504 1205 3365 9411 3292 568 6924 4121 7375 3503 3372 1062 4859 1041 2834 3260 312 767 4515 569 
9686 3336 3612 6131 1970 7579 1249 7917 6270 2812 397 199 8561 9439 3246 2304 4805 1435 8010 4477 9667 6810 5610 3218 2553 4642 9236 915 5170 9783 2219 7135 7343 8817 2223 1407 310 3374 2187 9843 9188 9396 1013 435 8871 3436 9456 4390 33 9600 9189 3322 4490 3208 5510 4662 1625 9789 6658 126 88 480 5214 4579 1511 7444 9549 5147 5430 5386 5783 2917 7158 7769 3242 2066 2808 8821 8864 3766 8199 4925 8523 4707 851 1488 5759 2592 6804 3884 856 3423 6458 3561 5760 7948 6176 2909 2789 7105 
4854 4981 7616 8790 7175 6661 9481 824 7778 6374 4120 7430 3056 9928 7353 9090 9790 592 9828 8109 2352 1982 5867 4739 2700 4882 1897 1197 9860 1557 2427 3441 8136 3681 4047 3017 5765 2457 407 3846 8219 2030 3655 1292 2891 9785 302 3335 4375 9621 1970 6223 2063 6799 4009 9415 4269 5460 7447 7186 5611 2392 2225 6724 6862 3165 2219 5058 8989 9199 4978 9676 5598 6884 1683 162 517 2326 5274 712 9708 7831 7216 5847 9259 8704 5882 4198 3647 1463 2013 7682 1012 7073 9229 5927 4649 5268 55 8283 
2434 8585 434 8263 8417 7182 8197 7763 3284 8037 3454 898 2923 4636 1381 9803 6796 5722 365 7241 350 4220 980 3356 8177 9914 3765 6429 7145 1980 6261 9965 1223 9969 2297 964 2204 4331 8972 6718 3069 63 9309 9975 3183 9604 1061 4818 7061 3537 4621 8103 926 213 5515 3787 3748 7886 9438 16 2030 5448 322 1284 6 362 4370 541 9524 4891 5564 8560 6284 4202 586 432 1682 2461 3632 1526 1972 5487 4094 7750 8951 1082 2563 7462 8903 619 3139 4880 9013 7977 2505 7328 2968 4430 8735 1164 
9969 580 5312 3727 3867 8911 8315 1165 1647 3088 7253 4467 2977 2567 2506 8554 5035 3623 4853 1770 9347 395 5036 5619 9837 2025 3860 7090 3823 4497 5759 8406 165 8272 1334 1563 1293 5302 6806 7475 8337 1524 861 2086 1056 3427 1865 4293 6818 9787 894 3010 5318 2155 8581 3239 8276 209 6216 3467 5817 541 4087 9249 3766 9997 2531 320 8565 7143 3650 1070 9039 7962 4179 6736 6721 4376 2456 150 8972 6682 4978 6386 1587 3495 506 5151 134 5301 2183 3267 1727 199 646 2082 1461 2942 3583 7155 
218 858 9721 64 3073 2753 7708 4676 15 9377 2848 2718 3200 6574 7176 6007 7453 4669 823 5170 3246 229 5156 7200 3862 8761 646 6696 968 9448 4953 8130 5318 5529 9172 8977 1792 6403 2730 6069 512 50 9891 9992 8236 6881 3342 4890 6748 8584 2829 3521 7479 8079 9306 9884 4060 9176 7576 4293 7037 7014 2885 8214 7462 2892 9438 8736 8577 9575 1309 4988 7317 5671 8714 1375 9845 183 5110 4958 7835 806 3098 6834 4731 2091 9589 9845 3693 2048 3208 7478 1448 8296 9405 1285 4779 7341 1237 6674 
8842 3088 6292 9410 9066 3172 2730 7677 824 4211 9896 7040 3609 9556 1488 8143 8933 5662 1741 9511 3663 5638 7594 264 3015 1105 2319 124 9929 5925 8566 6529 33 7918 1305 1218 3928 7143 3632 1114 1001 1855 897 870 1495 5713 1138 6893 6045 2346 2279 5220 4403 5862 9068 8070 7580 8408 5214 6418 103 8351 8704 8447 1625 5195 756 6201 9600 9827 1395 5308 7235 1161 7091 5090 3450 2810 8467 8929 4058 5852 8503 7214 5878 6294 4245 7720 8018 8330 7460 763 7023 6979 2211 8979 5127 6209 9834 4057 
3314 1126 4273 5285 3416 5330 3238 7247 5962 7037 3175 6509 2995 47 8491 9644 7583 8162 8021 7446 4235 4149 4206 2659 6944 6829 2929 1083 4077 2403 4510 8386 1831 8597 8804 7481 467 2721 9879 3796 50 7241 8246 8291 4912 8952 1104 563 8547 353 3574 6885 3169 4303 6384 513 649 5575 7980 4123 4045 5378 1535 6699 1443 7455 9805 9737 6339 6848 3335 97 1265 4924 9942 9344 3894 6747 5986 1935 7326 9407 2362 7081 8788 2384 706 1639 3456 3548 7770 3869 2633 6889 8442 409 7975 568 377 1299 
6017 6382 5709 415 9689 4246 7809 1141 6058 7766 3560 9626 2012 9523 4126 484 2091 7140 9667 2256 5212 3734 5982 2499 9472 8850 3545 4837 6781 8463 1900 2820 1516 5150 4888 7924 9933 2021 4671 1561 9552 6499 5030 3412 224 2555 6886 950 1110 2478 1541 7489 295 1778 9585 8594 6228 3330 5941 9212 2749 9322 4036 6359 1883 2135 4535 4702 1144 7721 6637 4890 4556 7595 2382 6971 9114 8014 6945 3742 908 7457 386 1371 7615 5979 8824 7143 6594 2555 5505 6666 296 8985 4727 5383 3197 1476 4098 1735 
6996 3474 3095 1821 3279 5856 8385 7892 5367 3066 8887 5528 3577 6296 6038 6840 613 7292 7230 9543 6298 8905 2896 4239 3370 945 198 4762 8565 2469 8806 8913 5697 4063 6714 9452 9965 6242 6586 7667 5196 2535 5577 4383 8242 8368 4116 5740 7262 9330 1613 3593 3097 4919 9552 2878 5453 6354 4955 776 8128 9565 9668 5035 9983 6929 3446 1287 887 3870 1315 1695 4348 8899 8161 9788 1059 8204 6021 8822 66 8361 2064 3503 6779 3290 7695 7434 9556 4020 1785 1107 9059 2374 3474 7804 7125 2169 2522 7238 
4348 4011 7684 9282 8099 2295 6066 2632 5216 5489 8934 5743 6059 3310 1956 9886 9165 6870 326 6667 8220 405 1756 4848 5559 5659 2797 3831 8923 2534 6456 3621 684 2094 1585 3638 1258 513 7002 5206 931 5066 5818 5066 6808 5756 7943 9763 4107 8665 1227 3240 3521 9631 4217 2494 8864 9341 5990 8631 1709 3434 1043 3160 2263 3703 9691 1883 8165 9002 6958 1213 5454 6935 5416 4262 8409 9938 9961 6560 7485 1837 4964 3725 7064 3472 6798 5950 7238 8497 7187 6628 6346 2934 5359 4985 3483 4580 9458 5041 
2690 866 205 5757 3066 6249 2255 9704 1492 2749 1226 109 7216 9706 6882 8600 9985 1361 5412 8523 5978 3360 6305 1149 8228 1755 1760 4631 772 622 9120 8041 8236 6866 9297 5351 5078 3321 6639 6677 1217 3738 8236 6650 3242 5747 3106 2247 2951 388 4252 4930 7411 9320 9040 4431 7281 3276 5885 4040 2593 7882 7696 9720 7735 5418 5066 7914 9836 3617 4657 9366 7274 5112 769 8828 7542 3591 546 2957 6162 5296 5792 1292 898 6922 6871 7615 7961 3530 6654 1562 9436 2570 4985 2822 3653 2595 6628 2770 
2712 7762 8178 868 3887 1731 1887 5694 4122 7027 6891 2926 9348 8488 788 5139 2829 1867 7057 748 9256 1207 6269 1950 3825 1053 1565 3996 7985 2127 1379 652 6114 1536 4851 3183 9808 1115 7931 2707 9021 9998 610 8255 1771 19 8276 5403 6624 5015 2638 2784 4687 7653 210 6366 314 9851 8799 3796 2258 5399 4996 3696 9479 5875 8109 7218 8323 3437 8523 1730 309 6606 956 8954 2222 7605 5575 2425 2737 2380 2438 1584 2303 6872 7241 2376 5489 5644 8828 6685 7532 1453 1439 5446 9274 6871 7163 2786 
7247 1530 6567 1033 8088 1106 7961 8938 9027 6614 8284 7953 8653 5132 1059 3913 4685 5523 9408 3954 7968 5266 4576 1031 4394 6987 2947 853 9001 5773 7009 8607 8929 880 8250 5294 4491 7911 2441 6027 40 73 283 5140 8885 9598 8885 5444 8948 2920 2035 1480 8397 5709 9748 9107 2967 6355 41 6271 9189 8986 8420 2306 247 9629 3037 5594 3680 1590 5989 1948 2648 8665 3735 8544 4982 7262 2083 756 6736 1035 3731 1740 9458 4119 8830 7094 2902 1567 1524 9465 7401 8072 7954 415 2610 8579 3676 9423 
1851 6869 984 2336 3769 727 9083 4131 5521 4762 2599 3335 4223 4495 6383 7925 5859 7800 7089 5080 3383 2291 4480 9602 8231 9748 7947 8373 1961 1183 6196 677 7231 8630 582 6729 9851 2256 5051 9274 6111 3895 8162 5571 2118 585 5162 9634 4344 4212 574 7055 3124 5849 4274 7257 3304 5888 6519 524 8771 3556 9908 9656 76 1910 8724 8575 6874 6901 8644 2749 9392 1612 2281 8762 5657 9245 8518 2872 3685 970 6115 921 371 7221 4551 4412 1274 3522 7571 119 8044 4465 7404 3068 2677 1903 129 5224 
351 5970 5150 4743 5037 21 4248 3112 4610 3071 8183 50 4687 5848 1323 8482 2901 9041 7240 4454 7831 4835 783 9314 9315 5334 4555 4028 9352 3959 300 7937 5324 8428 8137 6844 9747 6387 9133 7731 3278 7315 9172 9984 186 6773 4589 5450 8022 1603 2549 2176 5691 7172 1617 9174 6650 244 516 2055 6453 3586 5519 1878 6367 893 9453 2050 7258 3131 7791 636 492 9888 9777 7899 5048 1830 5089 1443 2575 2853 8968 3780 4606 3030 1319 9667 8646 5932 7723 3076 2363 6446 2850 6117 7585 7642 9230 4765 
8334 7829 6855 8748 9615 1353 1576 5423 6172 9260 2776 9985 2930 8397 3269 6870 1355 64 6913 9669 8433 1793 1891 9425 7496 8358 139 3632 2614 608 5880 796 772 3215 8742 7898 8543 4933 9426 593 2487 7460 8387 8507 4989 1494 503 459 9752 1086 1205 6962 3670 9874 2019 9839 4296 5297 6013 1306 4623 9378 6095 7361 9400 7178 1649 2820 9699 6505 1465 7851 4954 4984 3438 8345 4185 3061 4005 4967 639 4063 2783 8235 6548 4883 386 9465 7240 3396 9880 9930 6310 1198 4850 3080 6078 2763 9554 7155 
42 4604 9112 8044 6564 541 229 4741 5483 1672 5390 2218 1891 2120 6017 9082 3790 4181 2552 9853 2836 8941 1928 4200 9906 969 5401 7983 9694 8173 2216 3451 1059 418 7069 8429 2342 2998 1840 6846 3379 3555 4553 5443 8415 3535 1055 4003 6649 7786 7359 8962 9622 8377 3128 2717 7172 1248 9284 3502 6172 6765 5176 3162 8769 7795 3318 2666 9341 1377 2131 7715 1900 2596 9673 9279 2148 1746 3830 6406 911 8373 6928 1155 8168 8305 5233 7990 9401 2250 6317 2479 8464 7055 9757 6647 3723 3237 9123 821 
6647 4856 5745 4309 4605 337 7207 9771 2058 5344 6055 8604 6890 1273 6666 7203 1076 5481 774 6434 7416 1843 4601 9161 6555 2712 3061 3175 1003 5904 9027 9368 5378 2769 8105 7496 4582 5976 1897 4368 4145 8080 5222 1816 9436 4472 5256 4282 2978 6817 3067 8370 1573 5553 515 9200 7458 2565 7973 916 222 7610 857 1188 8680 4608 5416 2051 4453 6367 6763 1927 1440 8857 4608 6168 7926 8615 4665 5976 539 9384 6206 8026 1759 6565 8721 9656 5222 594 3159 6950 5523 2827 5720 5565 1735 20 4665 6654 
6370 6021 3108 2709 4005 1737 3268 692 6271 7001 141 2272 2452 405 5069 3535 7390 5715 2163 8995 924 5941 3065 7261 5584 8683 8004 8192 1752 8809 3618 3891 2016 7104 515 8385 8933 5937 6041 3327 2911 5585 214 9567 9445 7264 5313 6936 7417 1498 2064 7088 2673 2901 7921 6742 3609 4961 5380 1167 7973 934 825 255 2606 9439 6850 2028 350 5832 3544 916 819 2980 6693 662 4275 7497 3377 4176 319 67 7931 5214 5610 926 3735 9190 7338 4102 8798 2995 1671 6511 5614 6146 8886 505 8259 8120 
9412 951 2180 9211 7499 453 4670 4764 1731 8798 6482 5107 4108 5228 7551 6056 1906 4624 2299 7309 9040 1202 2490 8587 6152 5813 8098 5869 1133 5439 9169 2548 4305 5981 4127 2869 4985 1930 2518 7487 8633 9019 2630 3488 6327 8445 6991 3706 764 3759 1184 2708 5515 4013 3969 9260 6750 9267 9168 7636 9154 7032 2289 2606 249 764 7351 5452 9844 3992 1890 853 3832 6166 603 6983 4049 8838 601 3660 8418 3252 3744 5905 8095 2946 4031 2738 833 7459 499 3564 2290 5731 8608 6993 9493 299 5593 9430 
3173 5874 7723 3287 8211 8401 9967 7163 3880 3182 1011 2821 8134 3179 9113 6321 2643 1065 6752 3149 7799 1129 4544 9679 9412 9641 7399 5817 1317 4740 8380 6179 601 9471 8233 9622 4683 4043 1065 9506 1956 5911 9133 9498 208 8775 2207 2286 9553 4090 9487 1030 9077 1175 4540 5909 8922 4523 6214 590 2035 9400 1018 5981 2288 9333 4917 1098 8194 1569 5026 3395 3944 9112 4161 3408 1968 429 3723 1035 3751 401 2877 3324 8128 8651 4505 6092 8752 3793 886 4230 4989 4746 4594 8024 2924 2664 2554 5358 
5720 9609 3756 2121 5045 2532 3569 5672 7773 3685 139 8708 4694 1031 840 3377 443 4765 9236 7971 6369 8525 5531 1062 556 6401 5978 403 1733 9328 9206 6456 6269 6951 9946 2878 9988 3570 3112 8818 9014 9246 3715 355 6370 9671 578 946 3547 884 4314 3196 8766 7446 2544 6818 6139 5146 7819 118 2467 1842 6213 4848 879 2540 7065 6770 3035 7285 6827 6780 4112 2971 2492 9928 7297 2665 2572 2190 6994 8530 6100 7320 2472 6944 2603 8634 6178 6916 8549 3077 3413 5381 8198 7399 2621 5476 9366 8805 
7978 6389 7033 4899 8520 5873 291 288 527 9019 587 9678 2368 9382 1736 9806 3545 1060 4668 5055 2139 2805 2380 4092 7386 7776 3065 7380 6595 5015 1881 7898 8141 1253 4328 9922 4723 4123 6716 3201 3642 389 1666 2382 3288 5274 9146 4023 7575 1492 5977 6031 2524 9061 9307 6883 1732 9513 2000 4465 9935 570 424 6869 6380 9903 7594 1 2235 9049 7151 9339 8753 1092 6136 5682 5402 8198 7034 7243 9682 7593 2052 2917 2863 7089 5105 4076 8333 3737 9470 4739 1804 1711 1592 2447 5080 8021 3992 4697 
7603 7133 2762 8282 2507 8099 7604 1365 6388 300 4887 649 4519 6375 6696 8476 5718 3451 1329 7203 3596 6246 3221 690 3397 8162 2760 5264 6161 8947 8965 4975 4406 14 497 8515 6077 1037 2958 7621 5957 3883 2972 9325 6268 2505 1993 6877 683 9864 5318 6701 8463 5497 4283 1214 7941 9806 2086 9860 1070 3673 6238 3206 3252 4489 3083 7428 5172 2191 2368 9050 5852 1409 2338 2266 8644 8304 8306 3696 4382 3201 191 1917 8407 2601 6966 1611 693 6680 8511 4682 788 853 7817 3169 1781 2509 9030 1320 
28 6500 9285 6656 9846 5492 4813 2370 4894 3753 4283 5912 472 5493 4847 1099 3431 1327 8862 3591 8942 8978 1753 2082 5827 6793 3987 48 4666 1182 2628 5395 5416 1562 441 7850 3742 8905 3011 6442 7795 6488 6852 1913 9640 3926 3969 1406 8070 8100 844 5266 2008 7050 2316 8318 6228 5457 3318 433 3609 2773 3951 3762 635 7628 5850 6449 5378 4576 322 5195 9654 1798 1220 1494 9604 843 8018 8900 1390 2000 7066 1158 1242 1404 1482 3555 1567 8464 2659 2322 7344 4703 8850 9438 9519 7608 8806 2677 
4619 5590 921 3247 2311 2634 878 5854 5114 3742 3239 8551 6989 4764 4962 2192 27 2702 1314 1864 948 5092 7139 5117 1637 9548 8961 4345 428 7067 5885 3163 3364 5189 9762 9120 7137 9599 7597 7600 7951 5279 1656 4234 2996 785 5251 5701 3777 1762 4660 1223 3008 2271 172 9628 9284 5041 1699 9313 6259 4227 6944 943 5542 6768 2581 5247 5035 953 1429 743 6928 3264 1077 8733 2070 7114 1928 5425 9937 9561 5145 3514 5915 4592 3450 8071 114 4073 262 4076 4436 9964 5122 5459 7115 3882 5896 7964 
6438 2613 709 702 7887 665 5089 3734 1402 3456 2274 1508 7982 7231 7177 4529 7366 4298 6948 4066 985 4688 3627 7276 6917 7813 6838 2560 6073 241 7005 7513 1309 8153 2051 4303 3705 5607 3060 9832 2715 2173 6849 503 9422 6057 5945 3962 4594 1291 8921 2643 5787 88 6555 6461 189 3965 1794 4500 2441 9710 3988 8043 9146 8801 352 9777 4285 1368 141 6529 2263 8283 9493 5366 7794 7486 7421 5416 4359 3128 5906 236 5443 8632 9585 8084 5271 7265 2971 9940 8272 6311 5706 7611 8975 3443 8789 6761 
6567 6386 7263 2230 830 9462 7331 5463 8668 3118 8355 6400 2954 5023 2722 4684 7905 3834 9040 7505 7715 9216 6633 3948 7652 4224 1802 8177 9354 8621 8820 6299 4518 4253 1140 4250 3733 6039 766 6562 9647 4708 6281 8329 6202 9846 2467 5236 8157 4365 7023 8991 7601 3978 2325 7996 6699 7782 2699 5610 8373 8533 186 840 9138 3717 4264 8808 818 1001 3484 842 361 4169 9512 6523 9460 8123 6522 2543 8215 4051 1419 5714 9543 8365 2873 9965 3561 1477 9602 9685 3654 5033 908 4241 8458 8684 4910 1029 
6466 9993 2450 6883 2476 3572 7145 209 7614 8035 4549 8666 7126 1876 5894 9754 2686 1849 4383 4140 8416 9956 4496 4080 2347 7631 7289 1765 7541 8214 7137 4946 9585 1314 7914 9677 9687 5141 9056 2522 5080 5423 4491 7070 966 1980 9894 2094 704 6558 6244 1213 3475 8022 150 6383 1137 3494 3912 80 8479 6526 780 3496 3617 5918 3403 617 7719 1257 5903 502 5809 3780 2573 2627 2846 3657 8647 2628 1805 7275 1126 8283 2982 636 112 8087 6238 7446 3641 7260 398 2994 1459 8525 6534 7420 5728 7505 
4330 4459 9125 5093 3281 4259 3300 1615 2906 1359 3165 152 8726 1440 4980 8854 3208 2913 8712 4591 3395 1965 7625 2789 9454 2146 574 782 839 2086 4981 4549 9310 7441 943 1149 507 5665 9459 1718 8317 4696 236 2370 8738 9151 7037 2837 2458 124 1061 5201 7887 7187 5289 7551 8834 3671 5307 9926 3569 8842 4534 2364 4477 3053 4358 7428 29 4463 2118 2026 3283 8431 2433 5892 3639 3159 9813 6550 1068 7700 3050 3128 4521 904 4343 3843 8756 2409 8620 4518 6288 9268 1042 7969 3684 4301 3153 6594 
3922 4773 627 3038 9037 2485 8109 6235 9763 8874 9100 2716 1405 1224 1355 5490 7637 8563 777 5362 6470 8360 9256 2029 5095 7601 4440 4790 2813 4349 1893 5220 3791 8371 2616 6655 3844 1934 1400 7821 7972 4361 3975 464 7867 6438 3429 3311 1105 3270 8861 7216 6258 6679 1742 8835 618 735 7945 2661 9778 6515 5923 3782 772 4689 3997 6187 3002 7013 2220 3979 3661 342 6795 5330 6883 9238 7509 1521 8329 5784 1149 5917 9431 7677 6383 217 8016 8218 8053 7821 4523 4275 1369 6663 5534 815 8963 6349 
8838 3110 6267 6944 6755 193 3199 9257 6915 5679 2611 8958 2240 4522 8474 9384 4333 6822 9267 364 6982 2258 4545 2914 9026 1261 5140 2154 8274 1496 9988 3264 712 771 5018 7858 1711 9949 2106 593 8453 1969 8536 8365 5305 5558 9951 6942 6338 4737 2264 2369 1737 7716 480 6993 7294 1260 4925 2450 8724 9131 7829 4459 5014 5698 5734 6768 7516 8301 5717 4092 4022 4475 5861 6389 9518 2619 2977 9321 7854 7203 3022 8235 1035 2110 2200 5515 5365 8216 9195 3655 6145 3779 1521 8870 5165 8749 1456 2628 
7691 6594 9515 916 8175 9720 5950 3588 6407 7093 3228 8660 8316 5155 4975 8867 8162 5615 9329 345 1310 6231 7200 5775 9329 3152 8383 6835 1618 5938 1005 3298 285 8831 2262 8631 7499 4380 943 4422 7030 8021 4664 8502 4194 4687 7333 4079 932 1062 4769 9751 5229 9559 8974 2727 6600 2621 4015 103 1857 8437 8984 5545 7881 1671 6004 1211 611 5292 3764 7259 1977 2100 9525 3796 8987 7047 5092 2591 1694 3937 4706 8412 9257 2615 5332 2331 5815 5212 2297 1826 399 2572 5778 5041 7591 4430 6067 9035 
8158 9446 8119 4374 1368 3685 8331 900 3226 8640 9025 2028 7326 2385 8608 7409 7555 9967 7868 6314 4358 1606 5391 6564 8789 9826 7553 6364 1061 9079 1057 8890 2819 3990 8493 1947 4856 4787 9886 7576 4474 1027 5691 8922 9239 7204 9221 4232 6321 6340 8959 311 9149 144 3740 282 5605 6838 6256 3001 4464 245 2862 3967 9307 6226 154 65 1624 5072 1272 2991 7323 926 7426 8711 3373 1851 2574 2776 3778 6617 1764 3860 6635 6820 6068 352 6457 5405 9615 7342 8509 5212 6654 3866 4362 3615 9150 2720 
386 1863 7856 7722 3400 211 2349 5741 200 2437 7979 3343 187 5835 221 409 2798 5284 9382 5552 3985 2478 1140 685 8433 3922 882 4590 6758 3773 2311 7812 9389 140 3283 3750 1359 5912 4360 3261 4725 7731 8026 2639 7834 9188 9051 7308 3148 6844 8967 6066 7860 165 121 3234 4005 8969 7279 8550 7299 4471 7248 7146 6409 2537 9481 4461 6888 214 3141 3429 6483 9157 8589 3780 1041 2026 3756 5818 2728 464 8392 3485 4785 5731 1630 4099 9527 5607 858 4564 8822 3639 2354 6434 8756 9348 6658 4650 
2706 462 4155 7307 9539 796 8820 6286 6158 9857 618 1101 6113 2764 9506 807 8495 1597 6521 1296 3829 1744 9914 7855 6192 9361 6801 5294 3268 8519 3305 517 8562 9152 8645 4866 2490 9386 1157 6082 1568 8342 6703 2231 7407 8020 2441 2433 9755 5339 1429 1748 275 7947 6023 53 6308 9877 546 7250 6316 5654 6193 9667 1237 3941 3636 4981 8467 4319 1315 5503 7685 3302 9854 2183 248 8163 5607 4173 6361 9690 8768 1284 6759 7436 4042 9193 8100 3586 4324 9732 3803 4016 373 1114 4544 7639 1936 5434 
5128 7645 8292 3286 6954 710 8700 7841 7802 2784 5698 3243 3142 2540 6737 4639 5707 6088 2109 9718 2528 9040 9652 4077 1161 4519 9181 5276 9326 8215 2130 2914 4664 4071 4367 4577 3851 6700 2648 9996 2768 9126 7689 8265 1956 6934 9312 5454 4075 2439 1644 2476 2584 4950 8829 5528 3356 5738 4231 3977 3457 8791 8589 3014 3799 957 5100 928 4885 7559 1886 3343 7378 2091 4834 9266 1694 1075 6255 6277 3352 7678 7348 4722 3291 181 4935 3234 4883 3901 5419 450 1845 7649 1463 236 3785 8322 9333 296 
8593 9730 7387 6485 3392 4236 8671 7682 8277 8321 3105 8562 9556 5651 7204 116 1705 3755 1830 251 9769 2894 922 9331 6425 8223 6683 7986 408 8842 9189 7046 5545 9815 901 1930 2103 5775 9019 6352 4659 7185 1185 2669 3239 2862 2474 8726 6909 4852 4158 3540 1574 4259 7200 6664 6167 9108 5961 8578 3983 7846 72 1947 8344 4569 4961 6092 4335 4578 3975 9523 824 1340 7597 7864 9482 8468 7704 7025 23 2805 7342 3969 3385 7193 8993 9900 7070 4051 6791 3231 9359 3321 667 2176 1621 906 2882 9294 
443 6170 9921 2849 3786 9610 5227 2319 7898 4286 718 7893 4193 7106 7586 6312 7825 8552 9321 7893 2166 1957 2450 2071 5914 5912 2941 1316 2041 5895 8758 5762 315 3735 1519 3389 7593 5980 2740 3114 2631 4787 2625 615 4599 7401 1877 9250 7044 2844 9487 908 1516 6889 1992 4130 7557 8917 2141 9357 8299 6761 7468 3629 3366 8110 1712 9609 3323 9590 4583 6234 2358 7099 7813 884 8451 3495 7981 5370 2728 2238 9075 612 2215 8063 256 7347 2731 8293 6797 2692 1120 886 4668 4936 8548 7791 1724 1379 
9084 4734 985 6570 284 1004 3952 799 4993 5347 4449 1164 6090 6557 5950 81 8386 9853 7860 8565 4407 2651 8718 4124 3262 5807 6797 5629 4339 8928 1061 9979 17 865 7955 7920 4148 8945 1992 8863 5496 3074 609 7031 7875 3278 6258 3796 1186 1789 1205 3535 88 3260 2997 2861 9515 9218 1078 5560 8751 5330 7510 8092 8293 2590 7283 2988 6219 6016 6165 9988 3266 6946 6572 7277 8362 7539 4427 7643 8802 8557 2473 6914 1811 4045 8006 4516 6698 8971 5510 8487 9327 8460 7138 9810 3116 9675 6543 3383 
3297 9971 3986 5491 3638 7393 3231 114 7358 2130 3165 8918 6453 1 9625 2267 6141 1585 5400 1109 3663 3071 8877 2075 3141 7437 4296 629 720 7040 9086 9622 6715 1218 6248 3094 3979 5000 2260 7659 4204 7500 3463 6319 6388 1118 6405 2061 4175 5119 112 1068 1292 9682 743 7896 6798 9038 1614 7451 4369 4761 4048 1128 2335 2824 7028 6929 3687 507 6113 5937 7769 1752 4591 9953 7888 2065 2340 7673 1543 6539 361 9225 2499 7122 1454 1426 6434 7695 3 8588 4361 8072 6344 6229 553 509 3683 7531 
4192 4811 8026 4878 6456 648 4102 1333 7266 8151 2735 9385 8403 395 7644 6820 2229 3867 2137 2050 7718 5497 8657 3753 8024 7363 6672 2161 6292 2650 6851 1841 8954 8967 2017 8319 8199 7605 7830 3376 7866 9845 8677 6385 9448 3893 6740 1496 7459 8548 4698 3056 5849 2188 5050 4069 9716 8179 1509 5065 9010 283 452 3209 3465 4183 2884 4002 462 3694 9890 409 61 2770 7036 6767 3900 6895 5709 7306 7195 9954 1829 1641 5555 5171 4938 2064 828 1221 3115 9988 2696 7097 1687 1389 5249 1826 6208 3577 
241 7646 2677 8163 1258 7707 463 7533 5511 1920 5893 4708 2477 7028 6998 8908 1100 9501 2357 1672 9782 2349 9532 885 5867 9438 1038 2541 3859 3418 8348 2600 4062 5846 6871 3774 5894 591 7387 4588 2568 4141 1914 565 6375 8870 4458 9864 6276 7893 9627 8234 2030 2576 4580 616 1576 6309 2268 9233 882 638 6448 531 7985 2335 1428 5786 5438 2516 2022 2748 7887 1389 1677 8149 3990 4738 9241 3425 4406 717 7345 8497 57 8073 7863 946 7404 9370 2423 439 9935 5320 8431 740 7599 8812 3590 4150 
8389 9729 4363 5730 8814 4153 6367 7134 2455 4044 7163 2412 8346 5998 4393 614 3377 167 4766 2549 5463 2934 1827 1538 6666 9455 3002 499 8024 4631 8877 221 279 3637 183 6161 7228 5574 451 3605 934 6357 4817 3551 482 9420 7933 4143 8539 5341 6455 5003 2398 3975 4089 4315 8753 5190 9648 990 3914 6803 1093 6763 3669 800 1039 5572 9540 1453 1676 50 621 1403 9582 7477 2733 4320 3407 51 9119 5235 9876 6794 9384 2119 6097 6964 5909 4829 8634 7298 9450 9993 2320 7943 8154 2936 4270 4403 
6691 246 1071 5364 4743 9063 9615 8730 6546 1694 4541 710 5727 6644 7758 5313 2129 9650 8020 4082 9874 832 1010 8418 8348 6526 2924 9337 357 6919 2993 1996 4152 3064 2947 4849 8557 9375 3855 5755 2903 193 3339 9897 6002 1520 8611 6857 871 1509 3309 6674 4423 5814 8607 7248 3854 6380 1550 7926 3935 4778 6110 6604 1928 3675 4895 213 9353 2533 2023 904 2315 6124 89 2797 4618 6971 6724 6630 378 5292 8697 2151 5358 2548 4034 594 8745 7191 5128 2097 9576 3700 8300 5383 4554 8505 7788 9570 
6450 8887 4620 436 4824 3450 3358 6000 3276 5262 2171 8743 9951 1251 4196 4330 517 3962 684 9167 5329 4250 8864 1644 4997 6027 28 4396 1095 6634 5780 7439 1200 8944 2929 4517 5 3792 9997 7504 710 3813 804 6212 3422 2297 3103 3434 9767 3141 2731 7585 5445 506 6250 7768 4949 9259 7537 8613 5150 9799 6307 4748 6986 3368 9015 7216 6962 6426 5135 6711 2687 5202 4258 958 9154 3993 1991 6093 5004 3326 5129 4373 465 6563 9056 3073 1212 6050 2853 1910 4846 2394 84 8830 9220 2976 5723 6512 
4333 8284 2184 4431 2002 7161 9948 3813 42 4561 719 5344 159 7914 3616 1960 1291 682 7335 1573 2599 4212 3780 7068 2844 1467 1110 3422 5348 8744 6679 4288 284 3955 2839 2879 8484 2579 1072 4509 3510 4879 2426 627 1192 458 4707 6684 8355 8778 9420 8687 4953 6712 3908 5776 6334 6726 6665 8671 4847 1805 6292 6333 2516 5683 7072 5676 8992 9504 6609 1689 1516 8481 3530 7792 6096 4669 5702 8787 1623 4426 1928 1239 1149 1673 2605 8628 7040 531 7307 1128 9224 3445 9752 2344 8257 3370 3140 7853 
7415 1135 1316 2901 548 1557 3733 9093 4894 4412 4680 2419 591 8854 9753 7460 1093 2377 5021 5125 1215 7902 6878 3751 2018 5109 3027 5923 4270 4573 7579 5841 4677 5832 5736 4597 1625 2953 6017 3191 9639 3709 503 5635 4285 948 6073 6988 1723 7258 2088 3674 9643 6513 2503 5904 8799 8397 2870 4578 6847 4506 5208 7483 8729 7109 6190 2139 297 4173 6645 5154 4418 6739 2813 396 1264 7250 2348 867 7006 9911 518 1588 7642 6694 4583 3357 7168 5065 6815 9725 1813 6038 9126 2024 4555 3636 4782 9793 
6646 9375 5162 6454 5348 7837 2033 2571 9618 1957 8317 1547 7942 9082 2805 5086 5058 1432 6806 8286 6758 7028 3175 6684 4522 9696 713 119 4172 9241 9396 731 5286 5374 4394 4971 577 1494 9369 1934 6966 6924 2001 2884 2564 8679 7225 9295 6270 6372 6137 9275 9233 6353 1045 4683 9861 3662 9632 3825 6626 2907 3698 7032 5360 1641 448 4991 283 2356 6806 2165 463 1662 9703 139 5931 7761 7833 8247 188 9812 2824 1312 8287 5266 303 6855 2248 3775 3826 6610 7994 8772 7135 9681 544 306 2713 7206 
6679 5228 7111 851 6790 3336 6006 9983 140 546 4468 4879 253 2709 396 5793 9647 6149 1606 240 5631 3530 9518 3344 1386 6134 4934 8569 9046 6150 3858 8715 4006 5069 3834 9484 2162 6771 3777 490 4313 6409 2748 1036 4438 8674 5664 518 1071 1539 6393 5785 3492 4077 1215 306 6942 9443 8107 2495 3602 6615 9834 3022 8537 6994 1304 3464 2326 4445 4159 1140 4607 9878 4073 7469 5246 3975 8719 9697 2348 4131 6886 8340 8841 4224 1703 5180 1833 8307 3443 9162 1483 1797 9873 39 8576 6277 4632 2097 
2558 6494 6583 2823 4210 641 5625 3835 9712 7538 2933 3943 5297 6774 6085 6665 4220 435 2051 7056 264 7492 3514 5180 4488 4449 6489 6081 4460 8346 9711 8594 7667 709 8755 7830 3339 3540 366 8697 9402 943 4962 276 3769 2476 7774 3426 1705 6830 1608 6433 3467 6917 6674 6065 8950 9979 5477 3873 8555 8785 3214 73 1991 2539 6666 9863 9245 8574 7041 9524 414 8427 4740 2122 3648 4400 6517 5191 2900 5184 8004 5211 9708 1660 7057 6241 5732 6453 5912 2545 5259 3335 2596 7557 9404 5088 4588 4028 
6208 898 174 2692 3376 6884 5483 9315 2847 5863 7659 2440 8942 4930 7152 6702 4284 1954 4580 9035 227 4592 151 7632 1002 7894 6093 5979 3305 9116 5072 6836 5541 822 73 3484 3448 5863 3691 8094 1312 343 7328 9556 499 3157 3244 5620 9523 3189 4938 6684 2362 7774 3833 1076 4244 8514 2722 4173 6629 3041 8953 6207 5588 3815 2823 6087 322 7569 9140 1103 1018 1470 2430 4827 7769 4610 8754 8087 4784 5909 9611 328 6593 2033 5878 1225 5478 1407 2282 4884 1840 2934 5345 1465 1723 500 295 3596 
8220 6865 4893 7394 5973 3032 655 451 483 1689 4440 1632 6456 5817 5857 15 1908 6059 8487 2836 7227 2937 5353 4759 934 2526 1645 3342 6351 6658 139 8012 5896 1270 7290 2426 2216 8973 475 2530 7901 4452 9336 5188 7963 3771 6719 4699 1827 1198 7141 7067 4045 9627 3296 4356 5438 3202 3531 3975 8911 3225 5786 242 6633 957 5955 8061 7818 3394 1139 1072 8818 613 763 9097 9756 5785 1016 2240 4400 1453 604 1487 2517 8156 8253 8135 6411 4003 4960 6908 5871 6292 6448 98 8249 8758 3791 2571 
2878 552 2682 9993 1557 5542 4317 5104 9320 3031 3354 9404 2209 3484 921 68 1261 5357 3147 4464 4442 1628 8173 7091 731 7110 7120 6301 3092 159 6983 632 9531 4858 5918 7112 3972 2264 3882 6364 1170 1834 4116 1864 2367 6605 3418 3191 926 8223 1685 5618 9651 430 3691 880 4021 2082 8576 6476 8039 3305 4999 3326 1939 882 2441 4158 3452 1462 1617 7435 6853 3678 9469 4199 6518 2787 6702 7641 4189 3900 8351 7776 1692 2421 317 6038 3304 2771 7374 7155 4500 8994 586 8143 6298 3350 4629 6763 
6912 1475 7967 4284 4947 5203 1358 9894 838 6659 2662 6611 5763 9692 8413 1026 9747 7267 5135 1733 3173 5893 5850 3776 8417 682 9772 8977 834 7143 5640 4468 803 8297 1656 4281 1061 8204 7513 1340 6033 5504 6466 9698 2388 3058 7920 9361 2531 2292 3509 8539 5254 3323 2124 684 263 4481 1870 6131 5805 7299 9413 719 1104 5581 9689 6205 7835 9633 1443 9835 7342 9262 6566 2908 2839 1615 3701 679 8290 2473 9085 8440 8201 2091 95 1129 5040 9161 9469 6312 3499 9012 668 2869 3328 4632 7353 241 
4940 1599 2439 5583 4533 531 4695 8652 7920 3134 3368 6786 4801 447 3792 4821 7703 4382 9446 7269 2284 6144 8442 2635 8237 7632 4907 2174 2516 4415 8217 7978 9081 1365 5573 7694 1909 4562 5865 5745 465 5544 5313 3394 9372 6506 7838 2476 6478 7540 5638 167 6060 9513 7945 4618 6370 8667 8413 3802 3242 1549 4130 2414 3990 1352 1697 4183 8299 9265 8371 9413 5343 6931 8709 121 8843 8598 9712 7606 4276 4063 9916 9792 4967 6003 412 8190 6280 7778 8251 6821 9613 311 5221 7952 433 9137 7448 1975 
7067 5204 3790 1284 9452 5534 3512 490 9585 2326 6187 7817 7877 1607 9305 5020 2133 5009 1559 5682 8382 785 2265 4210 5264 2633 9904 401 6208 7454 5239 6897 6108 5602 6977 9395 1720 9751 456 1933 7499 952 2314 2120 1094 2982 6611 3633 5218 8581 384 5834 5120 3663 9082 2853 3363 8104 4872 6977 6141 4191 3269 3686 7847 6335 6073 8187 3109 8136 1061 5785 8020 5391 1427 936 4770 6155 422 2319 6413 1422 9167 3791 970 2544 8111 3539 6609 3968 5098 6301 2092 2395 5516 5981 9241 5939 2496 8509 
6611 9397 7624 7291 6111 4218 5142 6088 6781 4252 5107 6673 2440 897 3468 1104 2441 3715 9540 964 7232 5127 3838 8402 2951 267 1739 6331 1777 5602 948 7615 7248 2402 3225 5598 6270 3661 3355 808 2032 5552 816 1195 4553 7023 2129 5732 8071 3622 4341 3730 6994 4138 2629 4713 4640 1165 7479 6189 1476 9171 9410 9168 2076 6173 1725 3763 2521 7606 4242 9734 2460 3490 3480 9293 8538 2474 7271 2038 8430 8863 4264 4346 7188 1215 1290 8076 112 3605 4058 5917 8887 3150 9146 3232 179 9887 7767 8747 
8425 7594 4263 8909 7034 6660 4812 3279 4709 2583 4299 792 6120 6197 1843 9227 8637 4227 7920 2738 9351 1256 8579 4779 9093 6697 4701 6283 2675 2880 6774 1418 7071 2824 8159 5783 1754 8811 2306 4373 7915 5334 1899 9171 5772 2534 391 8694 1697 8701 8898 4350 9372 2945 3927 949 1707 1627 3900 1199 2713 4642 4951 6550 1079 150 8949 9212 9651 8847 9237 2701 7534 1373 2038 758 4051 4946 4006 6974 6253 7819 8888 9974 4222 2656 8767 1506 872 2412 7851 7267 5470 4821 9284 2824 2602 4082 7936 9458 
786 830 4661 7295 7477 3998 9961 5542 9653 656 7562 2201 1725 2419 832 8074 4979 9527 7547 2434 5264 6179 943 178 8159 3221 7540 2826 3322 6787 4705 8192 2254 3977 3416 6093 6184 9165 4200 9918 3302 7047 6718 6414 7061 997 5955 8522 9752 7856 495 8625 8091 2712 844 2032 21 9800 8268 3049 4456 8088 7120 8486 8179 2662 6121 5939 6627 5487 6564 6688 7757 1656 7913 5559 741 9704 3761 2596 3681 7092 3620 3877 7090 4451 8506 1332 2329 4675 798 3892 6747 5465 1328 4823 9718 6415 9177 2585 
6311 4231 2145 5059 7807 2177 8368 9489 776 2346 2039 2980 8938 1846 8713 893 4530 6494 8161 2990 8388 8118 5241 9661 474 4052 1756 3090 5057 9923 4763 687 7270 9323 9315 645 272 6462 6085 1963 4710 389 6856 3766 4726 1881 3347 1284 7212 6592 7323 8322 3534 558 2490 8568 5445 6642 1112 581 9414 3027 844 3808 6071 7343 9729 5467 4002 2516 9846 645 9616 2951 2562 449 7279 2117 873 5566 6468 5155 6785 5053 5132 2579 4217 2730 1000 3682 387 5996 5041 727 1163 4419 3810 7527 8322 7951 
9881 8502 9215 7106 2099 6808 1787 9934 9862 2632 428 3161 8161 5247 625 7311 2583 4923 2877 8172 6009 3277 8852 9440 1217 3178 5245 3893 6117 1770 3310 2930 823 2740 4538 6823 8296 6393 5443 529 2772 8659 6927 2399 2685 2591 6199 5633 7314 8486 1708 4823 8874 1188 4060 2427 4256 5691 8397 2515 3152 4621 6192 1643 1772 3704 6943 9180 3875 3796 2723 1949 3337 587 1066 514 4965 5563 4145 6961 2787 4322 4725 6522 7529 830 1844 7875 7500 8733 1706 9472 9605 3286 1746 1735 9704 26 8336 7468 
4035 8759 1102 5318 5916 3961 9324 3648 4459 5198 8384 4642 4494 3640 6728 1009 9438 3278 6319 108 1324 7928 2041 2858 4699 7627 8032 7258 3628 495 1406 8881 3505 8685 6334 3162 1900 9485 3961 6848 5154 5187 6116 8433 9957 7808 3297 9936 1598 7260 9881 4859 3134 4057 2052 9674 2188 161 6393 8669 4583 4054 9625 4522 6548 8632 2458 9417 9709 3015 3017 4069 5571 1874 7824 4493 8732 8346 792 8856 535 9161 3208 9265 7368 3055 171 5827 356 6065 1451 2833 5637 9803 7245 9400 6956 1311 1791 9422 
4797 5567 314 8170 8758 4264 7270 5390 2404 6933 6356 7233 2307 3024 5259 1869 5494 6016 610 6130 2021 3167 1109 3019 1893 7000 9297 2429 8053 7095 4932 9924 9648 3311 5456 918 2298 4014 1500 98 4590 5405 7912 8433 2505 547 3274 2621 6012 9187 3363 4303 4528 1957 6554 8905 483 5057 1596 6431 2695 4008 763 9077 3778 7574 3827 2986 8305 5441 839 3995 938 5751 4166 9731 6249 1083 2773 2877 4453 3974 4206 2972 9757 5576 2252 6572 571 3542 739 8133 3267 7733 6444 6441 3732 4838 6593 3951 
3422 5515 8895 8868 9127 120 4603 2307 8191 1644 7560 5401 3378 6938 4695 3668 4118 9825 5951 8511 3352 2182 4100 8168 1687 1608 7420 2979 3090 6744 701 2300 8824 3865 2556 2908 8869 814 9491 1248 2515 6895 9718 4360 2382 9798 2166 6831 8552 3159 8679 3616 2052 859 9839 1076 9405 6629 7414 1065 2459 87 8879 5424 220 2774 1992 715 1904 294 9879 5548 2935 9161 9612 5330 8090 9425 9741 1803 8531 6690 4748 7189 1929 9609 6895 5304 7401 1447 8432 4477 9481 6820 9637 9620 7846 7182 654 3293 
2008 1175 7595 8104 2697 8420 5888 5291 4157 7851 6317 6836 4059 4187 1748 937 272 8627 4987 3202 6186 2368 761 8398 8827 4049 7265 92 6472 4686 5273 8053 4983 6230 5252 5723 4578 2308 5474 2632 1270 2262 6577 9087 9671 2074 552 2975 6401 8263 4618 1031 5803 3358 2969 9419 2200 4040 1836 951 5399 5539 5863 8812 8665 8387 6241 9116 886 6116 3579 7146 7148 5001 984 4620 4433 9433 5315 7823 1666 9024 7071 8955 5825 6034 1905 5538 8334 4213 9202 5212 8458 2649 5720 5793 2922 730 4736 2901 
3462 2793 3692 32 6542 3565 5781 8403 1943 7999 3471 6407 9452 1573 4410 1045 5359 9675 2701 6156 2994 7145 999 4798 4013 1582 1418 5625 9652 6502 5693 5602 3675 2942 7585 3898 1231 611 2994 4312 329 2166 5738 6060 5171 6728 9481 5278 3040 1211 8767 2085 8978 569 4642 539 4957 559 2815 1346 2784 9098 4846 9650 2429 4825 5310 2755 28 3949 429 5130 2250 8985 6113 521 6268 5466 5909 3538 7037 5232 1797 5538 6112 7375 3328 2169 8717 458 3050 2397 8278 2073 8714 1381 156 4358 5202 2023 
8777 6547 1673 2544 4899 8160 1875 9936 2220 8918 8103 1614 5047 3982 1766 138 1257 5609 6035 8329 7248 4812 8542 4626 4127 9136 4595 1039 6820 5113 3874 8525 352 6528 6096 7150 9998 2054 3585 855 4535 8371 1253 9203 4303 7363 6929 914 8301 8471 7523 6567 7040 9813 8993 288 355 4153 568 2772 1919 8321 6224 495 4659 7174 8847 8447 3800 5685 5084 6238 6751 5270 1328 9906 1564 2932 3822 4298 8168 4321 8333 3338 9111 4306 7383 8044 9014 1146 5496 4635 4478 2867 5428 7567 8636 6919 858 4844 
7090 6727 3494 5447 4438 1215 5081 1233 3124 5902 7265 8133 8810 6673 4786 4001 9012 9793 9977 2961 4192 4294 9020 8592 3057 5292 2946 788 6252 9358 8842 3652 5184 5513 9221 4253 5198 7962 44 4598 4806 9144 356 1664 5211 4197 8987 2822 6824 435 6319 6512 2005 7932 1563 509 5745 9795 8518 2606 8505 3237 5293 1092 7930 5027 5948 4832 8663 7425 4532 5323 1967 3184 4476 5545 9387 721 8818 2974 7161 3046 9236 6578 601 6550 4331 160 162 8230 164 6877 3427 2463 8485 2289 9707 915 643 5768 
6497 1673 7640 2634 9491 6204 9286 1836 384 5227 7947 6536 9167 7098 4834 7443 159 4796 9310 1227 3461 106 4187 8865 6080 6096 2475 1275 9424 1475 3554 2048 2395 2930 9244 9665 1798 4042 2731 4001 4279 1854 5821 4494 6518 4718 2502 9801 2891 7473 9268 1295 2326 2592 5172 5238 8558 8355 7101 988 522 7663 8209 5070 2084 3579 4 3456 2836 193 1034 6912 4183 9900 7667 6737 7420 690 4910 749 3038 9541 7751 1857 2970 510 5982 4070 9985 8613 7981 3274 975 3091 1420 2633 3320 6158 1357 4953 
6085 5809 8700 6848 235 3815 4494 2065 4611 2454 8008 3792 6874 6115 9091 8314 1139 6339 7764 4844 6518 1399 6517 8883 3285 4028 3276 8946 5894 3359 5524 9008 4557 9697 8518 1493 9607 3207 3095 8181 5361 107 1029 8841 2702 2469 8399 9970 2112 214 9947 8446 1343 6401 9888 7471 4487 9399 7152 4623 1624 8035 5508 4380 795 8321 1554 9938 6503 2842 6041 1694 1470 6402 6486 2214 860 4030 1567 36 695 9928 237 7170 4679 8461 1058 7601 6148 783 9702 6684 4362 3190 5091 3733 6871 5800 7159 2679 
2155 2639 1684 8122 9270 6747 174 6632 3712 6384 5268 5632 1229 929 4626 4716 3777 7577 8771 6745 4365 2418 859 8556 9991 1989 8837 3639 4393 3911 2962 1619 4830 7676 4160 1888 9624 9208 1169 1227 5659 5271 6958 7780 7585 6320 7385 6191 2916 8905 7552 1276 9767 1197 3842 71 6425 7751 2091 4575 4496 2085 4877 69 9825 8185 3385 6318 7926 4506 1827 1535 3128 6588 4872 1412 3164 6863 1065 8106 3410 2756 7707 6478 7513 6671 5148 7468 3608 3950 981 925 7847 7413 7095 2742 9466 9557 5055 3650 
4102 6019 7788 9496 4582 6389 8027 5364 900 973 6502 8380 3601 4598 5324 6538 7296 1044 4556 3393 3518 4218 2415 977 4647 4637 2091 5762 3113 2336 649 5024 2608 9780 7971 3460 511 884 6223 2379 3258 4725 2809 6340 8865 5053 2272 4550 3336 9179 5127 6897 161 2343 4081 6929 4624 6160 621 6656 7157 2225 7426 488 2434 4481 4576 8181 3440 6438 40 9106 2233 1847 7384 2714 1607 9903 6201 2517 4389 8594 3201 3438 9576 2269 4450 4883 7041 2040 1722 4358 5019 82 8427 8996 7097 1466 3087 4820 
7922 9574 837 6101 9352 3724 5903 9642 1265 83 542 1343 3738 9463 8402 4880 9833 8097 2774 4846 690 9988 2712 9210 7152 1921 2474 8407 4649 4740 2266 944 543 6970 758 7825 5675 9399 2326 667 4307 1686 4508 844 9200 4618 3633 9492 1035 4083 9085 735 3896 5376 9190 2957 1041 8914 4170 5489 7670 960 4159 527 9920 5462 2726 2646 1790 5569 8892 738 4233 5961 3093 9738 3122 9545 5081 1953 5312 4640 4199 369 4513 1230 5036 8754 1200 7385 3900 5914 3276 9443 4090 3949 6701 2039 446 2838 
7818 6589 6122 6212 1574 9313 7072 5650 2384 2389 2211 3344 6830 4337 9710 5477 9928 8232 2414 1159 9176 8820 7829 4260 3108 2159 668 7994 3567 3849 8405 4582 3411 4470 2819 4852 3892 3304 3002 5114 8394 3947 7771 1155 1783 7899 7995 1692 7058 4720 1765 6138 3547 9858 7906 4013 3344 3737 5781 5856 5226 8196 1868 7965 7754 8877 6068 5825 5781 4649 3219 3567 7095 7677 7791 9280 8397 209 2212 8553 2353 6689 1814 1062 9922 2293 1857 7565 4690 1459 4598 7133 8422 2540 6886 6978 9559 7134 1232 9708 
8865 5224 5844 5353 8958 9690 1581 8022 6931 6303 6300 9507 1794 7791 9567 4711 942 3078 3192 6212 2384 5268 5571 7829 1928 4495 288 9523 7074 4220 1958 8481 1801 2059 4775 3724 8987 8755 1732 4087 9672 1376 4980 1905 890 9334 311 7267 6279 4321 1203 158 6195 7757 431 355 6548 1836 9684 7403 8075 2772 173 5531 276 7340 9695 837 6717 6296 4117 591 941 778 3754 7008 4686 279 7613 323 2634 3287 961 8515 423 4182 4192 3528 5117 2489 3468 6331 9871 3079 6087 5653 7008 8408 6067 7754 
6215 6393 7890 7052 7090 16 8903 9978 7754 7248 3323 6874 3743 2396 3319 9297 3901 2449 5148 2572 2503 4540 812 5924 9301 3091 8189 5047 1747 7764 5133 4445 6077 5785 5486 9399 6500 4752 7494 9888 4201 4517 7572 1323 370 9225 4912 9428 9992 3126 4877 9117 5604 6229 1672 9708 2737 8412 3251 1317 1274 3062 3920 9786 9432 3864 2623 9963 9586 807 7370 9715 7662 4017 8772 9481 312 6507 8156 4737 6590 9432 8234 1198 3349 5955 6784 5111 6079 2302 6325 3478 9401 7113 5233 1558 3941 2680 8297 7484 
8793 4154 7160 6341 1307 5338 3616 8562 8398 2132 1248 9958 6120 7246 3358 3257 6699 2270 7665 3471 4762 5677 744 1948 6973 7885 7660 6451 1794 6938 4789 7106 8597 927 6270 558 7832 5724 7077 7188 6486 9145 8165 8734 5539 5102 1669 6143 8646 3884 6614 30 3750 7112 8124 8551 1862 8502 5570 59 9714 4001 7657 382 5506 7411 4890 7061 9469 77 2412 5388 3466 5748 8669 3611 6336 4190 7867 7111 4213 9663 6710 3939 7539 2835 8361 6519 8976 7243 9114 6881 8954 3888 5744 5269 8057 53 3990 4451 
7979 954 1158 4596 5261 5299 8298 6043 4529 8356 9936 9821 455 8629 1815 8252 156 6732 9632 489 252 7546 4223 326 5300 9271 1173 6131 6823 5451 5322 5239 4656 8569 3132 7652 4823 6313 8376 6391 669 4103 9138 4340 6457 9961 6571 9931 5160 344 8397 6505 4659 8002 2609 2706 9068 5484 9347 3739 4403 363 1420 5839 322 790 6434 8803 2136 2461 6006 3921 9838 590 18 7143 3336 2994 6401 9844 5639 2869 9395 2017 8195 2360 1766 5242 5104 511 8952 5268 5431 1701 5597 6571 5333 3146 7445 3703 
4216 2569 4072 6806 1648 9631 402 1107 4240 7218 7511 2764 4216 1163 5647 5881 3893 9526 4969 8058 2788 4998 1954 4302 6570 6535 1948 1663 9575 8817 827 9410 5109 620 1239 2123 245 5700 1398 5520 4350 2280 6886 7374 3042 9734 8456 8360 1814 3560 1275 186 6029 2243 3602 830 6515 2090 5351 9248 2467 8643 9522 4390 5893 5754 1956 5860 4304 5923 7392 6074 875 7985 2294 6258 3799 750 7406 1122 9051 3680 5522 9566 3269 8202 2424 1247 5992 5747 1463 1367 2957 1118 4755 8516 4678 2266 6450 2906 
7031 83 6056 4867 3057 4291 2283 5910 7704 4034 361 7243 9730 4261 8328 3041 7480 1487 230 8354 7760 5044 6724 3966 9526 2393 6032 3064 6603 9609 730 7060 6165 623 8341 403 2170 1315 6183 6730 5502 7066 3468 1202 5007 4831 6093 6362 6166 3367 2113 1359 6607 7676 8354 6895 184 6277 1139 720 3841 2391 6588 1025 3974 2636 8477 7593 1518 9330 4106 3022 7469 4980 1155 8889 3069 77 999 4186 1362 7765 6445 5877 9353 1492 4355 3916 2475 4232 6145 5573 5594 375 1596 6412 7260 3878 3980 7755 
