500
-23326 10386 7651
31849 -18496 27706
16498 28629 31775
-18709 28859 30343
-15741 -19056 12669
10578 29437 20157
254 -3033 3800
-1859 8186 2517
-9865 -5188 2083
27478 20299 10628
16188 11087 16997
-17096 13043 19923
-28626 13731 15223
-14380 -21720 27667
-17516 17416 2226
-27919 -22611 8087
-22424 -14655 10302
-9858 -11853 20880
-11839 -14180 16065
10569 -30595 10722
26439 29034 18992
10047 28239 21444
-1826 7087 30523
-27135 21532 6812
-9365 2304 416
-9935 5794 8392
8322 15481 1423
-5162 5317 31734
29007 -3248 3035
-30416 19570 23191
-5028 21353 27933
25060 -31926 12906
19066 575 2952
-26368 -5211 27092
-19405 26818 7757
28701 20358 18469
-16189 -11337 11111
-31069 27391 27768
-23889 29496 24478
24986 31246 25503
1858 -10765 25914
2012 -25397 17726
25051 23306 23561
-12786 -19561 18268
25881 12050 23736
12385 -19189 11007
14529 -14665 29513
-29657 -23829 18978
-13635 -4824 27848
-18216 -4241 24665
22027 -18238 20696
15128 -12071 13613
-2326 7323 16249
8464 6050 19523
-1004 29848 26297
-30166 -1008 31252
-12572 -1266 12902
-24435 28959 14719
-23741 8981 25957
26506 19778 3444
6198 9646 10876
-29464 21567 22525
8241 -6202 8552
-31206 -5001 30108
-5496 -30692 23893
4628 2201 1952
-15001 -9648 10632
8355 -26357 22466
-23863 26564 26787
29440 -6815 5633
-30928 -7642 27022
22807 30749 5504
-1215 993 1362
-16466 -14089 30491
2143 10489 14066
-23752 22013 2465
-9024 15623 24163
2112 17214 18685
6508 -262 22042
31340 -27806 31881
-23671 -27804 20645
-21247 14066 15340
-25639 9851 21222
29950 -5664 19620
14124 26000 2258
-11787 -24422 17554
13895 3806 18097
19361 -3194 12482
19179 9267 10930
23291 -10681 17192
29212 21372 10247
-2959 27139 31814
14043 -7874 27461
10751 -21060 11957
-20959 -27284 8383
6970 5701 1661
-25504 26124 12321
-687 -7877 23244
11279 27083 10030
8543 -13841 1948
-18630 11309 31357
-19295 -2175 7272
-21667 17531 9374
-20982 -16234 17194
-325 3874 10901
-27229 -30144 2005
30287 10737 7766
22544 28461 23254
30041 17363 18790
-14347 25747 28344
30866 -17148 29380
18737 27780 14595
-14525 -13558 23792
20025 21949 8112
-26769 14436 26523
23826 572 30605
6422 2230 13930
6395 6333 1305
4567 1438 15112
29361 -21457 23427
23147 -15806 18223
-5530 1007 17142
28501 7253 20796
3483 -23402 25831
14425 17605 327
21580 -27552 5380
22319 28833 244
3754 1001 29613
-4450 -22439 16585
1165 29937 2424
-17994 13861 6078
-25447 16351 17027
642 20564 14982
-11672 13321 30704
24089 21992 7975
10034 366 19750
20284 20668 3502
-20551 15071 29849
-26699 -8848 6415
23642 -24521 23871
-539 11185 12403
18858 5668 10130
21050 -6096 27593
21198 -13752 27422
16813 -3045 18885
-6425 11291 18689
23708 28870 11976
14544 7582 20932
14201 14176 10673
-14889 4821 29048
17706 8221 1034
-27254 -23226 21513
-2412 -13198 21001
15330 31157 402
446 -21772 10609
31870 30348 10983
-17772 -31502 7508
23375 15847 9190
-13980 -14124 11450
-15692 18718 20515
-4827 31159 31532
30659 2028 11449
16751 -19462 29406
28676 11666 4317
16086 -27008 18321
18912 -23321 18449
19536 27716 1767
-22732 3621 16847
9371 -4836 18639
22296 -811 4107
-11994 -24164 26267
22080 -12240 56
24618 -7997 12286
-9419 17235 22687
27504 -26880 15247
-31613 -16081 31163
-25651 -20228 30023
20382 -13024 31277
7863 -16496 15462
4893 5312 1464
-5906 -18998 2399
31463 -29449 7550
-6992 -13370 30055
15432 29070 8666
1761 1382 31990
29095 27901 1302
8367 2897 11189
21243 -12415 1260
-30666 -15781 1539
-2512 -8104 22280
27089 -3428 27819
6798 5673 5420
3874 27457 30510
21272 -223 26777
-15916 -18033 13143
22199 -27453 932
-9165 12258 4536
-31943 -18093 17526
26867 -30320 8190
-866 -14400 24662
-23306 -15850 26284
1037 -27158 23359
12223 -18109 2076
13397 19002 47
-12107 19730 28225
6671 -10294 21158
25674 -2273 13409
14969 2114 15119
-16908 -8065 27803
6421 30885 30584
4766 25690 9358
-17337 -27293 19564
11732 -17127 17517
-10448 -3970 12082
19169 4143 2867
4333 -14000 31312
27923 -2777 26410
-12007 -15628 6677
24585 14862 4540
-8360 -11496 31149
-23375 13181 1457
14269 -27647 4044
-28529 30646 25667
-29613 9687 11876
17160 15993 29366
11482 -433 25364
13574 -30001 16918
-16587 16441 16484
-2978 -4975 19285
-19635 24014 19455
1280 15861 19187
3047 7373 7870
-6989 29417 22910
16399 31663 10688
20772 19417 11095
10133 -20102 28581
-23328 27281 8504
5981 -22662 17190
-19996 25951 1646
28606 -4848 29089
5048 -20520 25322
26669 -18098 1816
-29513 7780 28543
-15358 5712 31096
-14249 4953 6938
16480 10766 30413
13883 -22763 18660
-20639 23135 20376
1333 -7388 5985
-18749 2702 19856
-5580 4724 19166
-19900 2302 27639
17986 4800 28795
-22929 25975 2379
18111 2826 3809
-761 -12421 31936
-4461 -693 22448
16763 -9218 16668
-16207 -14516 2859
-10395 -6207 1087
23779 2958 30730
1438 -994 24255
-17031 -8764 1199
-18579 7012 7647
-1922 29752 31490
-13891 -3714 1676
25473 27516 17079
-22174 -5855 14898
27335 12570 31910
16363 31390 14926
-28059 25019 14024
-26036 18354 23375
31227 -30552 14179
5103 11910 26681
-5904 -876 10398
-31380 -2728 28423
7781 1405 4072
6348 -26733 26812
-20155 -8613 23126
-18567 1045 15284
-27752 -9160 30937
-20905 -25975 28674
28192 20086 2071
-23339 19172 2217
-7702 -26512 11588
6245 26520 25678
-29044 28838 15563
-5481 -2829 22149
-7481 -3061 14604
29593 -24197 10646
-29689 30275 27596
-24934 48 5354
-22760 22721 25530
-30122 23893 8446
-30871 17780 23167
-8331 -8414 13669
-7345 -3055 5495
28893 -11658 16406
11147 2290 30281
27016 14438 4736
-2734 -25489 19726
26668 8118 11011
7930 -28843 11108
-23294 -27960 8778
17635 5878 28470
-29301 -14209 27386
-22336 30075 18800
5386 21334 8408
22456 23394 28828
-25741 -959 6050
4752 -18930 457
-11539 -22699 3963
-12074 -19804 27989
24751 26473 5460
17222 -26452 10758
-11635 -13689 18873
3444 -1340 8374
-8857 -27254 10835
6950 -22591 8745
18390 5282 31567
26608 -18574 21181
19449 -29986 17754
-10303 3224 18258
-12916 -8348 20398
538 9977 8846
9285 -11319 21048
-22043 2471 533
28205 -26834 28110
-25501 -8215 20900
16478 -17535 27458
-387 -3159 11456
29242 14472 332
12848 -22982 23739
-13253 16781 26589
19415 -22408 7967
3497 -14470 24599
13281 21808 16794
-6566 -26572 22637
20262 27984 20128
22728 12841 4415
19409 27084 23618
-7687 -23404 13395
5299 -14237 5343
-20641 14472 18837
28625 -2032 14364
-21553 13180 3049
17829 26712 21233
-24752 -87 2094
-23693 -31270 16185
-25884 -11589 15246
-27962 -17735 17672
-25984 15732 9740
17313 6308 4027
-3193 1798 16950
-477 20181 28473
-6052 -21951 9833
25804 17391 4337
-19738 4379 23579
-15354 21286 15238
22444 -31178 1649
2367 -3938 20176
21591 -1712 23915
-14308 -6731 31856
1043 -11058 24425
21463 21005 2232
-548 -28363 11306
-9157 -25450 10165
-10000 -30854 10638
-31827 31277 2249
-7716 -6296 31642
-30042 9203 11262
-2564 23740 22307
-30728 1638 13351
-2388 15438 6618
-16820 21943 2976
-1957 -11870 8833
7602 2446 1785
29408 24277 26770
-4665 14180 23998
-21650 -14825 24869
-23230 29112 2558
22516 2273 24804
21166 -5868 3159
-10438 5343 30720
-22857 14125 31489
13143 -15463 19691
26358 29999 14370
12948 21686 5772
30172 2627 22164
-7591 18994 18060
-14607 -800 27723
-29200 624 25459
4018 -23437 4296
-2043 -27557 11359
1205 30677 17237
-24043 17543 24254
-16506 -19614 11993
634 -24056 3305
23658 29259 13770
-31120 -1793 31196
-10682 1325 18431
-8774 14502 10108
-175 15082 19580
19299 30975 8446
15678 -30778 9437
-15742 -1923 15987
25091 19085 29049
25425 -29156 31376
27116 918 28473
-8139 2898 2458
16060 19554 24058
-8289 16290 20686
19716 6221 1527
-27306 4089 17904
-21721 -27261 12523
-29809 -12066 5056
11605 28415 22416
-31065 -27385 5934
-26227 6528 26578
-17629 -17993 12828
-28225 20349 26987
20329 9534 15010
-2608 30190 4930
-1313 31643 11217
-31790 13079 733
-27696 14563 11873
-13028 13166 3852
4524 8972 31556
325 -13925 16305
15146 1958 1230
16306 25944 5347
5800 -6967 19074
20723 -20009 13439
-8764 16705 10241
31931 -16025 6961
-28894 492 9697
27261 -15002 9787
3353 28021 16273
-17273 11667 29751
-20580 -23815 28393
-5575 -14326 31152
9033 1175 443
-8676 -8566 8917
26370 -3544 7534
5027 -16531 17628
6003 -19383 29442
-23677 14810 19580
-17932 14325 31801
-794 25717 2154
-2342 -30587 20135
6339 12622 18227
17509 27457 8115
-18255 30220 1967
31623 -17993 1449
-5160 -6767 16300
-23481 29948 11098
8699 -21602 31460
-19642 23281 38
-15188 29838 10455
26284 20923 2570
-5662 -22014 12954
28839 18939 28228
-15768 -14168 25964
7425 -25056 31572
-28602 -31686 9871
-29708 -5806 20750
-6652 7232 29784
-23354 15237 13423
-18348 9131 30811
-29003 -18225 22744
-15215 11165 21774
-29058 22723 18308
5785 -1996 5044
-22849 -11758 11558
-2554 -577 12577
-17635 -22134 23900
-26413 -18728 25896
8792 -20385 22810
9243 -29928 20648
-3643 -19663 14504
-24544 -430 6553
17790 -8685 11252
-26375 8130 4944
26648 -4517 5245
-19784 24906 12762
-13107 -28579 4896
-27069 305 9775
31710 -31389 25779
-19755 -13691 16948
2846 6230 30936
9547 -29206 6300
-2226 4091 10035
28915 25034 2225
-11436 -6856 3941
-4119 3150 11186
-22582 2262 26492
-28651 -15667 8823
11369 17855 30840
8146 9205 14928
16708 19155 11486
