39 358
26 12
3 1
21 11
17 2
12 2
28 12
8 4
15 2
32 2
39 8
35 17
22 21
36 14
12 6
36 5
30 10
39 6
23 17
13 3
9 2
23 16
9 6
37 30
36 34
28 15
36 18
19 7
3 2
35 33
39 31
28 27
7 4
14 5
19 10
19 12
32 3
22 7
16 11
13 6
24 7
16 5
35 9
36 19
30 9
36 6
28 26
25 6
12 9
10 1
34 12
14 12
25 18
18 17
38 26
15 6
15 7
33 21
15 9
30 14
18 12
25 4
32 15
22 2
35 2
30 18
30 17
21 16
28 1
26 17
16 15
25 20
15 13
23 11
30 21
9 5
17 15
34 15
30 23
29 5
22 3
32 16
32 23
39 17
26 5
18 10
15 11
13 12
21 3
32 30
32 17
25 14
23 6
31 3
38 13
23 10
14 7
19 2
21 6
5 1
26 24
21 10
21 1
38 15
31 19
35 30
37 21
38 2
39 29
23 19
35 18
9 1
35 3
38 34
17 9
18 5
22 9
39 25
37 20
12 7
37 28
17 4
23 1
37 7
26 2
15 8
39 10
31 12
20 11
5 4
30 11
20 3
31 21
26 4
37 14
8 5
23 21
24 11
21 2
24 5
23 18
29 23
23 22
39 13
23 5
24 12
24 14
14 6
27 23
25 2
25 3
23 3
8 3
25 7
32 31
25 13
37 2
14 8
24 9
15 3
9 8
39 23
28 3
19 14
36 20
36 8
26 14
22 19
38 5
26 23
23 8
28 22
28 7
27 13
27 15
33 2
14 1
33 19
28 18
27 25
27 26
38 35
15 10
28 4
29 7
39 30
33 7
18 3
29 13
32 4
36 22
35 31
27 1
34 1
17 5
33 6
33 18
29 28
16 7
2 1
12 4
29 12
27 22
29 14
34 21
24 8
29 6
16 13
30 6
14 2
11 3
31 1
31 30
31 24
5 2
16 6
4 3
29 10
33 10
33 22
18 11
37 35
22 13
28 10
14 9
31 14
34 17
23 4
25 19
25 17
38 20
37 27
5 3
34 7
37 6
39 9
11 7
24 15
32 10
13 2
13 8
20 16
32 12
22 5
33 30
25 16
19 1
30 29
6 4
23 15
29 17
18 4
18 14
37 36
33 20
37 9
32 24
39 1
39 38
33 29
30 13
30 19
38 7
34 2
34 4
35 7
34 9
15 4
31 16
38 19
33 9
35 29
28 8
35 1
33 27
24 23
34 13
35 8
36 13
30 20
17 16
32 26
21 12
35 20
35 23
22 17
36 26
37 19
34 26
13 10
35 32
35 13
37 11
18 15
12 11
24 13
27 3
36 15
17 11
37 33
23 2
15 14
4 2
13 7
22 4
24 3
12 8
28 14
11 6
37 10
4 1
28 5
18 1
7 2
39 27
37 22
35 14
39 12
38 16
16 3
32 20
38 6
19 4
11 10
38 3
26 22
33 25
18 7
38 10
19 8
31 15
29 4
37 29
38 31
21 7
7 6
27 20
38 28
36 32
38 33
35 25
38 18
30 7
39 3
33 31
33 12
16 12
28 25
11 8
38 25
18 9
39 20
27 16
22 11
6 2
19 13
29 20
35 28
25 11
