45 499
33 17
44 28
29 8
16 10
40 22
42 10
7 2
29 11
37 31
44 10
40 18
9 4
32 12
19 6
37 8
32 21
43 37
20 15
35 8
27 6
41 33
20 1
29 15
27 22
40 29
33 3
44 2
25 17
33 11
44 5
45 18
35 19
12 8
40 12
13 2
36 17
44 15
43 39
13 8
32 19
6 2
26 4
33 31
18 17
38 31
22 21
8 2
40 2
31 20
39 38
15 5
32 11
16 4
34 5
30 22
19 2
38 1
24 11
10 6
25 11
31 2
30 13
44 25
36 9
28 20
18 10
26 21
17 3
30 4
45 33
3 2
16 9
32 16
27 14
41 4
41 27
27 19
18 2
12 10
43 17
15 12
19 11
30 3
17 1
24 7
41 38
33 21
31 13
44 16
20 18
22 5
13 6
19 17
36 24
20 8
20 9
10 7
23 17
44 40
36 16
44 3
21 5
9 7
37 11
40 21
38 37
13 10
31 22
9 8
38 2
22 7
39 23
22 15
38 15
29 14
22 19
42 33
26 8
42 18
43 12
38 10
23 8
8 6
28 16
21 11
23 21
13 3
41 32
39 17
28 8
20 12
36 18
44 30
35 34
24 14
35 6
43 14
39 36
42 32
42 17
25 3
25 6
23 10
43 4
45 20
33 20
44 11
34 33
44 4
12 2
42 16
19 5
40 23
37 21
26 1
30 18
31 28
38 24
39 25
41 14
42 7
31 27
27 21
16 2
41 36
43 25
40 35
38 7
45 17
24 19
26 13
27 12
40 15
33 1
45 26
22 20
45 5
37 10
30 26
27 26
31 11
27 9
28 6
25 24
29 16
32 3
17 11
28 12
40 10
40 38
28 17
24 20
28 22
28 23
28 26
28 27
40 24
37 1
41 34
29 6
38 11
44 39
43 41
40 8
39 9
13 5
39 3
25 21
11 5
41 1
39 24
29 24
29 26
30 1
30 2
45 39
24 10
41 31
30 10
28 10
41 19
24 16
31 19
29 9
30 21
12 3
30 24
15 1
34 24
30 28
42 23
29 2
31 6
35 25
29 7
27 24
36 1
38 5
33 22
25 12
21 12
31 21
22 2
39 27
45 7
40 16
45 12
45 19
15 6
21 15
43 10
18 9
44 19
45 37
21 18
6 1
21 4
34 10
36 32
25 9
38 12
17 8
33 6
34 29
37 22
32 15
34 30
36 11
33 16
45 43
37 12
33 24
31 9
23 1
11 7
14 4
9 5
41 25
36 21
18 5
35 30
34 16
32 18
34 21
34 22
35 12
43 5
22 4
14 2
34 31
9 1
35 5
42 3
22 16
35 10
43 1
12 7
45 32
41 37
35 27
32 23
26 5
31 12
36 7
19 1
34 23
45 24
42 35
43 31
40 30
27 2
36 22
30 17
42 2
44 29
32 13
11 3
6 5
7 3
43 8
28 14
41 6
14 8
29 3
27 1
18 15
37 34
28 11
45 8
12 1
15 4
43 20
38 9
44 23
17 16
42 37
30 19
19 7
23 22
38 22
13 12
38 26
17 5
15 13
33 12
42 13
39 15
39 13
26 11
23 3
17 15
39 18
11 6
26 17
28 2
42 20
44 1
31 24
39 34
42 38
27 18
43 34
31 7
45 1
26 24
42 34
4 3
43 2
8 1
40 17
8 5
39 26
25 23
33 13
29 1
16 7
7 1
19 15
23 7
40 4
38 13
30 27
34 3
24 15
22 9
39 20
33 14
27 7
42 4
41 21
41 24
26 9
25 18
34 19
24 2
44 43
10 8
17 4
42 9
24 6
37 17
36 26
41 8
16 13
10 4
36 35
11 2
11 1
25 13
16 14
18 1
29 21
22 18
31 1
29 22
25 22
25 16
14 10
39 14
45 16
15 10
42 40
14 7
29 19
43 3
18 11
41 5
41 39
19 16
16 1
41 17
28 1
43 16
35 24
43 22
29 12
32 25
45 13
45 30
24 12
38 20
40 1
31 16
36 27
17 2
44 41
30 16
44 32
10 3
37 35
44 13
44 6
44 27
44 8
24 9
25 14
41 20
43 40
23 19
44 14
20 17
17 9
16 6
43 29
42 27
41 9
42 22
28 7
34 1
14 5
44 35
43 6
32 24
44 42
26 10
24 17
30 5
14 9
38 30
45 10
33 9
34 4
45 14
17 7
27 13
44 17
15 9
32 22
45 21
36 12
43 23
45 27
32 2
43 42
43 21
33 26
21 7
45 40
27 11
