67 1083
4 1
12 11
39 23
44 34
59 13
52 12
7 5
52 8
23 2
41 4
44 20
52 41
45 3
56 15
46 27
41 6
55 11
31 13
29 11
30 13
65 3
43 2
52 34
66 13
14 13
67 64
60 38
53 47
32 13
51 38
49 6
43 24
12 7
13 10
12 9
62 39
50 38
64 9
63 36
16 5
44 6
31 3
34 30
45 8
63 39
14 9
66 2
63 14
59 24
53 12
15 4
57 50
60 20
51 20
23 3
29 12
24 6
22 17
51 16
16 9
33 17
16 11
60 1
60 37
49 34
67 54
52 42
17 9
17 10
31 14
49 20
13 8
19 10
23 22
50 17
49 17
18 5
64 35
40 30
35 11
38 36
26 18
36 4
44 41
46 10
37 29
59 5
19 13
54 35
38 23
48 18
66 20
67 59
20 7
20 8
28 12
51 45
30 25
11 2
65 56
21 3
28 20
67 43
62 9
67 40
27 18
66 40
35 5
38 22
21 19
43 9
34 10
35 25
22 6
22 8
45 25
23 13
56 42
58 5
63 11
22 18
56 45
53 52
64 43
23 4
67 19
40 35
47 28
54 41
54 16
49 37
58 19
40 38
58 15
67 41
52 30
32 15
20 3
24 12
52 9
54 11
66 54
24 18
66 32
30 9
25 3
9 7
25 8
55 28
48 39
18 9
41 30
25 15
45 31
52 44
53 11
17 1
54 53
43 14
44 12
46 24
26 8
64 25
28 22
26 14
56 30
47 15
53 10
54 4
26 25
27 4
48 7
34 7
42 11
64 30
61 22
46 38
48 23
29 26
30 23
22 11
39 1
59 23
21 9
28 15
58 14
50 2
19 7
50 37
66 61
51 13
28 24
64 1
55 21
43 28
62 14
16 2
29 13
35 15
45 6
57 10
46 23
58 53
65 25
60 17
30 3
32 27
66 62
66 27
39 24
67 3
30 11
24 15
28 7
46 22
19 4
54 30
54 1
36 7
27 22
67 35
24 10
31 2
66 45
52 48
45 41
61 23
64 13
17 16
48 30
63 6
47 27
12 2
66 47
59 30
47 1
54 18
59 54
48 12
41 37
44 19
49 8
45 24
34 1
9 6
50 11
50 9
39 25
56 55
58 26
39 9
65 23
54 12
55 25
33 3
20 17
61 38
51 43
21 17
63 18
48 1
33 15
52 11
60 56
52 46
9 1
49 16
37 26
33 31
66 58
36 20
27 6
32 30
19 16
34 15
58 24
58 1
34 20
53 43
34 24
49 23
29 21
56 50
59 14
35 4
33 11
12 5
49 22
54 37
35 13
29 14
59 1
35 19
19 15
63 62
44 15
51 8
30 24
60 10
36 5
62 10
43 23
60 13
36 15
45 34
28 19
65 1
36 9
17 12
66 65
37 18
56 9
49 31
60 57
36 28
57 7
49 10
20 18
25 19
39 14
37 36
53 6
21 5
36 22
25 13
42 10
56 2
57 47
37 10
57 1
62 11
41 39
41 28
42 28
56 47
38 5
38 7
48 8
67 22
67 34
59 21
64 52
38 18
30 17
65 37
30 2
63 30
51 23
38 32
57 35
15 12
31 4
28 14
39 4
39 5
39 7
60 2
53 46
39 27
64 39
49 3
39 18
39 19
55 49
62 5
33 12
47 8
67 42
59 25
67 30
63 49
24 23
67 1
50 12
38 2
59 41
39 28
34 18
8 1
60 59
40 22
15 5
40 26
49 14
8 3
66 3
40 32
59 46
40 34
59 7
40 19
34 8
54 33
65 58
11 9
63 54
61 20
20 11
54 23
20 5
32 5
31 30
41 26
56 35
33 10
49 25
29 27
62 29
62 27
63 40
42 2
43 22
46 19
47 6
50 35
60 40
63 28
42 15
33 26
42 21
65 16
42 24
10 9
53 8
4 3
63 25
42 32
50 49
61 1
44 18
37 19
11 3
48 5
64 2
36 27
26 3
43 19
33 5
13 4
42 30
55 51
58 44
65 41
43 29
43 30
63 23
56 36
43 39
33 28
34 19
61 44
42 25
67 36
23 15
33 30
39 2
48 34
49 24
11 7
63 51
24 2
64 62
65 39
62 12
55 23
29 18
61 60
39 12
39 33
55 12
26 5
41 31
64 36
65 48
14 4
48 45
58 23
45 18
66 55
26 15
65 6
40 24
45 21
56 3
45 29
57 26
51 15
54 26
66 36
65 61
53 51
17 13
57 3
45 44
48 36
52 28
25 18
52 35
40 3
40 10
46 15
46 17
57 17
30 16
60 6
32 9
56 4
54 45
46 34
47 45
48 10
29 10
44 10
17 11
62 51
18 6
63 4
61 27
47 13
26 6
60 34
64 58
61 24
48 25
22 14
47 31
40 17
5 2
23 7
66 50
60 26
51 1
40 14
57 44
38 12
32 1
48 15
12 3
54 48
48 21
8 5
39 15
36 2
10 3
37 11
30 10
48 35
50 36
49 30
64 37
27 12
40 13
55 54
30 7
46 45
32 7
22 21
31 7
44 26
60 9
14 5
37 22
23 14
18 8
27 20
50 29
29 7
42 36
41 13
42 27
32 29
53 41
44 40
32 17
50 23
52 50
64 60
21 1
31 5
49 46
49 47
22 3
43 1
50 5
24 11
38 29
60 43
22 5
40 7
65 43
65 34
54 20
31 10
50 22
65 47
25 11
49 29
51 30
56 53
50 32
58 10
35 21
39 32
67 31
64 41
62 13
60 11
50 47
36 18
57 54
37 28
57 15
29 20
28 23
19 8
49 44
43 31
64 53
49 40
55 3
38 4
58 36
44 14
51 34
50 27
34 23
58 55
47 3
38 25
46 2
51 46
51 49
21 6
42 18
58 3
56 13
52 10
60 4
55 16
24 9
31 23
64 14
30 14
19 11
46 3
21 18
53 9
45 23
37 14
37 4
50 44
57 22
60 44
51 18
42 3
50 34
32 25
12 1
53 18
53 16
61 29
36 13
67 8
64 61
58 47
41 29
60 21
18 16
15 3
63 10
53 14
20 19
53 17
67 65
66 11
59 8
5 1
53 39
21 16
53 42
36 23
33 21
31 16
54 32
32 28
53 50
45 43
66 59
35 6
66 37
66 44
50 46
52 19
11 8
45 15
30 21
31 26
17 14
49 12
65 36
67 37
54 28
54 29
30 18
54 51
43 42
60 23
52 36
64 27
58 54
39 26
47 7
54 9
53 1
54 49
67 45
61 28
15 6
56 48
67 17
55 6
41 5
25 5
43 5
67 48
41 12
48 44
57 16
52 7
32 8
58 2
67 56
51 3
55 38
67 62
37 7
7 4
57 11
63 44
54 47
17 5
60 53
14 2
52 26
56 7
33 2
38 8
24 13
59 18
61 19
56 18
56 22
62 18
41 22
52 47
56 37
28 18
56 14
64 32
13 1
53 3
52 31
50 31
66 30
17 6
55 40
30 22
52 23
63 41
51 9
51 37
56 12
16 10
57 8
26 11
63 15
65 32
40 39
57 36
58 57
25 9
58 12
14 7
67 52
48 2
15 9
67 50
44 24
49 26
67 46
45 27
45 7
51 27
53 37
51 32
37 8
59 53
64 15
57 46
62 16
64 55
54 14
58 31
18 7
21 20
60 12
58 41
43 35
67 23
63 27
58 52
48 17
35 29
45 16
11 5
8 2
36 12
59 6
63 26
53 26
66 17
51 41
47 16
58 29
38 16
56 1
31 9
62 31
67 15
61 6
66 25
38 9
11 10
35 12
43 41
31 11
45 37
51 14
61 3
59 20
24 17
34 32
60 8
23 10
58 20
56 52
50 10
65 50
57 41
23 17
53 24
54 17
60 22
36 25
49 19
60 28
60 30
55 2
60 36
65 28
45 42
67 20
40 1
26 20
38 19
46 25
41 20
53 13
53 5
45 13
58 39
57 56
28 9
61 10
61 13
17 2
39 17
22 16
63 29
37 33
65 49
54 8
46 41
49 38
44 16
49 48
37 34
10 8
61 53
54 3
67 2
46 43
60 42
56 6
59 50
14 12
54 19
18 3
43 25
27 17
66 24
46 8
42 7
60 3
27 13
32 19
62 46
36 10
62 53
67 13
64 48
63 1
63 3
52 21
63 31
63 7
61 31
50 15
12 8
50 6
48 6
63 20
54 44
47 35
29 15
17 8
21 14
52 24
39 3
16 8
36 17
63 32
67 53
33 23
57 40
34 5
52 33
26 19
63 47
56 5
40 33
55 8
49 39
31 19
44 7
46 11
54 34
45 33
64 5
49 43
60 54
55 19
64 11
62 59
45 26
61 58
44 2
40 31
16 6
55 35
64 33
15 1
49 15
40 37
64 38
57 4
44 35
64 42
35 16
64 44
64 45
66 28
64 51
55 4
59 43
28 17
47 18
25 10
51 39
9 4
55 37
65 2
49 7
42 23
65 7
65 10
65 11
65 12
65 14
37 24
45 12
65 19
24 20
7 6
63 58
48 28
58 49
45 32
66 23
65 38
21 15
34 29
50 13
13 5
29 4
33 8
40 12
62 35
22 12
42 5
42 9
41 38
66 8
66 10
26 1
61 52
66 16
48 26
43 11
24 4
36 16
52 3
57 18
50 26
35 30
47 19
52 29
33 1
46 6
40 29
66 42
45 5
42 34
5 3
60 19
67 33
9 3
64 6
41 23
34 28
62 60
66 63
59 40
62 37
37 2
58 40
44 22
61 21
17 15
31 20
67 16
38 17
33 4
63 60
67 21
43 21
41 3
67 25
50 14
55 30
67 32
12 4
30 1
66 19
63 61
63 45
65 17
26 12
37 5
67 11
63 22
58 25
59 58
25 17
52 40
67 58
20 4
25 23
27 16
27 5
42 38
49 32
64 10
