83 1676
76 19
31 18
28 3
83 69
70 14
6 3
74 1
68 66
80 27
36 23
73 53
76 33
75 41
43 38
8 7
46 8
52 23
61 9
71 40
36 31
59 2
76 37
22 2
53 31
80 20
37 9
21 15
76 72
37 1
61 55
59 13
10 8
56 7
80 5
29 16
12 11
39 20
55 5
49 1
27 20
49 20
39 36
13 11
82 56
31 7
39 13
66 57
30 23
73 65
57 46
42 35
15 7
11 5
80 24
16 14
15 14
16 1
82 80
81 36
16 5
79 57
71 17
64 46
16 13
83 50
17 1
12 7
82 81
82 16
81 72
37 35
20 5
53 46
18 3
74 68
37 24
80 77
72 42
68 6
41 22
72 16
82 22
82 25
76 14
19 10
59 50
50 25
73 72
81 40
34 13
71 63
71 67
36 32
76 32
20 12
51 24
47 13
21 8
21 9
59 38
48 1
64 12
64 49
21 19
22 1
82 24
64 44
65 3
22 13
57 11
57 52
82 27
38 14
82 32
65 18
23 9
65 7
79 64
36 3
74 64
80 42
78 47
58 20
50 42
83 57
32 24
57 29
80 46
44 10
66 48
29 15
25 1
76 15
71 36
25 5
40 14
45 41
80 19
22 19
41 37
63 61
27 25
60 49
45 28
31 17
73 17
64 23
53 27
67 27
51 26
45 19
46 20
49 26
46 29
53 21
78 52
83 58
26 19
26 20
58 6
78 13
79 18
26 25
53 32
50 17
39 22
62 46
55 27
55 32
62 51
27 15
72 5
59 34
70 31
75 63
23 12
45 14
76 62
29 10
68 40
83 32
54 43
64 41
76 49
58 32
58 34
37 3
43 18
27 23
28 27
27 3
81 38
66 10
72 21
65 35
9 5
55 20
70 6
24 13
62 60
76 8
80 53
18 1
60 10
46 39
43 26
56 13
76 3
65 28
30 9
57 17
54 33
44 6
30 15
79 12
71 65
59 17
77 14
75 24
69 47
57 2
30 25
74 48
71 25
26 13
82 68
71 47
27 7
53 50
26 18
31 13
61 13
70 1
13 2
70 69
67 17
26 12
11 4
31 27
31 28
82 79
32 2
78 76
79 73
64 2
50 19
51 7
48 19
44 22
25 14
14 11
77 18
80 17
32 18
40 28
70 60
75 58
79 60
78 69
57 55
78 61
25 8
50 35
33 6
56 39
46 11
47 36
33 20
33 21
18 16
33 23
22 5
33 26
74 20
33 28
34 2
55 22
61 32
56 40
49 3
72 44
50 24
34 20
54 46
79 52
62 27
83 17
11 8
28 12
57 40
40 25
69 16
68 32
78 37
35 17
32 22
56 3
75 59
77 37
35 24
66 52
67 44
38 25
74 16
71 66
71 56
36 9
57 25
16 6
41 9
65 13
36 17
78 12
55 29
51 25
44 3
65 10
59 15
36 27
36 30
69 31
37 12
7 3
77 20
72 12
79 71
76 69
43 3
36 24
76 41
73 13
76 28
37 15
48 12
37 20
26 6
59 5
58 33
72 14
21 11
34 23
51 46
58 41
67 1
64 35
80 76
17 13
70 58
40 20
11 3
22 12
30 20
71 70
82 5
76 55
77 48
80 35
71 37
82 72
39 11
39 12
75 5
66 29
62 31
48 43
33 7
27 26
78 1
62 56
74 24
47 24
48 22
69 9
59 16
25 6
63 51
81 64
68 47
39 37
35 23
43 8
35 34
79 30
55 7
61 28
38 30
81 25
41 20
38 3
71 2
61 60
43 37
75 36
48 42
40 38
66 31
41 2
48 29
14 4
75 70
57 49
80 57
81 47
36 21
33 24
50 16
28 14
75 43
41 29
70 8
64 6
77 36
26 7
46 7
42 4
43 19
43 34
42 7
48 4
37 36
42 6
81 53
42 19
45 11
11 1
62 33
65 2
70 33
55 15
43 28
40 26
81 8
51 16
23 17
54 30
31 1
78 26
43 17
72 9
66 12
15 11
80 51
79 74
68 27
83 81
31 16
68 67
66 26
43 35
4 1
57 27
81 56
81 34
75 61
66 36
77 75
42 12
36 25
44 23
79 1
62 45
44 20
58 24
82 35
47 23
70 48
44 33
67 26
72 15
36 18
44 42
57 37
64 21
45 10
52 8
78 44
75 50
69 34
45 16
78 20
53 30
83 23
66 4
80 21
73 40
67 49
80 50
46 3
42 2
54 35
76 12
20 10
46 18
46 19
62 2
20 3
42 5
62 49
47 33
73 10
58 11
72 62
12 10
82 54
47 8
82 28
65 19
19 16
46 44
71 3
75 33
19 18
43 24
77 30
83 24
29 11
80 48
63 57
28 15
49 7
44 26
47 32
54 48
47 34
67 47
51 3
68 45
69 41
34 28
43 5
54 50
54 1
21 14
82 64
48 3
58 38
48 6
69 38
75 18
53 2
82 61
48 16
61 43
24 2
73 43
68 55
62 38
60 33
41 3
76 67
16 7
72 6
30 4
52 13
55 9
48 47
56 27
35 19
73 16
76 31
28 9
63 44
49 18
52 1
53 44
78 10
61 15
66 5
49 33
54 22
66 50
81 15
49 40
55 34
83 62
57 38
57 32
59 52
59 1
50 12
78 16
59 22
44 2
31 29
69 17
50 21
48 33
62 21
29 7
80 71
32 10
23 16
50 41
52 40
59 41
43 20
55 10
26 2
78 27
79 36
8 4
52 21
51 9
83 59
65 12
36 1
62 12
37 26
51 23
12 1
69 6
51 29
83 22
52 46
69 68
82 38
42 28
51 43
23 14
62 36
21 2
30 19
73 54
60 58
57 42
32 6
45 18
75 53
52 11
76 48
47 12
72 25
75 25
73 31
78 5
57 12
39 10
52 33
74 30
52 35
66 47
74 49
15 2
45 32
72 50
70 30
60 6
39 16
56 6
83 55
36 15
70 4
53 4
66 15
76 47
80 63
75 13
74 13
37 32
76 25
76 2
73 6
70 22
62 47
61 27
49 37
13 9
77 65
71 62
53 48
20 2
55 53
69 14
68 26
78 49
41 30
30 11
63 41
83 16
76 59
56 4
71 6
36 34
41 31
61 18
26 16
61 38
50 23
18 15
48 8
49 30
34 24
64 28
50 11
55 33
61 35
51 41
47 28
51 18
52 32
21 6
17 8
43 14
51 38
79 48
48 21
34 5
70 62
37 18
37 5
54 49
81 58
67 15
69 15
60 35
39 9
5 2
30 29
78 21
83 8
64 54
83 31
10 9
55 47
82 36
46 22
64 5
68 39
56 1
58 57
55 44
80 74
58 28
45 33
80 26
79 40
71 18
81 16
29 14
61 20
58 31
59 25
57 35
55 1
55 6
76 9
79 6
82 47
56 38
73 4
73 25
29 21
74 36
62 29
65 15
24 1
56 54
46 13
35 4
68 7
42 30
56 29
53 47
69 7
44 11
30 18
52 15
38 26
46 33
78 31
83 67
54 24
62 5
54 25
60 54
23 8
79 26
50 10
57 44
47 9
57 53
64 40
76 11
53 23
79 41
69 40
58 22
58 3
58 4
58 5
77 71
7 2
46 32
17 15
58 14
19 6
64 8
48 24
35 7
12 5
50 45
81 41
24 11
73 3
57 54
42 11
40 16
38 2
58 45
58 46
58 56
67 46
57 7
55 23
52 19
83 7
37 27
72 4
14 5
28 4
68 14
39 30
60 44
26 22
69 13
43 10
59 27
59 28
81 68
45 15
64 36
70 12
61 23
59 49
45 3
46 25
52 6
59 58
66 6
38 35
60 5
69 5
75 46
63 17
54 15
77 13
25 9
23 4
24 12
55 18
43 30
79 2
69 39
30 22
32 20
60 32
8 3
38 36
64 10
60 52
60 53
30 14
74 58
60 56
49 4
60 59
59 48
50 36
61 7
56 18
80 62
67 37
77 21
68 34
78 33
17 14
61 2
61 25
50 15
78 3
66 63
63 4
73 63
80 15
61 41
9 4
62 54
82 57
54 47
39 38
32 26
74 54
61 59
63 5
51 37
47 39
67 21
66 61
56 51
45 6
14 7
70 64
52 37
41 16
34 22
56 47
71 19
52 48
80 29
36 13
60 39
33 1
25 21
62 44
57 6
27 8
53 36
62 48
43 25
33 10
77 45
82 8
76 56
79 31
44 12
49 39
70 41
53 20
75 40
63 10
76 10
71 27
75 38
40 29
39 23
56 33
39 14
63 28
18 4
22 18
81 43
69 1
63 37
63 40
69 66
77 8
63 45
46 41
28 19
80 79
74 28
36 26
71 51
14 2
44 40
65 22
64 9
81 74
79 22
56 11
74 71
44 14
78 67
51 1
56 46
47 41
40 35
83 18
44 39
32 27
13 7
74 41
58 10
6 4
82 26
19 7
28 13
29 19
35 5
77 42
28 1
43 33
29 9
38 12
83 66
83 15
28 16
46 30
66 60
75 39
65 6
63 2
81 54
65 20
56 25
65 23
30 6
65 29
32 16
48 27
78 30
47 20
73 21
52 36
65 48
60 36
76 1
65 52
65 57
55 30
79 59
38 28
77 7
79 58
66 8
64 33
74 9
51 20
53 51
61 11
41 8
32 5
41 25
46 34
42 13
69 42
49 41
76 74
66 41
70 36
56 43
75 66
47 43
66 51
27 12
24 14
13 10
53 25
23 20
81 59
42 17
73 70
34 11
62 10
71 39
53 38
15 13
39 25
69 36
58 29
67 18
67 20
12 3
82 42
54 28
80 7
55 50
80 1
75 15
64 48
54 14
67 38
73 26
38 20
75 57
50 49
40 18
63 32
67 51
81 17
67 34
79 63
67 56
54 42
67 59
67 64
78 2
68 4
65 43
76 68
66 9
51 48
68 15
51 47
63 25
32 14
69 60
79 47
72 27
68 31
55 42
51 6
56 8
31 10
81 22
81 61
56 31
68 46
40 9
68 48
26 23
68 50
68 51
82 52
70 45
68 56
67 54
80 18
33 3
78 74
69 33
74 55
73 1
4 3
63 47
38 11
75 4
18 9
53 18
78 9
66 32
69 25
69 26
69 27
62 37
73 15
48 7
80 12
55 40
83 54
35 22
31 21
14 13
72 40
77 67
64 50
69 51
75 31
54 44
40 4
69 62
71 46
69 67
81 29
30 13
80 34
48 13
72 23
27 11
70 13
80 44
82 1
70 25
71 59
76 30
76 4
69 49
70 34
64 16
82 49
75 2
70 44
64 18
62 7
76 27
42 31
83 29
75 20
70 61
82 69
72 64
32 4
26 5
71 49
83 6
52 38
29 24
61 57
67 35
67 50
35 15
50 44
82 78
51 30
37 14
80 10
78 15
71 33
25 4
77 28
23 22
42 22
82 15
54 16
70 65
70 68
81 4
65 33
68 49
71 57
70 26
41 5
73 60
61 48
62 30
63 24
32 9
56 37
46 28
60 40
48 37
72 69
72 10
46 38
67 8
75 65
66 35
48 32
47 27
56 9
58 2
72 24
78 29
72 26
66 49
72 29
47 44
28 22
74 4
72 39
66 65
71 9
60 2
72 46
52 44
75 14
76 40
32 12
68 37
27 16
72 65
83 76
82 66
39 3
58 47
63 9
61 56
73 7
75 10
29 13
59 51
66 21
73 19
35 10
73 20
80 2
73 66
47 46
64 53
73 27
55 28
40 30
73 34
73 38
73 39
42 24
73 42
55 26
57 33
48 2
73 51
51 4
83 64
64 30
28 8
17 4
50 18
73 59
81 14
10 2
82 13
25 24
64 37
64 43
49 38
57 3
38 13
29 8
39 26
67 53
47 19
67 10
52 4
74 22
77 31
50 1
18 6
55 45
72 36
83 27
83 49
81 79
74 38
62 6
36 16
74 47
47 22
7 4
73 61
59 23
13 5
52 49
74 63
82 59
12 2
74 67
77 62
74 70
26 9
39 34
69 2
75 3
74 72
79 24
36 14
25 18
19 14
57 36
53 43
83 19
63 11
79 45
78 4
36 7
72 35
70 57
75 37
63 16
22 15
46 40
60 18
30 3
48 38
65 47
79 5
26 17
78 50
50 7
37 22
18 5
70 35
52 24
6 1
78 40
74 14
64 34
76 29
25 7
63 23
67 55
42 34
52 10
55 48
34 16
59 47
51 17
59 14
18 17
58 12
76 24
57 15
31 15
47 40
76 50
41 38
40 2
60 15
81 3
81 5
83 38
77 5
67 39
9 1
77 66
56 35
72 31
37 13
76 52
76 53
71 12
44 35
66 53
17 10
54 36
57 13
33 27
68 24
80 41
76 70
44 19
15 10
66 39
79 55
74 65
7 1
73 5
37 4
41 27
57 5
70 66
75 51
77 25
71 24
13 8
62 58
69 46
46 42
71 53
65 49
77 44
79 14
49 22
77 54
31 14
63 31
77 64
58 39
52 34
60 38
25 23
79 46
77 72
72 2
71 44
66 37
31 2
20 4
16 9
78 7
82 48
72 52
53 29
82 4
41 12
64 25
58 49
79 11
72 11
74 42
68 28
66 58
81 33
25 2
63 52
75 72
83 75
78 39
32 21
77 59
54 32
82 21
75 68
62 18
55 39
78 54
78 56
25 16
74 53
55 43
57 50
65 41
77 43
39 17
60 4
74 8
32 11
16 2
24 6
30 17
9 3
68 41
83 46
42 38
79 23
43 4
79 32
54 9
79 66
78 65
9 2
48 17
79 33
76 65
18 11
27 14
79 44
65 58
62 26
49 19
31 11
79 49
73 48
76 45
53 49
75 47
65 63
39 28
79 61
26 3
61 12
56 52
39 29
29 25
58 21
79 78
55 37
61 4
67 32
82 29
25 20
67 29
68 11
76 71
49 14
74 11
56 32
73 47
16 4
56 21
63 33
40 32
83 25
63 13
73 28
62 11
65 51
60 28
52 47
73 67
51 40
79 19
68 3
80 52
23 7
80 55
78 62
60 47
80 61
47 45
49 10
80 70
50 32
80 72
37 6
73 24
78 23
66 55
81 1
74 2
60 46
56 14
8 1
76 54
39 27
72 61
74 35
81 18
39 33
69 61
67 16
68 65
63 3
52 18
83 26
79 29
24 3
68 54
81 46
29 17
21 18
54 31
43 42
34 15
5 1
45 42
63 34
68 23
61 45
60 50
45 13
72 17
80 59
33 22
52 5
10 7
44 28
80 28
68 60
82 20
41 1
47 3
65 1
65 36
60 55
78 41
34 19
55 11
75 29
61 47
33 16
32 31
82 39
82 41
67 25
82 45
60 7
80 22
29 6
36 8
23 19
35 18
31 9
26 24
62 39
82 63
61 36
35 29
67 57
45 25
77 69
82 76
69 56
68 17
74 32
79 27
83 4
76 36
44 13
35 12
83 10
83 43
58 53
70 49
52 50
32 17
71 20
66 62
77 10
19 17
31 6
30 24
32 15
41 15
82 19
83 37
34 25
52 51
31 20
83 47
83 48
14 1
74 25
29 23
27 6
74 27
72 56
28 17
49 46
78 36
39 31
51 45
38 27
83 74
74 6
64 11
55 51
