99 2419
16 5
63 42
5 2
34 23
95 45
31 6
7 1
79 12
85 12
82 35
75 48
80 61
73 50
67 27
86 49
99 8
9 7
72 3
89 28
42 8
11 2
65 4
82 66
51 30
12 3
77 38
48 11
99 51
90 64
73 22
95 20
45 41
19 18
67 2
65 40
68 37
95 4
14 6
24 2
76 11
94 11
65 10
82 38
15 4
22 14
96 53
88 39
30 15
70 18
15 13
76 36
47 23
22 3
67 10
50 3
59 10
85 16
59 11
54 21
99 46
56 34
28 14
98 89
43 20
17 12
91 35
77 42
97 51
18 4
87 52
78 68
18 9
27 12
18 12
30 20
19 2
94 64
13 5
39 30
76 44
92 75
84 7
38 36
19 17
62 18
20 2
49 24
20 4
38 34
90 51
20 13
66 27
20 17
72 33
89 41
84 42
98 23
99 11
22 9
54 51
50 42
21 11
92 65
54 30
51 31
44 42
90 85
88 54
39 32
22 5
76 19
81 24
41 1
10 8
58 37
96 18
41 3
77 7
19 6
96 22
28 11
93 42
96 55
42 7
39 3
23 13
23 18
75 69
49 11
35 5
66 7
24 7
25 9
88 81
61 3
63 54
33 18
92 62
79 78
24 17
24 19
80 68
99 77
86 4
96 48
38 11
88 2
70 33
58 25
99 20
25 13
96 17
99 16
71 26
99 76
95 75
73 46
90 47
98 55
79 75
99 6
66 47
88 78
26 7
84 63
76 45
82 41
82 63
45 42
2 1
56 25
90 71
62 40
62 59
27 4
27 8
67 60
72 19
94 78
86 9
73 27
87 50
54 9
27 19
89 87
96 27
48 17
77 63
67 65
28 2
27 15
86 30
91 8
75 50
89 73
56 12
53 22
66 10
77 50
28 23
73 8
36 24
28 27
98 77
87 46
97 3
75 2
84 59
99 23
21 16
29 19
29 21
75 65
12 2
90 20
86 13
21 18
78 16
80 17
44 27
18 17
94 38
5 4
16 8
56 31
30 14
34 10
30 16
95 58
54 45
14 8
55 26
42 14
74 28
62 34
31 3
51 36
45 19
31 8
73 28
55 31
96 84
51 37
77 37
76 53
97 79
19 11
55 35
89 22
67 55
30 27
70 61
96 49
70 67
32 21
88 20
32 29
47 38
32 22
28 3
53 34
13 11
32 2
64 11
35 20
73 41
87 19
71 52
94 55
54 14
40 22
23 6
77 45
92 61
88 65
86 18
85 22
83 63
65 35
72 18
36 6
45 5
97 16
34 11
95 77
83 43
74 65
54 22
34 24
24 13
63 56
67 6
48 10
96 92
75 49
35 6
44 31
35 10
35 13
87 47
99 81
35 24
82 77
93 52
67 25
54 52
79 21
93 39
58 27
36 35
69 36
59 49
80 22
89 18
51 6
73 69
48 36
90 81
21 4
54 41
69 15
68 11
58 35
82 61
44 29
91 34
71 45
94 70
39 25
94 40
81 75
43 8
59 22
78 43
62 13
96 83
62 45
31 11
84 39
85 9
38 10
62 42
68 20
32 26
29 4
82 68
31 17
50 2
75 21
96 70
78 65
75 20
88 72
77 39
56 8
39 12
73 57
39 15
25 11
53 15
87 7
97 11
99 72
66 55
67 3
65 32
31 24
94 9
50 17
76 29
98 11
89 54
96 28
65 51
63 60
88 45
95 93
86 21
40 13
54 46
40 19
75 44
77 32
62 28
40 25
45 36
86 74
40 31
68 9
58 22
91 90
40 37
91 60
92 10
60 8
53 23
92 89
59 36
32 17
74 33
97 48
83 41
82 73
42 23
41 21
72 39
52 24
88 82
39 9
26 5
86 47
22 16
81 40
27 14
60 11
66 61
84 56
90 80
86 3
14 9
42 10
42 11
47 5
75 41
43 9
94 6
42 17
89 11
47 9
82 12
80 52
25 7
28 1
42 29
48 37
64 34
62 51
70 24
15 12
79 41
94 59
98 97
67 66
91 58
67 8
86 32
72 23
99 98
36 5
91 47
76 67
90 62
82 9
84 5
73 17
60 20
43 38
88 14
68 3
44 2
37 14
80 14
58 26
91 65
44 7
99 61
84 24
92 44
44 18
99 78
79 27
44 26
77 12
39 28
37 12
36 18
62 60
88 5
99 19
96 93
92 63
88 52
82 49
67 59
95 65
45 9
57 23
46 21
41 9
98 67
41 38
77 43
42 25
45 23
17 7
90 22
45 31
54 38
77 25
81 51
45 38
97 14
52 15
98 83
79 47
64 9
89 32
46 13
36 14
46 17
46 18
71 65
53 45
93 21
95 15
46 30
93 74
55 7
85 21
46 34
46 35
46 37
74 17
46 41
60 26
46 45
90 37
57 20
35 3
96 69
44 34
81 1
75 12
67 26
46 2
65 19
95 37
33 28
60 40
41 27
79 73
47 27
23 19
33 20
58 29
97 26
91 12
98 3
81 22
47 46
48 2
87 79
80 78
69 10
85 31
48 9
56 24
66 4
82 62
64 38
82 70
96 25
39 19
58 11
95 7
40 34
48 29
84 78
48 32
62 43
48 34
39 36
69 39
83 62
88 31
63 58
94 62
53 14
49 3
12 4
77 34
81 9
49 17
61 15
14 13
60 28
72 54
54 24
80 31
90 17
74 69
95 18
95 25
84 51
15 11
92 18
36 33
49 47
39 33
97 49
86 52
40 7
31 16
50 24
87 38
50 11
97 43
83 58
67 7
39 5
88 43
50 18
50 21
86 2
61 48
94 27
90 34
50 33
97 72
61 56
89 72
98 1
50 45
80 29
57 28
10 4
67 13
61 36
72 28
85 53
31 14
96 64
41 30
52 50
51 14
72 70
92 35
15 6
51 45
87 41
67 47
51 27
30 2
92 66
31 22
68 26
90 53
60 10
98 47
51 39
51 40
91 67
94 32
51 46
98 92
47 36
89 17
17 2
42 38
76 25
73 62
34 2
21 8
99 24
29 5
75 73
92 77
78 5
45 11
72 7
22 13
29 27
68 30
67 22
37 27
52 35
45 21
89 39
80 38
91 25
53 2
14 4
54 39
91 3
53 5
52 7
79 35
91 77
70 9
30 9
55 39
84 45
69 44
65 39
53 21
54 12
27 26
80 70
58 41
53 28
79 71
81 31
71 6
91 14
16 14
94 74
53 40
53 43
93 61
81 30
85 64
44 15
54 7
97 29
54 11
56 32
59 23
42 6
63 15
54 17
70 54
26 15
17 5
84 8
89 82
82 47
82 67
29 24
79 5
52 30
58 2
79 49
50 15
61 8
64 26
72 42
51 41
54 47
70 2
12 6
39 26
98 51
87 14
69 11
80 24
55 9
55 10
98 44
71 62
74 24
55 17
66 5
55 22
51 17
49 28
68 54
55 18
83 73
76 58
9 2
57 5
82 4
22 12
97 33
94 35
34 22
55 45
50 29
38 19
99 89
56 13
56 2
59 37
51 21
41 2
33 16
97 78
28 15
94 2
62 32
57 8
56 21
56 22
23 3
59 55
60 43
24 10
30 11
82 2
70 47
66 11
86 8
60 46
83 17
56 49
77 67
37 25
71 46
80 60
69 12
24 23
88 1
56 19
99 28
79 51
63 49
57 13
64 30
97 22
93 73
52 45
77 69
79 23
83 81
45 10
50 48
58 56
57 32
51 13
60 32
42 2
70 5
51 47
26 12
59 48
76 22
59 32
57 48
57 50
57 55
73 20
94 71
45 18
94 54
73 39
79 22
57 39
70 38
58 13
87 67
69 24
93 62
53 32
71 44
69 16
33 15
77 26
80 63
82 25
84 36
43 29
98 94
74 9
73 53
69 56
85 51
91 19
95 72
58 54
66 48
71 13
60 24
89 49
73 3
77 20
66 36
59 14
84 55
89 1
59 20
68 53
51 7
46 44
39 34
59 26
77 56
59 30
62 15
59 33
50 46
86 15
73 51
59 40
59 42
32 11
75 58
75 72
59 52
99 82
75 62
90 77
60 3
81 18
41 7
42 18
99 18
42 19
8 3
60 16
60 18
99 94
67 50
95 13
59 4
32 7
74 73
46 9
45 17
16 1
79 68
92 86
22 20
69 64
57 25
61 28
60 52
97 46
60 57
44 16
95 22
99 29
23 22
61 5
95 10
84 11
37 10
76 75
49 2
51 23
95 71
61 24
73 48
41 29
78 29
81 26
71 68
72 29
91 5
98 87
20 10
61 43
56 26
62 57
93 46
61 49
92 54
89 19
61 54
64 52
72 37
18 3
88 75
72 30
87 29
32 9
90 8
62 10
62 11
62 41
55 11
71 23
66 32
92 84
87 56
62 21
80 32
81 52
69 28
40 24
57 44
91 74
40 36
53 9
88 60
77 27
50 34
56 1
92 28
22 1
49 20
26 8
61 6
79 6
63 3
87 82
26 22
86 10
62 6
85 18
85 1
50 10
76 20
74 55
99 92
63 24
85 74
61 51
80 79
94 61
93 13
4 1
63 45
63 46
66 28
36 15
88 56
13 6
62 39
16 15
47 16
56 9
63 61
93 9
70 50
29 26
99 7
64 13
98 6
53 11
19 7
29 13
79 60
33 6
32 20
64 35
21 5
96 4
63 55
47 8
64 44
99 37
64 47
77 30
86 25
65 2
65 34
58 48
56 53
27 20
93 79
99 14
93 43
27 24
74 43
81 55
34 31
87 60
67 14
75 7
30 19
57 35
35 28
52 21
94 10
80 50
80 28
95 60
65 44
91 36
82 48
59 58
67 19
65 57
65 58
87 70
25 23
45 30
77 36
86 58
50 1
46 29
17 3
81 78
82 1
24 9
88 51
92 24
66 24
69 47
42 39
76 62
80 13
89 35
86 28
98 29
67 44
52 13
85 50
66 49
54 5
43 23
58 55
68 2
94 42
66 53
66 42
76 37
48 33
27 18
17 6
98 84
91 40
72 27
66 63
30 7
43 13
47 26
52 49
95 38
84 12
95 62
65 56
95 47
67 21
88 69
32 18
57 31
80 49
45 34
67 32
71 32
93 77
67 38
78 23
67 40
81 39
81 67
79 56
92 5
99 39
50 30
77 16
57 27
89 45
93 78
97 95
66 13
49 18
74 68
33 26
86 51
61 45
69 17
68 4
20 3
83 51
78 18
52 31
47 15
68 14
29 22
46 40
11 7
68 23
74 39
61 19
68 10
55 49
68 33
91 52
68 38
68 40
37 2
22 19
85 84
23 1
67 18
28 4
68 58
37 13
31 21
99 34
32 25
99 31
93 87
69 9
53 36
29 6
73 36
69 14
27 17
47 12
98 66
95 76
44 35
58 20
75 39
92 2
78 56
69 50
69 37
69 38
60 5
71 17
78 13
99 84
38 15
61 9
66 25
75 33
60 54
48 19
69 55
54 18
61 55
76 28
63 13
29 28
75 40
70 7
57 42
95 30
70 12
96 65
79 10
21 13
55 12
72 25
50 13
52 32
70 37
26 3
70 40
61 30
63 16
40 15
59 15
64 3
58 4
70 59
70 60
88 47
87 65
68 41
40 28
92 6
71 37
86 66
76 4
8 1
93 81
61 52
54 35
76 68
34 27
57 46
99 43
89 68
71 55
33 29
67 33
86 78
24 11
77 4
95 52
78 42
36 20
87 21
68 22
39 21
38 7
65 29
70 13
75 66
51 25
48 20
57 34
75 4
94 23
77 59
73 32
53 29
35 29
85 5
63 9
82 46
96 77
72 14
72 16
46 24
27 11
72 20
81 43
43 18
96 10
58 23
80 45
94 60
89 3
96 26
58 7
33 14
83 60
71 70
90 15
72 44
73 23
59 29
72 50
72 51
64 37
72 58
21 7
63 62
72 66
83 57
98 69
93 82
46 6
65 37
97 21
98 58
89 57
76 66
97 86
33 3
25 22
60 49
53 31
97 61
70 62
39 23
51 29
97 39
37 29
67 34
74 72
54 3
82 26
93 4
98 16
65 33
97 66
85 49
98 91
85 38
80 75
36 7
40 5
73 64
94 90
21 6
40 35
71 29
49 8
70 69
48 24
52 41
97 7
41 5
66 52
58 12
53 1
30 29
78 34
53 7
46 33
74 37
74 38
22 11
30 17
47 29
85 62
62 7
93 14
82 69
20 16
63 18
80 46
48 4
79 65
41 24
54 37
86 35
69 51
76 41
43 28
92 59
56 55
76 59
63 35
97 12
64 58
58 9
94 1
75 27
75 30
52 46
95 24
84 31
52 11
57 38
61 47
85 40
96 36
97 93
60 14
77 66
6 2
77 13
51 11
91 63
86 31
72 68
69 26
72 1
77 47
45 33
89 79
37 4
46 31
47 39
80 8
42 1
76 7
25 16
60 12
82 30
76 16
71 10
70 31
92 4
76 24
42 15
81 71
34 1
76 30
9 4
63 30
90 44
54 31
83 50
31 20
75 1
61 31
51 2
96 29
78 11
89 24
25 2
76 57
55 34
57 43
76 60
52 23
76 63
87 86
83 8
80 33
48 44
75 54
31 1
40 39
67 45
88 42
96 44
79 14
74 46
84 26
66 56
93 19
93 22
89 43
22 21
56 11
58 32
55 50
98 63
9 3
98 37
73 44
77 41
51 19
76 47
33 23
82 52
70 42
77 52
35 8
77 57
47 24
49 21
86 19
86 20
66 18
89 27
77 70
74 22
77 72
75 47
78 2
80 2
43 6
95 67
78 14
81 25
40 3
86 53
62 25
98 12
65 49
25 19
78 25
78 26
41 17
41 28
63 5
74 40
71 21
18 2
84 10
92 32
39 37
57 14
72 45
35 18
40 30
81 57
78 62
91 43
86 76
78 71
78 72
55 8
22 2
18 7
90 35
87 22
63 6
69 46
76 6
93 30
34 20
79 20
62 23
45 3
78 41
79 25
88 62
72 59
50 4
97 84
50 36
79 42
83 52
73 1
29 8
97 40
50 22
79 52
34 16
44 5
39 17
97 20
91 79
27 10
78 44
77 22
54 28
94 28
44 1
87 69
69 1
80 4
33 31
94 36
28 19
79 44
63 28
53 12
46 32
58 24
75 38
67 46
45 4
82 11
59 34
96 41
95 17
63 2
91 88
81 19
88 77
90 54
72 6
55 42
55 36
66 29
80 53
80 56
90 76
47 19
23 20
7 6
50 14
85 13
80 67
21 10
89 30
83 4
37 11
63 27
89 81
99 87
81 8
71 19
96 19
56 7
97 57
81 21
85 56
50 7
51 38
73 72
20 12
81 27
81 28
94 47
54 33
71 51
44 6
66 60
96 89
20 18
81 45
12 9
84 79
26 21
80 10
81 53
91 64
60 37
65 13
10 2
81 61
94 51
65 31
86 55
81 72
58 38
81 69
95 31
56 14
71 8
41 4
93 40
91 38
78 15
91 41
73 43
47 14
49 36
64 14
83 38
95 8
78 37
46 16
90 40
55 33
92 88
49 14
57 21
68 59
98 72
69 61
98 31
26 14
52 20
64 17
66 20
75 53
89 58
26 1
58 44
96 59
82 72
99 57
75 15
37 34
63 4
83 6
78 40
94 79
51 10
51 22
96 30
83 22
83 24
48 5
37 21
96 74
68 8
41 14
61 57
58 45
65 64
83 45
64 42
91 24
16 6
56 50
83 53
71 27
73 19
76 42
67 11
56 35
90 32
72 26
55 47
92 42
96 31
19 10
65 12
51 32
21 1
79 54
58 6
43 32
74 44
84 19
97 24
56 29
48 7
44 28
84 32
81 35
39 13
94 31
24 15
86 50
93 91
89 20
28 24
61 38
84 52
62 14
88 25
92 45
22 7
26 11
37 22
91 42
82 20
77 74
79 66
51 50
79 50
68 61
36 30
37 6
68 19
76 13
75 63
96 43
71 47
95 41
66 41
83 34
76 32
83 36
24 14
44 4
23 9
84 62
69 67
85 41
85 42
85 44
86 1
57 3
81 11
22 18
85 52
81 46
39 22
89 56
72 31
85 65
41 35
98 80
92 69
91 68
89 64
71 63
95 69
44 21
99 27
66 31
52 34
91 85
96 37
89 4
58 40
82 64
93 84
93 3
19 13
86 24
69 21
86 27
86 61
89 26
43 35
94 34
95 21
96 60
76 12
86 38
86 43
30 13
42 37
83 75
74 47
67 31
57 16
87 49
43 17
14 11
94 83
52 2
53 35
75 70
63 23
62 19
13 1
54 13
86 73
56 51
42 26
61 59
61 16
87 5
36 26
89 46
87 9
87 13
90 23
98 25
84 73
87 18
53 10
33 13
28 21
71 48
87 27
87 28
39 11
97 88
87 35
38 4
99 10
51 1
52 18
89 7
26 2
69 33
18 6
87 54
34 7
71 34
79 16
82 75
85 73
62 3
59 21
96 94
43 26
92 8
64 39
48 3
80 23
84 30
13 12
68 24
97 28
15 1
71 39
94 72
88 12
88 11
88 19
66 37
97 30
49 39
88 79
82 28
71 66
44 3
88 35
88 37
7 3
87 17
68 63
60 19
88 44
19 9
74 20
83 70
18 11
79 3
98 86
95 9
17 14
79 18
88 61
97 76
99 83
65 21
93 10
59 18
71 31
48 31
55 37
90 11
73 47
68 5
91 9
91 26
89 2
49 19
33 25
98 46
97 74
62 17
76 35
73 13
74 42
41 13
77 23
41 23
66 6
89 25
90 61
99 5
94 48
78 33
46 12
9 1
59 53
74 4
67 48
91 87
50 16
64 46
87 8
89 48
88 86
80 7
96 51
98 28
94 30
56 47
89 63
98 53
55 41
67 53
41 33
83 26
80 3
83 13
89 65
51 5
94 84
65 11
90 1
38 6
98 21
85 30
30 8
90 12
90 14
83 61
56 39
25 24
68 56
81 23
29 25
54 23
43 11
90 33
69 45
32 19
87 25
82 43
51 8
47 3
94 15
31 9
92 80
55 13
78 50
90 59
38 29
98 56
86 70
90 66
61 1
78 75
73 67
90 72
53 49
80 37
98 17
52 22
94 53
90 82
26 6
38 35
90 87
19 3
83 32
93 38
65 17
33 27
56 3
66 65
65 43
95 94
91 23
42 4
83 69
74 13
91 33
88 58
70 46
49 44
47 40
76 50
86 33
21 15
48 27
64 27
91 48
89 37
80 35
91 13
91 59
90 55
94 77
83 19
74 67
29 18
85 70
75 25
91 71
72 48
59 5
75 67
91 84
76 39
92 81
66 34
91 89
76 33
92 1
93 16
92 3
45 13
78 20
85 10
92 7
99 44
66 3
96 21
59 43
66 23
96 67
66 46
62 22
67 20
55 30
92 36
38 5
25 12
90 88
25 5
82 33
92 48
68 32
92 55
92 57
85 7
39 35
77 71
48 18
49 41
53 19
87 75
57 11
61 4
73 60
97 15
77 62
87 73
92 85
74 10
92 87
71 49
39 2
47 7
78 60
93 7
41 12
81 54
44 43
82 58
87 3
13 4
48 15
96 58
67 39
85 77
82 29
93 29
83 11
90 6
93 37
87 55
16 11
71 5
78 58
93 8
29 14
93 49
93 50
48 21
38 26
93 55
93 59
46 22
60 21
88 7
61 40
74 5
67 63
84 1
62 48
89 52
81 33
87 31
65 22
84 57
69 48
96 16
94 8
30 21
86 64
99 85
53 13
71 54
94 22
97 45
61 35
26 24
55 25
33 7
86 54
96 79
56 33
84 60
91 70
83 28
74 35
53 24
38 1
67 51
85 27
92 11
92 27
94 58
28 26
36 27
63 31
56 54
90 28
48 35
58 3
73 2
42 12
95 56
96 95
96 90
59 24
86 60
42 13
90 21
97 47
59 7
80 59
85 46
55 40
53 26
86 16
52 19
26 23
24 16
73 6
92 38
61 2
87 15
95 74
65 24
69 23
47 18
84 43
80 5
58 19
95 46
88 27
95 50
90 67
15 5
81 48
30 6
82 65
45 7
73 10
75 13
34 32
37 18
89 33
84 46
80 66
87 58
57 36
57 4
96 2
52 3
73 11
36 34
96 13
50 40
43 39
47 4
93 27
54 48
16 7
52 5
6 1
85 24
85 2
86 62
71 58
70 28
80 64
64 32
88 33
67 43
57 19
98 43
89 70
49 22
88 40
72 22
79 9
11 4
48 47
52 51
90 84
43 24
88 10
80 69
38 37
97 6
99 75
86 67
87 42
96 82
69 41
75 34
88 57
43 2
27 3
31 7
37 17
77 29
75 74
90 69
44 32
97 60
70 44
60 42
76 70
60 27
68 44
73 29
95 5
96 45
92 47
88 29
72 11
55 1
88 21
97 31
79 29
60 44
83 46
84 82
74 34
70 16
61 18
99 68
96 73
94 20
44 22
97 54
63 10
97 8
65 50
74 60
98 39
52 10
94 76
84 44
73 65
97 80
48 39
33 5
66 15
97 92
80 15
91 57
49 37
63 50
98 4
70 66
98 10
75 43
69 40
47 37
92 31
90 74
65 9
54 15
58 52
84 49
65 23
98 41
77 9
96 7
93 32
35 26
43 7
40 2
87 78
98 49
70 10
25 4
15 10
89 85
50 6
99 73
45 25
68 64
62 5
43 5
98 71
93 12
92 67
27 22
98 81
57 1
68 62
67 42
49 26
61 32
54 26
98 15
43 33
13 8
28 18
89 13
55 5
9 6
99 9
79 53
79 39
63 53
25 18
35 4
70 64
72 71
14 3
93 51
47 43
40 23
71 35
74 54
89 10
98 62
16 9
86 72
32 13
49 40
99 49
86 37
90 9
44 12
78 21
84 80
61 41
97 38
25 20
25 1
82 71
72 63
39 27
42 27
88 84
68 42
99 86
90 46
78 19
99 91
78 52
99 93
28 12
81 60
