100 2534
39 16
26 15
4 3
5 2
63 20
87 20
71 18
75 31
7 2
56 26
7 5
93 70
8 1
92 47
69 62
40 18
9 4
84 11
46 31
74 10
88 81
26 6
31 18
60 43
64 49
44 26
95 69
12 3
93 42
59 29
12 6
86 51
79 22
43 1
60 35
66 59
97 50
45 13
13 8
78 22
29 9
58 20
57 51
67 45
23 21
94 3
53 44
51 41
89 84
100 94
14 13
15 1
13 11
48 6
68 66
99 91
84 79
84 61
92 3
62 23
63 35
86 17
23 19
51 39
92 37
16 13
38 32
16 15
76 47
88 3
87 49
65 61
70 38
92 43
90 80
72 3
91 47
52 22
84 23
18 2
79 9
89 36
87 82
81 2
100 2
64 47
68 20
86 79
69 7
91 76
32 24
94 67
19 13
27 17
35 18
19 16
87 61
98 75
76 18
51 49
17 14
99 8
24 8
20 10
33 6
23 5
20 15
58 16
91 87
71 66
67 24
88 79
71 32
78 20
21 19
87 52
63 8
88 40
94 77
75 29
90 58
22 12
22 14
69 6
98 3
59 1
91 59
28 9
96 92
97 84
23 12
73 67
75 42
41 10
51 40
57 36
99 43
69 42
26 10
69 38
34 17
22 9
97 52
25 1
34 11
25 12
39 26
37 22
22 21
86 33
66 35
96 23
93 71
46 17
85 81
80 67
83 38
72 62
37 11
89 77
48 3
36 1
66 23
31 4
82 30
34 1
21 15
7 3
59 36
85 67
93 2
67 5
100 82
91 23
73 53
71 9
85 66
60 44
33 7
98 59
66 45
18 7
67 56
86 31
55 9
17 5
21 6
94 89
74 19
95 24
89 76
80 46
16 7
77 40
64 15
53 30
22 8
39 14
61 37
91 54
29 17
61 34
66 47
48 30
40 2
48 38
97 20
86 2
33 29
82 59
65 60
78 38
30 9
94 7
69 48
84 60
82 61
37 16
30 25
31 12
40 11
35 4
94 88
86 77
27 8
36 31
92 72
56 52
42 35
76 66
50 34
31 22
78 77
31 25
99 28
60 31
56 3
98 22
34 22
100 52
96 54
32 20
81 57
29 26
61 39
32 28
32 29
40 36
33 2
74 17
98 66
79 27
49 36
83 27
93 32
78 27
95 15
49 25
90 26
33 22
33 24
33 25
91 86
75 14
91 48
61 5
51 27
94 49
80 14
19 14
96 34
96 14
66 33
34 13
74 58
86 21
72 68
35 6
46 37
34 23
85 36
90 65
64 12
78 3
98 10
82 13
62 14
61 50
89 39
40 15
60 49
68 56
20 1
38 18
68 44
4 2
77 17
76 58
59 39
64 3
62 12
81 56
29 28
55 46
39 10
60 16
97 44
34 27
84 17
54 31
69 61
86 71
36 15
36 17
93 40
49 30
51 2
75 7
39 5
59 22
26 5
85 3
36 35
50 12
97 27
49 47
83 32
89 66
91 27
87 24
90 79
72 35
60 13
86 50
37 23
67 1
38 1
52 6
55 10
86 32
38 7
66 25
95 58
68 34
64 53
83 33
93 22
72 40
84 82
97 37
60 51
86 7
72 19
66 53
38 37
63 1
19 8
98 20
79 24
87 59
66 17
46 39
76 30
93 9
64 20
21 1
62 55
70 17
39 19
83 40
25 16
34 31
93 18
87 40
76 68
23 7
31 14
91 35
51 33
89 69
95 5
20 3
91 73
56 36
86 11
35 21
92 26
40 22
63 51
40 26
38 16
40 29
87 23
79 61
94 9
92 77
95 13
57 27
49 42
43 39
92 66
62 49
87 81
60 57
71 3
44 5
100 50
77 41
82 2
78 60
82 60
41 38
69 43
26 22
63 37
83 73
57 34
45 39
28 21
87 19
45 37
66 40
60 30
88 6
68 9
42 27
42 30
75 11
73 46
42 34
64 63
65 23
99 18
43 12
98 80
88 77
83 14
78 73
35 5
79 29
42 38
68 62
85 42
43 16
73 21
43 21
94 60
100 83
92 89
82 43
33 13
98 76
96 9
25 23
93 34
84 40
100 14
99 10
76 37
96 25
44 16
78 1
68 46
73 70
80 73
65 29
89 33
39 17
44 28
62 42
48 16
54 8
44 39
44 40
49 26
71 57
45 14
84 36
80 54
29 4
88 8
90 25
75 21
100 46
45 17
84 78
79 6
88 45
39 3
72 2
86 57
51 23
67 36
91 84
83 72
70 65
75 48
94 12
33 3
54 28
60 26
41 17
27 1
46 14
66 9
73 61
46 19
88 70
100 57
71 56
46 30
10 1
67 39
46 34
78 49
18 14
93 52
56 50
68 38
61 60
48 36
91 15
64 50
86 54
47 14
63 55
86 20
64 60
72 10
82 79
63 45
10 5
27 4
99 29
95 41
47 38
93 59
97 64
80 34
47 44
47 46
89 35
76 26
71 23
76 59
99 79
67 60
77 54
48 19
92 61
72 29
48 24
57 26
60 28
26 11
98 34
92 11
48 34
47 8
50 20
76 13
84 39
29 6
68 16
44 14
94 91
70 15
93 33
56 6
96 89
52 43
28 1
11 3
72 16
95 54
60 53
51 3
85 58
49 40
67 30
100 19
87 83
96 53
90 53
50 6
42 1
29 20
76 29
98 14
90 76
49 28
56 55
32 25
95 57
72 27
36 10
77 68
35 25
50 30
81 73
83 30
79 41
79 49
91 75
89 20
95 46
96 46
88 27
97 85
51 1
35 30
99 9
91 81
98 9
51 11
66 31
71 47
95 51
51 19
89 49
100 5
57 54
83 82
93 88
95 72
92 80
74 29
16 5
51 37
94 17
81 60
95 26
75 46
13 9
54 53
92 22
51 48
96 8
61 38
54 49
75 52
92 79
52 11
52 13
80 57
79 47
93 37
63 24
78 63
66 58
35 28
37 19
18 8
52 37
52 39
38 6
92 44
61 26
76 72
92 27
52 51
61 29
53 3
64 25
33 4
82 5
99 63
91 21
53 15
52 27
97 78
45 18
53 23
53 24
59 4
55 38
89 7
82 19
63 43
53 33
53 37
30 7
77 61
85 44
59 50
22 15
74 23
54 5
45 20
54 52
60 3
96 80
42 36
54 20
95 76
77 49
90 12
54 35
83 7
94 93
38 28
13 1
100 53
77 71
55 3
48 25
29 7
62 36
52 26
41 6
62 53
55 23
97 26
24 11
65 56
79 5
29 2
69 39
64 14
54 38
33 20
92 59
69 24
88 22
89 17
48 4
88 55
98 83
40 27
93 38
55 42
58 37
97 10
40 14
34 4
56 16
56 8
64 56
27 15
65 25
73 62
76 69
17 8
61 12
71 70
63 61
82 71
75 37
14 2
61 31
68 64
56 53
89 28
88 10
81 9
83 77
50 26
91 50
74 69
90 41
95 56
69 57
77 56
60 34
93 92
37 21
57 21
57 22
65 21
58 24
70 68
12 1
57 28
67 66
67 43
85 34
55 30
98 5
46 24
62 26
86 76
56 22
86 16
85 69
37 4
30 14
58 4
90 72
47 40
100 88
41 35
85 72
38 13
96 19
99 64
92 90
76 39
70 6
62 58
52 35
100 98
27 2
71 48
77 44
75 62
71 17
81 61
90 35
80 12
75 63
70 27
79 68
34 6
89 25
92 68
30 13
35 8
72 17
12 5
66 64
35 24
44 23
59 38
79 75
91 36
12 2
93 63
59 48
67 48
59 52
59 54
67 17
59 56
70 69
87 32
79 30
76 7
60 5
87 64
62 40
79 78
52 14
25 11
61 32
94 10
38 4
100 41
46 44
98 39
74 25
76 63
100 10
100 21
97 83
60 22
95 37
81 53
84 54
67 61
95 75
84 10
74 14
100 32
90 36
55 47
80 39
57 25
92 46
56 54
84 4
49 20
60 59
74 39
50 23
30 2
50 21
87 63
52 18
70 57
81 8
56 7
61 20
98 32
93 53
78 29
60 48
50 49
83 67
56 51
63 4
37 9
34 16
66 18
100 6
63 23
78 28
30 18
51 46
71 8
63 59
36 3
52 46
98 68
92 14
45 34
74 3
77 47
20 8
60 29
15 12
78 26
86 29
100 70
28 10
90 67
90 81
62 33
100 59
73 1
90 57
53 31
64 59
73 22
67 44
57 9
68 55
55 21
80 43
21 7
62 59
78 10
20 5
71 20
97 35
80 7
84 37
57 13
72 51
63 15
13 2
63 19
96 45
22 5
82 57
51 38
98 74
65 52
75 40
97 41
48 32
62 45
58 36
10 6
71 42
99 66
52 2
12 10
73 7
96 6
43 13
88 39
68 65
99 69
63 58
76 45
36 29
72 7
30 17
47 23
80 26
34 33
19 15
66 28
36 8
49 33
76 65
78 44
67 25
71 11
64 29
58 2
100 51
76 48
64 37
23 8
94 71
64 45
97 91
93 55
80 32
81 75
87 18
64 52
39 2
97 51
41 28
70 49
64 62
42 7
93 17
64 46
89 60
65 15
90 31
89 57
96 90
72 34
44 24
59 46
65 39
65 41
89 64
96 16
65 48
65 51
65 62
44 12
70 13
54 19
96 48
84 66
57 12
67 8
95 9
74 55
46 38
66 13
66 15
42 22
99 97
40 33
66 20
71 12
88 46
45 43
100 28
98 65
96 94
16 9
97 4
66 37
45 12
78 67
7 6
49 29
50 17
34 9
51 4
66 48
35 12
81 70
69 22
99 44
90 29
64 33
60 15
71 4
81 22
88 62
100 42
37 12
67 12
57 16
67 18
93 11
93 31
65 44
70 18
15 6
67 31
45 31
91 80
79 45
48 2
31 2
98 16
64 28
44 33
97 57
60 4
54 7
89 18
62 16
67 53
88 57
89 68
86 60
67 62
57 29
85 49
91 33
90 68
12 4
86 37
100 17
68 10
86 65
81 26
85 39
94 66
94 87
60 11
89 86
40 13
78 11
54 18
34 14
35 17
56 2
94 53
82 38
68 42
67 2
34 30
68 47
74 43
53 21
100 78
14 7
53 1
62 52
43 3
84 6
92 51
58 51
85 57
79 39
85 32
74 22
68 67
87 58
58 52
69 4
86 3
57 35
58 55
69 9
91 6
9 2
68 7
96 77
69 16
42 26
81 20
69 23
87 74
26 7
14 3
30 28
96 95
31 15
92 64
97 15
81 13
50 27
54 24
58 18
69 58
81 38
69 60
50 39
40 38
36 34
86 72
71 19
82 74
99 68
70 12
44 36
49 46
83 54
43 18
65 4
40 39
56 42
71 69
77 55
70 29
39 36
94 83
89 67
70 42
99 36
70 46
75 10
51 26
70 56
63 11
73 37
79 4
18 12
70 67
85 10
52 30
79 52
86 5
34 8
42 18
32 13
61 55
83 75
95 34
41 20
41 40
69 8
100 37
68 59
64 36
84 8
74 48
71 21
89 30
38 29
100 68
63 36
53 47
71 41
84 51
100 30
96 75
48 22
43 10
94 23
21 20
63 47
99 13
45 10
71 60
36 33
38 25
71 65
99 59
96 38
80 15
73 54
47 16
98 49
17 13
81 66
31 9
49 41
66 38
94 92
63 29
56 11
99 24
60 9
78 74
59 28
12 9
80 77
72 21
73 3
72 46
78 42
79 35
97 42
100 95
77 19
61 18
24 14
72 41
39 37
86 59
57 23
100 13
72 5
68 58
91 32
72 56
71 46
74 63
82 21
73 15
84 22
73 14
72 69
45 30
56 9
87 31
89 1
42 9
46 18
73 8
56 20
91 45
100 72
73 18
62 37
83 56
38 30
8 4
26 20
82 65
73 33
73 35
77 11
73 38
86 42
98 26
99 84
86 44
71 67
96 33
90 89
73 49
73 51
69 68
77 31
21 11
99 16
63 26
24 19
81 31
68 29
84 38
89 21
99 25
95 81
57 7
68 52
96 47
74 8
13 7
13 10
92 56
42 32
89 81
69 21
23 22
46 32
71 35
61 4
59 27
85 63
48 27
81 59
66 41
90 11
56 45
74 32
49 21
46 42
89 80
32 5
98 62
76 8
74 42
48 33
95 92
76 21
63 6
72 54
61 13
6 2
85 35
39 30
14 11
94 1
75 50
15 9
74 72
98 60
75 1
75 2
75 5
98 55
52 49
55 51
75 12
42 12
53 50
98 71
75 20
52 34
75 22
48 20
17 1
20 2
88 68
99 57
95 88
67 50
23 17
89 29
96 29
64 10
86 40
74 64
56 46
76 62
96 32
55 19
75 58
94 41
58 49
80 48
29 5
75 68
62 30
66 39
63 17
100 55
69 47
74 40
15 11
91 40
76 14
57 14
76 17
79 26
77 76
74 47
99 52
50 11
68 57
37 3
70 9
76 36
81 5
99 77
68 11
96 36
36 2
43 15
38 34
49 4
85 68
44 20
52 4
86 74
99 49
79 13
93 68
81 24
66 46
49 32
96 67
81 19
74 53
28 5
97 22
73 47
55 50
93 20
42 37
87 71
83 4
31 28
73 45
77 36
87 79
45 44
77 43
56 30
80 24
66 26
62 15
40 17
100 1
59 10
68 22
88 7
77 57
80 30
53 41
77 63
77 67
85 23
18 9
70 19
85 46
93 51
83 78
78 4
78 6
78 9
67 23
74 35
33 27
79 44
82 37
86 18
83 66
90 75
95 19
84 69
38 2
88 52
74 54
62 31
72 13
51 21
78 62
80 51
78 43
99 88
94 82
78 48
45 15
78 50
47 21
51 25
90 44
69 3
48 40
100 24
64 6
78 64
60 12
98 86
43 5
88 4
91 70
47 26
53 11
27 3
15 10
15 3
57 5
60 36
87 2
89 85
43 20
85 73
88 25
81 45
60 54
63 9
83 28
82 32
28 6
20 11
99 35
98 33
88 33
45 38
90 9
34 25
69 59
35 10
85 21
79 55
79 57
98 42
81 52
95 17
91 90
81 62
39 15
43 17
100 85
74 1
89 74
80 3
95 59
76 73
82 25
90 85
78 31
29 21
80 18
96 74
100 38
89 72
100 3
64 48
80 33
86 80
82 55
80 40
37 26
28 25
86 12
86 13
74 31
88 87
80 53
46 13
94 46
91 13
33 17
50 40
16 6
94 13
47 30
85 5
89 11
12 11
94 5
80 78
81 1
83 81
82 36
74 51
93 5
81 10
81 12
84 33
55 25
99 20
89 83
74 5
67 3
56 31
44 30
93 26
81 34
18 6
14 8
89 13
79 63
96 30
98 40
95 29
34 29
57 10
79 15
97 72
65 34
72 4
48 46
39 21
85 40
81 74
36 30
100 15
81 78
68 30
47 41
82 4
72 58
100 43
89 23
54 42
82 14
78 30
96 40
78 19
71 16
85 79
56 25
14 10
72 55
51 47
100 8
84 13
50 13
90 64
97 63
22 2
82 50
76 51
45 28
91 4
86 47
99 34
66 32
82 72
43 2
61 41
82 63
82 73
44 15
83 20
94 51
79 10
80 68
80 75
83 10
72 18
59 5
83 6
14 9
83 15
77 16
83 22
20 4
75 65
47 35
24 23
27 23
52 47
50 9
73 57
87 3
83 39
19 7
70 22
83 49
83 53
57 39
72 49
71 64
67 49
99 47
97 62
99 67
83 71
85 76
69 41
72 45
99 51
82 54
83 79
93 15
55 33
21 9
84 3
76 15
45 27
61 30
90 34
73 68
68 1
74 15
60 58
50 18
97 38
71 6
98 88
95 11
26 24
78 39
94 34
30 22
33 12
88 74
95 89
84 42
84 49
92 85
87 22
92 40
95 28
78 46
84 63
43 27
90 63
89 41
84 70
75 73
81 40
72 36
67 41
85 45
78 21
85 4
53 12
85 9
40 34
85 13
50 28
87 10
63 34
56 41
72 12
18 4
85 26
31 7
85 30
32 30
91 85
89 62
79 77
76 35
99 62
95 94
73 52
10 4
76 20
87 53
63 22
62 39
83 62
88 47
85 54
85 55
22 6
79 3
53 18
26 4
97 17
60 41
27 21
59 55
89 48
29 14
89 61
98 63
91 10
44 17
51 50
82 27
26 8
85 83
66 4
99 61
83 55
77 35
68 25
98 27
72 8
40 23
85 24
30 5
98 50
43 36
35 1
87 21
41 1
48 44
70 4
90 33
80 61
86 38
96 61
86 41
38 15
86 43
56 14
51 36
95 8
94 90
36 19
93 65
77 52
81 68
93 69
73 30
85 62
86 69
96 71
87 26
57 42
95 73
89 43
43 40
97 54
83 44
65 46
93 75
86 81
86 85
42 33
91 72
84 2
32 17
27 20
48 12
39 7
96 20
75 30
87 17
73 44
82 11
64 9
61 49
29 27
40 30
10 2
87 50
97 61
74 11
94 33
66 16
26 1
94 38
63 12
61 1
61 22
31 24
64 30
87 54
96 31
87 56
87 57
70 1
53 39
98 89
61 8
99 76
93 83
87 69
80 4
96 78
51 13
39 27
73 9
51 35
96 82
69 12
18 1
97 18
60 20
72 9
88 5
89 26
60 1
70 32
90 38
79 34
88 11
88 12
96 87
61 33
90 78
88 26
88 56
88 28
96 68
35 34
63 30
60 24
67 35
82 41
89 2
94 28
88 50
46 22
78 40
34 24
51 5
72 38
70 21
38 9
88 65
94 19
75 47
68 51
97 74
96 85
88 78
98 31
88 80
89 73
99 95
88 85
96 44
74 37
64 27
90 23
58 34
79 48
74 28
89 14
19 9
43 38
81 54
93 27
94 36
89 24
75 15
47 39
83 29
71 43
87 38
50 16
17 4
100 81
99 21
89 40
99 83
96 39
32 19
67 19
27 14
89 50
83 5
65 12
62 27
71 2
92 84
68 40
73 43
57 48
85 51
80 47
89 70
59 47
18 13
96 1
48 43
89 75
26 25
91 58
89 78
51 15
74 7
89 82
85 52
77 45
79 14
77 25
50 5
53 32
90 6
90 7
78 61
90 10
95 64
75 60
72 67
77 26
36 22
90 19
71 53
89 4
68 35
61 27
51 44
73 5
90 1
75 51
50 43
42 21
70 37
87 6
90 40
53 43
90 42
82 15
78 58
90 49
59 30
90 54
90 56
61 43
75 28
65 28
90 61
90 60
45 40
83 69
87 78
68 6
64 42
93 45
72 11
30 8
60 55
40 16
17 12
53 19
51 17
76 1
76 3
74 45
69 10
71 38
37 15
73 31
39 33
85 78
27 16
91 17
69 11
58 3
65 58
74 33
55 54
91 31
84 56
94 75
72 44
90 43
91 25
95 36
95 4
97 45
69 32
46 1
78 51
37 13
10 3
91 55
94 37
23 6
13 4
90 20
94 6
91 71
85 33
87 72
78 34
87 29
45 42
20 13
50 36
63 54
91 16
42 24
79 67
87 85
97 71
92 4
97 12
92 6
93 82
58 48
69 36
92 16
96 35
65 54
81 15
90 27
57 19
80 2
67 42
92 41
85 65
91 9
73 23
58 32
28 26
89 42
95 50
74 26
39 6
75 74
15 5
82 31
78 65
39 12
45 29
27 5
53 25
35 31
67 6
36 27
98 35
66 3
74 13
92 86
89 65
28 3
91 14
92 74
93 6
53 14
87 7
38 27
77 18
49 18
65 3
73 6
87 30
76 34
39 4
9 6
76 41
43 7
88 29
58 11
71 61
3 2
93 56
60 33
90 2
43 30
47 32
76 53
83 9
68 39
72 65
77 14
75 39
82 78
84 83
59 17
93 66
93 67
24 1
78 75
34 26
17 10
75 13
63 42
74 50
87 65
93 86
93 87
82 12
93 91
92 2
74 9
70 64
27 25
28 13
33 9
85 77
47 9
77 27
90 13
73 41
88 61
58 45
93 73
88 48
55 43
94 30
82 49
75 56
55 27
94 35
33 26
49 37
62 38
68 2
16 14
82 76
46 36
71 45
73 40
66 50
57 1
47 10
94 64
99 39
88 9
33 32
94 69
76 10
70 20
16 2
94 78
47 12
75 43
93 61
87 5
84 41
68 28
100 7
62 32
83 34
70 45
60 2
92 31
86 52
51 22
95 10
72 60
68 53
63 50
91 60
46 23
97 7
62 1
55 44
86 34
87 55
42 3
95 30
95 32
68 54
36 13
63 33
95 38
17 15
85 2
94 25
58 7
94 58
64 1
61 28
29 18
36 6
63 56
98 44
95 18
32 6
80 25
69 46
48 17
50 48
95 83
95 84
73 64
100 65
68 48
91 5
81 77
80 59
97 81
24 7
41 13
39 28
94 65
31 6
60 56
28 7
88 51
52 29
86 75
42 15
79 64
75 55
97 36
84 28
88 15
89 71
85 20
47 36
69 14
31 30
86 66
72 71
71 10
79 76
96 49
26 13
74 73
64 40
96 64
96 66
77 9
86 15
96 69
48 47
56 44
55 29
96 76
85 19
80 76
98 17
94 32
64 5
53 10
79 46
60 17
78 54
99 37
72 32
91 67
54 44
97 9
54 10
98 23
92 5
100 69
53 26
63 57
88 1
57 17
41 14
87 4
90 69
87 27
97 30
81 16
34 19
98 19
58 23
41 22
57 45
18 17
31 17
47 25
50 31
55 14
93 47
67 46
67 51
5 4
85 27
35 11
58 57
6 5
73 66
71 68
97 76
70 55
58 8
94 29
80 13
77 70
98 4
98 92
98 1
41 29
71 1
93 29
57 2
84 65
98 12
43 33
71 30
82 45
39 11
42 25
25 20
97 11
38 19
43 31
40 8
98 77
57 40
85 22
14 5
88 76
98 37
91 22
47 29
94 48
98 43
8 3
98 45
98 48
94 55
39 32
98 51
60 46
98 25
70 63
45 35
58 21
80 50
98 64
53 8
92 50
46 8
52 42
98 73
62 24
99 80
45 36
77 46
29 25
84 21
63 14
46 11
92 81
80 58
71 7
99 3
99 6
72 37
32 27
28 4
99 12
100 71
46 5
27 7
90 18
80 56
61 2
44 21
5 3
79 19
58 12
92 55
87 9
81 80
91 42
98 96
68 8
91 38
93 8
74 36
68 33
99 53
97 13
55 15
45 4
97 60
92 29
17 9
50 41
61 10
41 23
92 69
99 74
77 58
92 73
99 78
59 31
69 1
98 53
44 27
26 18
99 90
95 80
88 83
59 7
96 4
23 10
20 9
62 10
93 12
33 28
27 24
74 20
95 7
83 35
87 8
68 31
71 51
30 26
86 70
15 2
21 13
56 10
77 20
97 21
100 40
78 33
28 17
91 52
100 75
74 12
95 12
90 15
65 55
95 87
61 58
41 2
84 35
50 44
85 56
58 25
59 44
60 40
85 43
86 78
33 10
24 3
73 25
100 84
62 22
66 49
100 93
84 14
92 7
97 82
