21 23
10101000101001100100001
10001001111001010000101
10001011011011010110011
10011000100111010000001
10000100010001100010101
11011001000100011100111
10101000010100001011111
10001000000010000001011
11000011101011100101011
10100001010100000111001
11101001011100001001101
11101010011000010010001
10010100110010001011111
10001000111100100110101
10001100011000000000001
11010000101011100110011
11011110001110100011001
10101001010001111100011
10000010000000001010111
10100001000100000010011
10001100001000010000011
