43 31
1000001111100000001110101101011
1011110111001000010010111000011
1001001000111011010100010010101
1000101010010001010100111101001
1001100111001000000011010010101
1010010111011100001000101001101
1000110010010010100001010000001
1111010101110011001111011000111
1011101001000111111111100010111
1010011110010101100010010101001
1001001001010101001011000010001
1000000010000100011001110000001
1011101010110111100010001111011
1001011010011000000000111100001
1101101101110110001000010011011
1110101010110101011011100101101
1101100111000101110111001111001
1100110011001001110000001001001
1111100000000110010100101010111
1001010000011010010010000001011
1100111001001000000000011101001
1101111110011111000011011100111
1010100011101110100101101111111
1111010111011111111110001011101
1010011000111011110000001101101
1001000110011110000010101110101
1000010101011001001110001011011
1001100100011001011100111001001
1001000011110100111110100010101
1101010110101000110110111100101
1000101010011001000101011100101
1000111001010011011010101111001
1000000101110010100111010100111
1000011000100000101000111011011
1101101100111100100010010011011
1000011000011101000100110100001
1111111100111000000000101001111
1110010101010011010100001100011
1110011011000110000001110000011
1001010110110101000110010001101
1111100111010110110000111001011
1000100100011001110011111010111
1100100100011010100010010010101
