60 43
1011100010011010001110000001010001110111011
1111111001101100000100001110000010111010101
1000001100110001000011011110111111111001101
1010010100010010101110100110111011100101111
1000000111111110100110101011000100101001111
1101100001011111011100010100100001010001111
1010101001011011011110101101110101001001111
1100010011111000111011111001010101010111111
1100010010111100110111011010101011100001111
1010101001100011001110000001111000000010011
1001101110000010100001010101000011110000011
1010010110110010001000000001000010100001011
1101000001000000001101010001101001010000111
1001100001011110110111000110110000011101111
1010011111010111100011011110010111001101011
1001010100101110100101000100101010010010111
1101110110000010000110100101100010101011101
1001100010010101011111111100101110010001101
1100111111100100001010100111111100011101111
1001110011010001100011000001011001010001011
1110001111011001000000001110111010010000001
1001000000111001010000010001001010111110011
1011100001000110100101101001101010011110101
1100000110111110010011011110110111100110101
1101010010101011111001111000100110110101101
1111000110001100000011111000101000100000101
1111000000001101010000101001001001100110101
1001100100011010000101111011100010000000001
1111010000110100111010000100011100011011001
1011110010110100110111100001010000001110111
1101001010000111011001001110011010111101001
1000010110100000101100000011110001101111011
1010101000100000001000011000110011011000001
1100111000110111101100000010011011101110001
1101101101000011001010100011000100110101111
1101100111100000110001001000000000010011111
1011000001000000001001100011001101101100001
1000111101001101110011001101011000100010111
1101010101001000101000010100000001001010101
1110000011010001100111000001100000110110001
1000111100011101010011010000110110101101111
1100101101101001011110011100011111110010111
1010110101110100000111101001010010001100101
1111001010000111011001001001110111010000101
1010000111100001011101011001001100101000101
1001111000111010100110100001010100000000101
1110000101001011011010010000010010111000001
1010100011001110010110101101000101000001101
1101100100001101101001101000010000110110101
1100111001000000000001000111101001111001011
1110111001101110010110001010101011001000011
1000000110001111010111000100001010011000001
1011000101101111111111011000001110111110101
1110111101110110010101010010100010101100101
1011011000011011011000011101011101101000001
1010010101100110101100110010110000101111101
1000101101100011100011100011000010111001111
1001010111101101011110100000001011100011111
1101100011000100111011010010110000110110101
1110101000010011010001110001000100110101101
