66 66
101001000011101111001111010100011010101010111010110100011011000001
100100001111010111110010010100100010101111111101010000011011010111
101110100010010110011110111101011011000001010101010001010000100011
110010010101100010111011000111100001000011101011111011001001001111
101001110010010101101010000100101011010010001000110100101001000101
101011011000101000001000000100110100000110000010111010010100000001
100101110000000000000000110010101101001110110011111101100101001001
101101010011110000111010100000101110011100100010100110000011100011
100011010011000011000110101111101100000101100011110010101110101001
100110001000001101001001110000100010000010111001101000010001000011
111100101000001001010001010101010000100111101011101001111000001001
100101110101110100001000000100000001100100101101001100100111100011
111001010001100011100011100110101101011111001110010000010100010011
110011101110100001011001011010101010010011000010011000011011010011
100100010000011000011110010000001110010111010101001000000000101111
110111001100011111011101011000100110100110100111000000000101100011
101010110000011111000010110011110001010011011100101000100011111001
100011001001011101001111100010001110111110101001010110101100000111
110011111110101100110100101111010001100010101000001010000010100001
100100101000111101000011000010111101011110010111011101000000001101
111010100011101101001001010001010000111111100100001111000000010011
101001001011101001111010100001100001111001000101010010011001010111
111011111000000111100000100000110100000011010001001110000110110101
111100011100111011111010111001011000000010000110111111000000000101
111100100101101011101000011001001010010101111101111100011100000101
111100110100110100000011010011001100111010110001001010100011010101
100000010010101001000011100110001101000111000010010100100111001011
101000101110001000100110000000101010101011000100100010011110100011
111010100100110010001011100101011000000101011111101001111100111001
101011001100110000001110011000000111011111001111111011001000011001
110010110000010000111000100110111001001111100001000010000100001101
111101110110100110000011101111101000010100010110010110010100100001
101001100101110101010111001001011111010001000101011000000011100001
100000010101100111100110000000111010100100110101000000101000100011
100001101110000011111100001011110101010100101000010100000100101011
111000101111000001111111000011100010000000110000110100001000000011
100001110000001110111110100001011110010110100100101101110001010011
101011000111100100110000011000000000111011111100111101011101111001
110011001000000011101010111100011000111000010000010101111110001111
101110110111101001000011101100101000100000000001001000101100011111
100000101101000000100110100000101001000111011001011100101101000111
101011101000010001010011000100010001001011111001011001001000100111
100000000001010010110000101010011111111111011101111100000111001001
100110001010101001000000011011000101001000101110111001001010001001
100101110001001000001010001100111011101010110110111110111011111011
100101010001010100000011001110000110111000101000100101001000111011
110010000110011100001010010010100110001011010110110010110010000001
100101000001100010001000110100111011110001100110101001000010001001
101001001101000011101011010000111000001000101001001101001111000101
100011111000011011000110011110100001011011100000110100110010011101
101000000111010011010101110111111000001110110110000011111000010001
110011101001111100000100000001000100100100101100000101111000011001
100100101001000011110110010101111111001101100101111000100011001001
111001100011001010011000101000011011111000110100010111011110111101
111110100001010111000100100001101100010010100100001110110100110001
100100000110110000110110000011011111111000110011011001010101111001
110000010000101010111000101000000110110001001100100010110111000011
100001100001011010111100111110100110111010100000101000000011100101
111101010001101001011010110001010001100100001001100000011000001011
101010101000011001000101110011100000011011101100000101000011101001
111010001000110111010100011101100101111000000001000100111010100101
111000110010001011010001000100000001001010111111010000111111100111
111100101010011011110110100110111100100001101001101011100000101001
111110111100010111110010110001001101001101111011001110000010001001
111001011111110010011001011110110010110111101000100011100001000111
100011001100011000111110010100011101011011010001000001000001011011
