102 110
11101100101011000100010111100001000100011100000001010001000000011000101000111010010111110101100111100001000111
10110111011010110100110010000101101010000011001100101000001000111000110010010010100001000001110100001111101001
10010100111110010100100111000101101110000100011100011010101001101000000010010110001110010001100111011110101001
10001011011000001010100010100100100000010000001111010011111100000100001011000011101010000101000010000110000011
10000111000111001111010001111111000000100000101100001100110100100000010100000101001100101101101011001001000101
10010001010111111011011100000100111001000001000101001001011111010111100101101111000001011001011101010001000111
10000000111011010111000010101010100000100100110101010110010000111010110111011110000001101000010100111100100011
10000000101100000001101110000101010110000100011001000000000001011101101110000001011000001110101001111010111101
11000111110010101010000011100101101011001011001010100100010101100110001010101101110101100101101011110000100101
11001000000010001011110101000101001101000101000101111011001011001100010011100110110001100101000010010001100011
11110011100010000010001100100010100001110101110100001001101111010100001000100000010101010001001001111100110011
11000110111110000001010001001010111111101111010111011000000011010001001010110010000000100101101011100111110001
10011111010000001110000000100010011000100010110000000101010001001110001100111010110011100100010001100010100001
11100001001101110001010010001001010101001001001010010001110110100001100011110101100001100101100000011001110001
10110000110101110011101100101001001111111110110001111001100101000111011100011001001010010011100100000010010011
10100011001001101000010000000101100010111101110011000000010011101000001001100010011011001101001110010000100001
10110101100010110000100011000111011111000011110110100010110101010101001011001110000001000111110010110000000011
10011100100001010110011101000000111001101000111110111001110001011000011000010000010010000100100000000101100111
10011001010000010101110100000111000110001001001000110000000110001011101001000000111000100011000011010001010111
10000000100010001101010000000011011111000010101110001000100011011001010100000100110111010001101100111100111101
10110000010010000001110100101000001000111011100010010010011101100111110111111000010000000110001011110001101111
11000110011010000010110000111011110010010001100001101001100100111101000010101011010110000000010110000011110111
11100000110010111100110100100010100100100110111100010110100011010010101000100000010000000001000110100010110111
11100110101100101100110010010001000110010101010001100010100000010001001110100100001010010101011100100100100001
10101110100010000010001101100010000000101001000000110001011000001001110011001010111100010000101011101011001001
11110001111010100101010111101110011000011010111000100111100001100010101010111101100001110000101010101010110101
11101000010010110110110010101001111011100011101011000110111010001010100101100101001001001111101101000001000111
10011111111101100000101101101001110000111000100000110101001001000100000110101101110011001010001011110000000011
10110000110000111000000110100101100001101000100100000110011001001000001000000111001000011110000110110111011101
11100100011010000110000010010100000111010101111101110110011001100100010110111100111010111111111000000110100001
10100101000010111000000101100110111100101111010010101101010100100100010011001100110111100010000101000110000111
11100000000010001101101011000101100000111001100000010010010110001000000111110110101110010101110101110101011011
10011000010101110101000100001110111101000100000011000110000011101001100110110001001010101111111100000100000001
11010000010001110000111000010011110110010000010011000101010010010110110100000101001000001001111010011111110011
10011100001100110110100000000010101101000000011000100110011100101010110011010110011100100111011111111001100011
10000111100101011000000001010100011010101100110101110010100000100110100000111111010100010001100111101001001011
11000000000111011100100100100010101010101001110000001000111010111001000001011111000000110010101111011100100111
11010010000001101011000110101010110001110110100010110111000110011010010010110011101011000001101100000001110111
11110000111010110100100111101100100101110110111101110011010011101110000101000001111100001110111100001100100001
11101100110100100111111011000101101100010011100000011100110111001100111011011001010111000001000011001000101001
10100011010001001100100111001110100100101000100101010000000111110111110100101001100111011011010001110010010111
11110000100010010110101011111100011100101010110010100000100000110001100100100000001100101000001010111010101101
10011011010011100110000100010111101000101101111011000011110111111110100010011001100011011100110001000111010011
11110110001100001100010100110110000110010011010001110010010000101011011101010001000100000010100000110000110001
11100001011011101010110010010110001011000111100100100010000011011100100000001111000000101010101001100010111101
10010000101111111110000001101001111101101010100001001000101111100001001011011110010010000100001000011111010001
10010111000110010110001110010111101100011001011000111000100011101110111111010110000011100100110010110000001101
11101011100000110110000001101001000010101110001110000000100010001110110100011111011001011010011001101011110011
10011000011101110100101010101110110000000001001111101101101110001001000000000110000101000110000001110110110001
11010011011010011110110000100100011111101111010101000001100001011100001010101010001010010001111101111100011101
10110100001000010000011100111101001010001001100101010011001011011111110100000001000000011001001011100001010001
10010111000010110100001001110010111101101110100001010011101011000000101100001100101101111100001011001100000111
11111110110010100011001110001010100111100100010111111110100111100000100011101101110100010000001000111100011111
11001100100010001111001011101100010000110011100011010100010110000011010000010111000100001101011111100000101011
11111011010111001011000000011111111101011110100011101011001100011110100100001011011110000001001101101010101101
10101101110110110111100011010000011110110101100100011111010100000000100001101001000001110100011101000101001001
10001011011100011000001010000010110000000010001000101011001011101100000011110001000000110001010011011111111001
10111010001101100100010110111100110010001001001011000010100110001001010000001110110100001010000001100000101111
10011000111100001111000001010000001001100000011011000111100011110000101000101111010001101011100100010110000001
11001101001010010100000110011000100000100111010100100110110010000010010001110000111111110011111001001110000101
10000001111011011100000001111111000010011001001100010011101100101010010110000010000000011011110000110110111011
10101000110110101010001010001110000001010101011110111000100010011100110100101010101010110111100100010011001101
10010101100111010001001110100101010100001000100111101010010101110010100111011100000100000011011001101110001011
10111010001011111100001111010100101100111000100001011100010000100110110100001001110001001100000001001100110101
10011001101100000110101101111001100100010101010010010111110001010010000001011100011100111111011000110110000011
10101111101110011000000000010001000100000111010010100011100110001000000100011100001001100001000000001111010101
10110010010010010001101100000100011000001110011011010001011010010110110000110101110111010000000010101111111001
11100100000110101110100000100000101110010011001100001110001111011001110010110010010010001010001001000011011101
10100001000010110100000100001011100001001101101000110000111110010000000010111110001000010001010000010011010011
10000101100110101001100010111100110111100100000000110111111010100010000110010001001001100010000010001000010101
10001110100101101000100011010010001000101000101001001011101110110000001001100100101100101001000001010100011111
10110111000111000001001100000100101000010110000000100111010000110100010010000000011100110000010001110100100001
11100001010010110000000011000110001001000000110101001110100000000100111111000011011101001010100101110001100101
11000001111000110000001001110000010111101011011110001001001101101001011000100011110000111001101111100010101111
10000101111010110110110100011011100100000101101000000011010101101110001001110000011011100011101000001100010011
11101100001110001101100100101011011000100001000011011010011000001000110100010001000011010001101000100100100001
10100110010100000100101101011100110010101001000100110001011110011110010110000011110010100110110011100100010001
11000010011111001101101011101100111001011000111001111010000011111010010001110111000101100001000101001110010001
10100001110100101001101111110101000000001101111000011000011110101000000010011010000000011110011011100001101101
10100100001100010011010101101011100100000001010101100101000000001000001010000001110100100011010010001100001001
10010010100101101001001001111000000111011010110101101000111100110010001010000001001110001010111111000100000011
10010010001101101011100110101111000010010010110011111110111000011010010000011010000010010010001101011101010011
11111000101000100000101100010001110010100101001100010101000010010100010010001001110010100111000101001001101111
11100000010101000110000100101111011111001110101011100000000000000011100001111101000110011001111010101101011001
10100010010000011011010001000001100100111011001000100101000100111000100100100111111010110000001101000000110101
10100110110110111001100110111010011011101011000100001100110101001100100110110110010100111001111000111001101001
10010011011011010010100000110101000101100111010000011011100000111110011000100101110000000111101110111101110111
11111110001001110001011000100100101001011100100100110111000101001110100011001000011000001011111011010001111011
10100011101101100000010110001110100001110110110010101111110001100111000101000111111111011001010101110001100001
10011111101110000011111100001011100101001110001001100000101001001101010110100101001010000011001110010100001011
10000010100001001111110000010100000111000100101000110000110001100010010111011010011100100101100110010011110101
11110011111110011010010011100101000000000110010001000010001101110001100001001000000010111000010001110100111011
10011100100100110010001000101111001011011001011100001011011010010010000000101000010111011010100001000011101101
10000100001100100110100001101110101001111111000111111011001101001000100011000000110000000011000100100000111101
11110010010010110111001001000001000010111000111000110011110100100000000011110000000011110001010111000000110001
11000010111100001100010101101011011101000101010001110111101001010101011010111101101011011001100110000110001101
10011110010000001110100010011000111011101010011000001011100001111001010101010010101010101000001000011010011001
11010000011010000101011111100000101110011011100100010010001001000110001000100100001010011110011011110100000101
11001010111100010001000010001010000100110010100110101110110010101010011101101011111100101100101111110000000011
10110100001000001000110100110110101101101000100011011010000000011111100110100101110010101101100100010000001101
10001000100000001001001001101010010011011001010100001101100010111101001100110111111110100100000001101100010101
11100100000010010100110011100111110001000101011111000100110100000010010110100010111011011001000011100100111011
