122 106
1010111010011101111001001001000001110000110101000011000000011101111000000011100110011011011001001101110101
1010100111100001001110010101111000110001000101011100011111101001000000000111011101110110101110101011001101
1011001001001100011111101010111011011011011101010000000001010110000001111101010000110110001101110111101111
1011001010011011010101000011010111001101100011000010110000101100110000111010011101000011010011110100100011
1000010111000110010110001011001011001110100001101111000101101101001001011101111111000001011100011000111101
1111011100010111100100010110100000101101010110100111110100011101110101110111001101000101100110110100000101
1010100100010111000110010110001011011011111000110011100100000011001101010111111000100010100000011110001011
1100111100100110111000101100001110001110011111111100110000000101111011001011111110000100111010111111110011
1100111101000101101100100011111001001110011000011100100000110000000100101001001101101100101000000011000111
1101010111001101100011011011110011101000010011111100101111101101100110001111010011110111001001101000001001
1001011100111101000110010111110011101001110111110010011011011111011111011110000001110101000000000111100011
1111011011101010101011110110001001000010000010111100110010100111000101101001001110011001100110111010000101
1011110100101101011100101111011010111110101011111011100000110000110000001110111111011111101011111100010001
1010000111000110010000001010101101011110000101010110110100100010001100110001010010110000111001111110101111
1010001001111100011011110011110001011110110001100101100011010111100110100000011111100010011010011110101011
1101011001101100100011101100011101111011100000100001000000000111110001111010011000010111001010100110110011
1101111010001011001010011010011110001111001011100001111101100000100101010110001010100101111010011001001001
1110111111100111111101111101101001010011100101001111101111000000011011110010001110001001111101111111111011
1111111101101101111101011101100110001111101011000110101110011011100110001101011011001111100101110011101101
1110110111000110001010011001111011000011100111011011100110011011111111110000010110100011010110011011000011
1100001001011010001100010000111100000011110000000010111010000000111110011000000101010000100011100110100101
1011011100101111001101101111011000011000101011000001111011101011110001111100101110100010111010101010111011
1001101010011011011010001011000110000000111000000001011100100111001111101010011011101001100100110011001101
1001011110011011011101001101000110110011111100010100010000001101110001011110111011111100100101110111111101
1111110000100111010100111100010110011011111010010000101000100100101110000001101011010110001110010111011101
1101111000111011110101111111000111101011000001000110000011010011000111101110110100111101000011011000111011
1101111110000011010000001101110100000011011011110111010000011001101110010101000111011101111110111011010111
1110110111100110000000111111100101100001000011111010100111001001101010010001001010010011110101000000101011
1001010101100000011010010100111111010010000011011001100100101100110111011110100011111010010101101000110111
1011111101111010110011101010011111110110100010010101011011111001000110010010100011011001001010001110110101
1011011010010110001111101100101110000001110001011111111011001011001101000100100100101011111100001111111001
1001110111001101000011000101101110100110111001110101001010011010011100100111111000100111010011010000011011
1110010001101101101111001110010001000010110111110100011011110100010011010101110100011111111010011100111001
1000000111110100001111011111110001110000000000001010001001011010001000110011011011100011111110001011111101
1101111101111101110111111111100000000110101011110010011010001101010101100010011111111100100010001001011001
1010100011111111001001010110010110001001111011011000011111111001110101101000000111000110001111101010001001
1000001001011100010001010000001111010011100001010101101001010011111110000100111011100011010011101101010101
1011000001010010000100100111111010101110000100111101010110110100001000000101111111111111101111101110100001
1001100100110010010100101011111111110010011010010010011000101100110001001110001101000101100010000010000011
1111101011011110001110101111110001001010011100110011111110111111011110001110001001010111111101011101011011
1110110101010101001001001000110110100101100110111000110111010001110101010011110011011101000000011110010101
1110111000000000101001111010001100110010011001001101010000110111101000001001010100000100101100001010101011
1101100001011110010110011000011100010011100101011101001110010011100111111010110001010001001110000100110001
1101110111101100111000010010011001101111011011001010110011010111110110010100111010101000111110110010000111
1011100101111101100001010011110111111100110100010100000101011111101011010111110101110110111011000101100101
1111000010011010100010011111110101011100001011011111110001111111011000001100010011111100110101001101111111
1010101111111010000001111001011101101000010001010110100000110011001011100111010111001001011110010101000101
1011100111010000010111010110011111111110101000000101001000011110001010010111101010100101110100101001111111
1101000010100110101111110010001001100111001001001001011110100101000100000011111111001110100110101100111001
1111010000100111111111010011100110001001011000111010000011011011101101001001001100101101110011101011101011
1000111001100010101010111011111001000001101110011100100110111011100001101011011101100010001011011010011001
1111110011100000011101100111100100010100010110111011110001111011101010000011110100101101101111101000011001
1111110000000110100100111000010010000101111001111100110101010101101011010110111101000010101100101000110111
1001011110100100000101000011011101010111000000001001110100101011101111001100110010010011111010110011101001
1101000111110100101011001110001101000010010100110110000110011110011101011001111111111011001100110101000101
1011101100001101000110110100010111100011111011100110111010110101111100010010100001011010101011010010111011
1111111010110100101000110100011101011100100010100111100011111110010101101011100110111001011011010000110001
1010100101110111100110101000011101001111010000110000111001100110110011001100110100010101011011101111101111
1010010001111001100001000110000011110000001101011010101010001100001111011111001101110011101011101000111101
1000011010000101111000010111011100000001110110011001101111001000100001110110001000001000010101111000011001
1110100110101101001101100001011000010001111010010011111001110000110010000010111101000011010010100111101111
1111110000101001010001011000001100111101100101111011100011110101110011100111110011101101110100011100010001
1110011000000101000100111101011010110100000110011110101101110001110101010100011001101001100010100011100001
1000000100001001101111111100001111101010111010111101101100101000100100010101011101010110000010001000100011
1111011000011101101101100011111110000111100011101011100101000000110101001111011100100001011110101001010111
1001101011000101010100101100011000110011000000111001001011110111000001100011101001010110001111100101010101
1000110110010110000100111111110110111010111101010010111011000101101100110010001100010110001010100100011111
1101000111000001001111001010000001111101100110100000100001001111101110000110011101011101000100110000000101
1010010001100011111000001100101101010011100000010010011101100000001100100011100111100011010001001110000101
1111110101110111111110000010001110010101111111000111001000011000101110001011001101011000011100010100111011
1000001111101001011100100100010010010101100010100111100111001111110100000011010110110010000100101100100111
1111000011000011111110111001101110000110010000011110001111111101000110011001011000010010011000100111101001
1111001000111011011101111110000010110010011010001010110001111010101100111011000010011011100001111010100001
1110000010101111110101111110010011011110110010100110010000101111010011110110111100010100010001000100001001
1001001110111100110110010101011101111110011100000001000001111100101011010100111001100001111110010110011011
1111101001010011110000101100101000100000010011001001100001011110001010011100110101111010000101111101010011
1000110101010111011010010101101011101000001101111000100111010111100000110000010001100100001000001000100111
1011110010101000001111101100101110111010010010101111000000111101110110111100111000000000110111100000000101
1001110001101111001100010010100110100100011101000100101000111010000001011001110100001011100010110100011111
1111110101000001000111010110101110101110101110111101110000111101010010110010010001000111100011110110100011
1101000011000100110010111110111100000111101111010111111011100011001111111011110111101111110101100000001111
1111010110011011111110001101001010101101111110011111111111110011110100010101001101011011101111010001111111
1000001000111111111101110101101101110111111100101000010001011011111101110010001111001100000001010111010111
1111100000101101000100001011010011111101100100011001111110110101011111010111111011110000100100110010001101
1010110001100000111000101101100111110001110010110011000111110001010010010111111000000110010111111110000011
1010101010010111111010100000010101001110101111111011001110011111001010001001010011111111010011100010010111
1000111010001000011101100110101000001111111111010101011011101110111100010011101111010010111001110010111111
1100110011010101100111100100111100001001011110010100011011001010000101101111111101001000010101110011110001
1111110010001101101010100111101110010000100111111001100100010100011111001101101011011111110001101111100111
1001001011111111000110001111101101100101001100011110010101001001000010000010001001001010000100101111001101
1110011111110111000111111101010000101101010010010001100011001000101011100100110001101110001000111000000011
1110111100001010110000001010000111100000110001100110001011111000101000111001110111011011110101001001101011
1100010000101110000101111010110100111011101001100101000111111101011010001001101001001110011110100001001111
1110011010111110000010100101100110010110100100110101011011110110001110101000101111101010101110101000110101
1101000111011101101100101011011110001111000101000000000001010010101010111111100010011101110001010000011001
1010110001100010011110001101100101011010101111111101101100101011011101001001101010011010001001011011001101
1000111011101101010010110100111111111001100101001011111110000000101111010000010101011100011010010101001111
1101101100101110000111111110100011001100011010100000011101100111010011100000101000000000111010110000010011
1010001101011010000110011000100100011101010011000011001011101011001111101000001101010111101001010111010101
1101011110100011011010101000111001110000101111111101100011100001111110101100000010110000111110110100001111
1100101111100110000000111111100010100001111010101000001101111001000001101101101011011001101111001110110011
1011001001111001011110111100000011011000101111100011101111001100011101000000111010110111110110110000011111
1001100100011110111111101011111011110110001100111011000100000111110011011111100011110001001010110010101111
1011000101110000000010001000100001010101111100000110011011100101110000010010101011101100101010101001101111
1011001011100010010001110000001001011100111010011110010111111001000111111001010110011010010111000111011011
1101010100000011010110111001001010100100110111000001100000011011101000111101000100100011101001101100110011
1100011111001001101110010111110011110010110011000101001111100011110111100001110010000010101010111000010111
1010100010011100111001110101111011101110111001101101011010110111010010111101000011100110101001100111000111
1111010110001010100010110110010001010100111111100110000011111010100010011001100100000101101011010101010101
1111011011101011111100111011100111100000111001101010011001101010010101001000010110001111011001001011110111
1001000100111010010111110011010111011100001111011110110110010000011001110101010100001011100001000011011001
1010010101100101101001111101011101000101110111110110100010010111110111001111110000111111111010111111011011
1111100111100100011010000101001000011100111110111101101001001010100111010010001100000001100000001111111111
1001001000111000000101000101010001001001101000111100111010010110000100110101101110111111001101001100010111
1101110010110010100001001110000111010011110000111010010100000010000010101011010000000011000100100011100011
1111000101110011111101010111011010000110110111100101110011110000110100001100100111000101001111010010000101
1011101001110111011100111101010100011011111010000100000011011010101101100101010100001100110110111110101111
1101100011111111011010101010110001110011001100101001010111101000111110011001100101001101011110100101010011
1111101011010111000111111011000101111101100110010101110011001101100000111111001000011101010110110100001011
1100101101011111101111101010001010100001011011101000001011000100000011100001100100100001110001001010101111
1010110111100111010101010110100000010111011010001100010111001010000001111011100111110110000001111001110001
1000111110100000111010000001101100101110000100010101100010011001010100000111000101100101111001001101001111
