170 135
110100110000000011100101001110100111101001011010000110110101010111000000110110011110001110001010001001000100000100000010000000100100101
111111101100000010010010001101011001101100011101011010101100000001011001100000000010000000010010000001001101100001000000001111000011001
101100010000010011010010001101000100001010001010111100001000101100000000010000100100001000001100000000110000001101011011110100001001011
100100101001111110001100000001011110101100011110101000000101000110001000001101111001101111101100111000001000100011001000011001000000001
111001111010110000011011000001110001110000101011101000110100000100000001110101000011100110110000010011101110101001110100001010100000111
100101000100000011100100100110010010101110001111001101110010100010111000000100111100100001001100001100011100000100011000101100110011001
100101100000101001101000000001101010101001011001000010101001011100000010011000000110000010000110101010011001110000001000000001000110001
100010100100111000011001101110111101010011010001000001010110011001010111011000110100100011000000100000000010110000111000010011010100011
110111111101010000100010001010111011101010000010011010011100010001000000100011011111000111110000001101011100000010000110000110110100011
100010001101100000001111010100110101101111000101000000001010110001111110000010000011100110110001100000101011100010110010101000000100001
101001011110000100011000101011110011001101101101001011010000000110001111011110101111011101110001000111011110000001010001001010010001101
110010100100000110000111001001000000101111001110000011011100000010000110011000100100010011010101111000100010000100000110000000010100001
100000010010001011011101101100000000000111110001000110010101101100101000000001011001001100110001000000101100100110101000110000011000001
100000111100000010011010001000010000001001101110001000000100000111100110110101100001100000011010101001011000000001011010000100000010101
101000101000000100001011100111010100101110000110100000010000000011010010110100001111011000000011101010111110000001110010101011000100111
101000001101010000100101100011010000010000000000000101000101000000110100000000001001011011001010000101000111000100001100011001001010011
100001000110000101000001101000011011000100110111101001100110100111010001010010000001011101001000010000000010010011100101010000101110011
100000001110100111010000001000011000011001001101111000000000001010000000000000001001100000011101101001011000101000011000100010100111101
100101010110010100000111100010000001010101000001110011100111100000111101001111000011010010010010010001011000100010000111010100101000001
110000100100001011000000010100100000100000011001101011110110100110001111000010000100000001000010000101001110110110111000101000000010011
111001101111100011000111001001001001000000001110110000010111011001110001011010100000000111111011110001000001100010111000100100010001011
100001000001010000001011011000110110011100001000000110110011100111000101000101000001110110000000011111111111001011011010100000100100001
101100000101001110011000100000000010011001000001000100001001000001000101010001101100101100010010101010100010111100100001100110000100111
111100000101000100100111001000010100101001111010110100000000100001111100101100111000000000010111001000100110000110011000000110000110001
100011100000110010100111000010010001010101000110000000101011010100000111010110100100100000100100010001101110001101011011010100010000001
110000000000001011010100011000000111001101000010001010000010100101101101000101000010110101010000010000001000000110101100100011000110001
101010110001001100000010001111101011000101110000000100010011010100111011000001100000011110001100000000101111101100000010010100001000001
110101000111100100000100000010010000100001110110001001000000010011010110100001110100110110001111001001000101110010010101100111010010101
100000110100010110001010000000001000000001000110100000010011100001110110001000000100000000110011001000101000100101000001000011010001001
110000110110001010001110000000011000100110101100110001110101100110000100100110100110010001101000100100010000001100110110001101100000001
101100100001000111101100010100110101111110011000000000000100110000100001100000000000000010001100100001111001111100010111101100000100011
100000000010000011011011100011101110001100000010111101000000111000011000110000010100000001000101000011001000110100001000101001001101001
101010000000101011100001111000010100000001001100001000000100100101001000001011011100001101010000000001111111101000010010111010001010011
101110100001101100100000101100000001110100001100010100101100000000011011010110100110000011110100001110101010000011110010101010011110001
101010110100100110000111000101000011001011000000100100101100000011000001001000111000100011010011110000011000000000000111100000000110001
101000111010110010000110000101111011001010010010101101010010001100000011101001101010000001000111010100010110000110101010000110110101001
111010100011011100111100000000110001000100000111111100000010000011011000100101101110011011001010001001001000010010000001000010001011011
101000001000010001100001000010000110010110011000000010101100110011010000001000101000110010001010011001110000001010001100011010000101001
110100011000100000100010100001100010000010111010011001000000001101000011010011110100101111010110100011101011101010110101000010001100001
100101100100011010000000101011000000111100000110100001010100000000101111000111001011010100011010000111110001000111001100101110011100011
100011001001101010110100100000010001100010111101000010000011100010001101110000000011000001101000010001101111111000110001111001001100001
111001000110011101000100100010100000000110110111000110111100000011000111000011100010010011010000100011101001101010010100000101110011011
110010111001110010100100000101100001000000001001101000011000100101010101111000010011010010110011010101100010010110100000000010111101101
110100100000001110110010010110001101001010101010000010011010010000100010100101101010010000000101100110100011000110010111111101100101011
110010001100100000000010011001000111100001100010100111100110001101111011010011100000101110001101011100001111000101000010011000100010001
110000011000110110111100110011011111000000101010100001110000101010010010011011011011100100001000100011001000100110010000000001000001011
100100000010011111100101010101011011000100000000100010000101000010011001001001110001010010110001010110100101110101001000101000111111101
100110111110110010100000011110100010000110101100000111110100100010101100110010101000001111011011101011000011110110000001001011100100111
110100010010100100001101110111001001010101000000101101110000001111010110000101000001110000010110000001110001000000000011001011110111111
111010000011110010101010010000010100010110001110100001001000001000110001001110101001000111000000011010011001100000001000101100101000111
100100000010011110100101011110101010001000101100100011000011110100100010010000001111010001111111101000000110001000101011000001011110101
100100100010101111100101010010100011000100110000001001000001111010000000100010111010100100010001100001011000010010011001101111100100111
100001110100101111010000000111100110000011010110010101110100000010011011000100000010101100010100010011110001001100000110111011101100001
100101000000011000000100010011001000101011001011101000000100111100011100011001010001111000000001111000001110100100000001101001101000001
100001010000010001101000111000000101000010010001010000111010110010000011010111101000001000110001010100001101001100110001100101010001101
100010000001101000000001001011100001101101110010101000011100011001010000001010011000000000110100001000010000000011110110000000010111101
110001000010000010100001111001000111110000000100100110010100110010111111001000000100000010010001010010000010001000101001110000100101101
100100010000100100011001001000101010110000000110000101110011101001000001111000101100101000001000001000101101010000100000111011010010011
100100100100110001101110000000100001011001011001001011000010001001101111001011001001001000101010001010000001110010111100000101101000001
111001010100010010110000110100010000110010001010010001001000010110010001001010100011000001100011100001101011100100001001000101001101001
100011001010000001000100010001100001001000100110011000011001010111001001110000011100001100110100001110011010011000111010000010001101111
110000011100010100101110010110110100010001010101010101000100010000011110001101001100101100001100000110111000000101110111000110011111011
110000000000010101100001000000010101000010101110111010000000010101000100000011001111000101100110110001000011000000111010010001010100011
100000010011000000010000001001000001100001000000001110010000100110100110000101010000010110011111000000100011000001100001101101110000101
111001000010000111010010101001000011000000000010011111110100000101001100111001000001010010011100000001010111000001000011001000000000001
100010010011100000011101100001110101111001010101100001010000010001100111001110001000000000111001010000010100110110000011001010000000011
101111100111001101001100110101010100100000100100101110110001110101000100111010000000010100101000001000100100001110110001010010110101111
100010010100011001000011100000101001100010100100110010101010001011011101110101111000000110001001011010010000100110110110000101100101101
101110111101000000010100001001011011100100000000110000000001000000101100100000000101001000000010001100000000000000100100110101110010011
111100001100100100010010001001110100111010101100010001101000000001100111100000000010011010011110100000000010110001000011000010010000001
101100110110111101100000000010100111100111100000001000100101101001000000100110000001000010001010001001010000010001111110000110001001101
111111101100100000010000101110101000100001010111010111011000100001100001011010000010010000101010100111000000101101000101100000010000001
110001000010000101000011100010001000010001000001001100010100100000000000010000000000110110100011001110010000100100110011001000000100001
100000011101000000000100011101000101000010110000000000001000100000110010011001000100010101001100001000101001000001010001010010000111001
110110101001001001101110001001100010010100011010000111100101011100000111111010001010010010001011011000000000010001000101101011101111001
111100000001000001000110100100000000010100110001100101100000000011110000111000000100000000101000111010101011100001101110000111000111101
101000100010000001001001010110000100000000100010100101101000101100110100000110011111000000101001110100100000100001001100101000001100001
100011001100000010001000001101001100110111001000101111000110000011110000010100111101000011001111110011111100010001110100111010100001111
100010100000000100001011111110010100000011000111000001010000000000100010000110001010000001010001000001011001110000100100100011110100001
110111010110111100011001001111011001000100000000000010000011100100100000010000101001100000011011100010000101100000010010000111011111111
111000100010011000010000010101011001010000010010100011011010110100110010010110110010000111101111010010001100111011101011010110111001011
100000010011000001000010000101100111000100110100001000000100110001110010110110100110001100100000001101000110000100110001100010101010001
101000100010000001010100001100011001000001001100100100011000010111010100101001011001111010000110111011011011001001111001000000010001111
111000000001111100010101100110010000000000111010000000000010100100100010001100000000011000000100001010000100101011011110111100010100001
111000000100011100100100000101001000010101100001100001100010101000101001110010101010110000001110011010000000010110110101100001001111001
100001000000101101110000010110000000100000101010001110100110010011101111010100010100001001001010110101000110001011010110011110000101001
110110010111010011000010001001100010100100001011011010010111010001000100100010101000010011110110001000100001011000001100001111100001111
101001000010010010000100001010000001010110100100011000100000110001101111011010010110000110011100101111101011001101100000000000000100001
110001001110100100100111000010000000011100011011000010000010000110100001101000111001011011000001100101101101001000010110011001000010001
111110000010101001010101100110010000100010000011010010001000100110100010001000101101000100100101110000110011011110111010011110100010001
110010011101000010011001111010111000011001110000101000111010010000010111001001001100011101001110001010010100111110000001011001111011001
111100111000000001000000010000101000010010100101011001101001111000010000010000100111011101100111111011001111110100111101101001000110011
100100000100011010000101011111001110100010001010100000010101000001100110101100000100100100011111011111001011010010001010000110010000101
100000111110011000000000110101001010000000101101100000000011000000110000000010000010010000000001001000000100100001000111100011111011111
100101111010000100000101001100010101010010010000000001000011000001011010000010001000110000001100000000010000010001110101111000111101011
100110000000000001101001011010101011000100010000100100110100100000010011001101011011001000000001000100011110001101000001100110100000001
111111010101000100000000100000001010100001010010000011011001100110010011011010011000000010100010011000100000000000100110011001011001011
101000001111010001011100001001000011011100000010110001000010001011000000001000001101010110000001110001010001010101000000000000000000001
110000000010110101001111100100110000001000010101110000010000000101000001100111001010111011000100000111001000000110010011110101111010001
101010010100101001101000100000000001001000100110010010010101010011111000000000011100010011100101000011000100100000000111100101111111011
100111110001101111101110001000111001110000001000110010000100111001010111001100101111110010101110101000001011010100000010000010010000111
111001000000100011000010000101011001010100001011001000010011100000001001001011101001100000110000000011010000011100001010001110111100011
101001011001110010000111101010110110000011000010110100001100001000011111101000001101001101010100010110010001001010101000011101001100101
100000101000100000000100001011001100010111011111111010110100100100010110101000101100000010110000010111011010100010100100000011110111111
110011110000000000100010011000110100011001000100101110000100001110001010110001011110101001101011111010000000010100101000011100110011011
110000001000100100001010101000011110110010011001101100010101000000011100010100101001110011000001001001110010100110001001100010010010001
100001110010110101001101000000111011000001100100100001010111001010000011000010100001100110011100000000110010001101010000111110000001001
110000100100000000011100000101011000000000111100001000000001101001100100001000011001011110101000010000000000000000000000000001011001001
100000101100100000011010000000000010001011100011100101001001001010000000100000001100010010010000110010000000001010110110011010011010001
100111011101000111101000010001110011001001001001011110111000010001111111000111100101111010010010100000011110100010010001101100010111011
100010000000111000011000000000101001110001001011100011001110011111000010001000011101000000000100000000000110100101010000100000000110011
100010010001000000010001111000010010011011100010100010000001011011000100111000100101100101110000100000000110100000000100000011010000001
110110000001000100101010001000100000001001000100000101000010000000101100110010110001000001000100101000101000100010000000110011000110111
110000011111100001101110001100110001000010110101000110100100100100100111010011001010001101000000001011000111101110110000011001000100101
110111000111101000010000001100111000010101000101110001010110001100010101110010010010000100000010010110000001000010100010000010100010111
100101000000000100001000000001100000000100011011000101001010100001111000001000000010111101011001011010011101001001100000001101100011011
100001001000011000100100100111001110100101000001001100100000001110110010011000000001110110100100000010101001010000010010010101010110101
100110000101111001001100001011111100010100000000101000000100111100100011101101100000110100010001000010101000010101000000000101000010111
111110100110010001100000100000101100000000010000100101010010000101011101010001110000000010000000000011111101010000110000100111101001011
111001101000010011110001001001011100100100001111011111000011000101001111000000100000100001110101001010010010100010010011110000000010001
100101101101110110011001101000010010000100111000100011110011001100000100011100010110000010101001100110001100110100000100001110101101001
101101011001011010010010000001110011001100000111001100001100011100100000000111111101010010111101000000111100000000000100010100001011111
111100101100101111011011011000000100011101101100001011100011001000100011010001010001001110100000001010001101001000000001000000001111001
110001110011011111010000100001100001001000010010000000110100100000100111000001010010001101110001000000100000101111110001010111001101101
100100101100010110011111100100111111010011111010000001001101111001000010111111011101001100011101101001001110000100011010001001010111001
110000110010000101110010000001010110010011000000010010001100011001001100001101111000010001011101011001000001000001000011110101001110101
100000101111111010010001110010100000011010001010100001100100000001000100000000000011110000111111001110000110000000100010010001010000101
101011001000100000101010100100000010100100000100111101011000101001001111001110001101110011000011001001010011110001000001001010100001011
100010000000010011101000001010100010000010010000100111011100011110100010110100101101100000110100001101000111000000101010100101110001111
100110011011000000110111001011111000100100000100011101100010011100100100000110111001100001001000001000000011001000111010101101000010111
100000011100100111001010010000110001100111000000110101110010110110001100111101100010010100100110011110010000100100110110101010011110111
111110001000000100001011100110011100111000011010010100000000110100100000101100100001000000101100110110000111100010000110011000100010011
101011000001001011100110000001100001100000110100110000100010001001101110000101011001010101110100110000010001101110010000111100000000111
101110000000000100000100101011011000010111100011000100101110000000000010000100001001000010101000000010010101101100101101000000000001101
101000010000000100100110110010000111111000000001011010100000100000010000000000101100100001000010100110001000000000101100000100011000101
110011110110000010011000000100000001110001011000010001100000001100100011000000101000101110000110000010111000001100100000100011001010001
101010011111101100000001110001111110110100010001000010100011011001001010010100001010110010110101000001000111010000101110000011001111011
100011010001001100100001001000001110000000101110010001000000110000001011001111010010101100000010100000100001001100011001100110010010001
100000001111111111111100101010010011001010010001111010011001000100110001000110101101100010011110001000011000001001010110001100001000101
110001111010100001111011011000000000010000101101011100000111100010010000111001001110100111100110000100100101010101101100000000000000011
110100110101110010000111001000111010010100111100011001100011001110101010000010000100010001000101011001010100001100001000101101000000101
101000001000100101101010110001001100101011000010000011010101100100101100100011100000000001001000100111011000000011010110001000100100011
110011100001111010001100001010001100001000010010101110010100010101000101000111000111000010110000000001110000011000001100000100010010001
111101000010110100011101110100000010101000110011100101000000101001110011000000100100000001010001100001100110110000011001001000101100001
100010001010001010001000010011010000010011010100001111100101001100000100101000111001001110010000100001101001111000011101000110000100001
101010010000100000010100111001100100111011000000011111000110000000001000011100100110010100001010100000101100111011010100111100101000001
100010011011010100000101000101100100111000001001010010101011000101111110011111000000010000000001000100001011100000001100010011101001101
101011001000101001010110101100000100010100010111001101100100011001100010000011001000001000100101001111111100010011011111011000000110101
100001000001000100101001011011011010100010100111110101001001010101111110100100000001001000011001000011000100000010011010000100100010111
111000000100011100010001110001001110010001010100100000100101010000100001001001101000101111100010010000111001000010001010110000101001101
100101000000011111111000001100011001010110001100001000110010110111011011010010010000100110010001100111111101001010001010010000101001011
100001101001000001000100111111001101000101110000011100010111000100101100001101100100000000011000010110001000000000011100000010010101001
101000011011000100000110100111000100111100011100100111111001001000100001001100010000110101010000111011001110000000101111110000110010001
100001011101101000001010000000100001110000110011000001000010000000000001101110100101111000110111000001000010000100011110010010011111001
100000000000000110001101111100111000000101000000111100110010000000001001100101110110000010011000011100010011101111000101000010010001101
110001010101011101101011001010010100001001000011100010000000111010101001000010010010001110100010001000000011100001010000101000101001111
100000010010110000011000010100001110000100100101000011110010101001000101100100101110001011001010110111111010011100110001110000001111101
110101001010001100011000111100001001000010111010010001101001010101000111010000001010101100001100100001110000100100110000010010101101001
101100010110000001001101000000000000111001011100000001000101100010000000001100110010000010000100111100110010101011010001011010101100001
110100010001010011110000011010010100101010100101011100001001010111010100011010000000000000101000001011010000100000100011001001000000011
111010000000111001101101010001000100101010000010000000010000100000100011010011110111100100010110011001010101100100000000111000000010011
111001000000010011001000010000110000001100000010011000100000100100001000000111100000001011000001000110100100101110101000100011001011011
100100000010100111110110101000010101100011010001001100100110001001100100011110101010110010100000011101111100010110011000010100110000001
100100000101010100010001000100000110100100000101110000110010100010011010111100101010000000101011101000000100101000001010001001010001111
100001001000000000111010100000000000010100010000110000000001101011011000010000000000000000101010111100000111000100101110000001001000001
101111010101000010100001000010001001010111100100101010010000101010010111000100100101001110000000100100001000000001011000000011000010101
100100100011111110001000000000100100000001010010011000001000010010100100001110000111111110111110000000001010111101000000010001000001111
110100000100000100100001001000011110010100000110011010100010011000101011011010011110010001000000011000001000101001011001101010010010001
101010010011110100101000100110110010001000000111000010100111001001010110100000101100101000100000000101010001111000110001000000000011001
100010001000000101000001000000000100000011100000000100011010100100100100000101100100000011111010100000000100000110101001100011001011101
