50
8667 6576 3807 8616 9551 9351 9858 1857 1194 7246 172 9861 4647 8075 4136 8700 3509 3547 6301 8606 3790 5403 1399 906 7939 2487 4093 8637 7299 9859 8923 8178 9680 3547 8435 1772 1278 7031 9956 3237 4668 8035 3966 1751 7060 6751 9569 1028 5578 9065 
4991 3743 8753 882 3618 3542 5943 2163 8503 9487 8933 1736 834 267 2394 6502 332 8049 2449 1118 8034 4261 5045 6750 4433 2213 8360 9994 8466 3848 5973 5555 5276 492 9986 8784 3269 9949 5852 6651 3381 4763 3099 8277 6070 9026 8692 8585 3968 3529 
2228 1181 690 1656 4711 9075 8737 807 5095 4286 1991 6738 1336 9991 762 639 5171 1253 9838 1305 2318 2959 2531 7229 2359 6042 6185 5982 4979 5592 7089 703 1809 6947 5300 6058 5586 8346 2317 8499 842 1265 7093 8184 2846 1998 8338 2376 4017 595 
3590 2698 9526 5755 8037 1052 6308 6748 8519 1576 2199 5983 723 8465 4419 8294 21 2003 9118 5560 8902 7660 6211 7730 6500 5575 6208 3862 8172 300 8267 9271 5578 3121 1189 7363 263 1807 1569 7270 6188 5153 5824 867 9183 2116 5315 5262 3794 7941 
6287 9368 493 2068 8842 5629 8721 5211 1659 521 3716 5419 1693 9894 7628 5473 553 7760 7856 6477 1799 9638 8095 4962 5857 4014 58 3365 1785 8046 6338 6221 7604 6076 7382 6908 3405 2073 8047 2295 3970 9575 1702 5140 100 5237 2353 6559 396 4582 
7743 3447 7686 1036 8920 8161 6834 1848 4222 325 3151 6994 8155 3103 3112 9649 8133 8770 1605 9325 4549 937 2441 1272 2144 3282 1325 8229 3145 7091 3026 3123 5133 2512 6946 3809 9126 813 7820 3450 5829 7518 764 2614 527 8753 2386 1706 9597 5650 
2176 4806 4081 4155 903 8525 8337 68 5234 1955 4178 1687 282 6328 3516 4872 4330 5455 4956 7888 2412 556 2313 5868 8006 5569 5521 7239 4530 1523 6904 6953 882 1093 8279 3869 7721 6897 6856 2128 3724 9656 405 8872 3536 4804 4663 3133 1620 8630 
8437 3261 8741 7562 4393 2709 289 6677 5980 6541 8182 6034 3466 3487 521 5920 4556 908 5788 4610 7558 2498 726 4728 7565 1074 3689 6809 8627 1307 7628 1143 7374 9714 9464 1514 6065 1780 5062 6915 5532 8542 1507 9827 977 7469 920 2174 6112 5010 
2528 2541 3582 619 2201 726 2173 4632 1175 8262 3741 4813 8196 5963 5354 8936 1774 2121 4608 3227 1798 7413 8584 9031 2206 5144 9411 2519 8939 7904 1922 4813 9902 4226 1347 2341 6139 1359 1528 9789 5958 2733 6621 476 6200 1214 1747 1520 7394 1743 
583 3600 2007 9460 325 7704 7510 1890 7023 3666 8468 6309 6749 7867 4393 5853 555 9919 2564 492 3711 692 7535 1454 2162 6529 1545 175 1704 6969 2575 5399 7833 5858 9226 4499 6727 8164 4178 7621 350 7345 427 5748 1130 624 7024 6269 4188 2010 
3532 2150 7583 5398 4931 3311 3542 2606 1170 1284 6155 3688 8105 763 3477 9365 9026 4131 4540 7920 8505 7550 4211 1394 2771 9737 1390 8446 3343 6977 8510 3686 3127 508 2784 5869 6706 4843 2220 9753 9043 8132 1812 8991 9298 8168 7923 9891 9008 112 
1298 8385 6313 4547 1704 5063 484 6944 9633 5598 3434 2136 3063 6418 7466 9904 9741 7972 949 249 7937 419 6162 9469 1171 9097 6002 598 4854 9611 8804 4356 5316 4881 2959 9140 4211 9004 5581 1197 3739 5252 1909 8561 675 8086 4698 4826 9655 1481 
5282 1385 8712 8461 559 9198 2506 9133 2596 3698 1236 7110 78 8932 5687 6636 3329 9509 1392 5275 7108 1480 7379 9489 7913 5724 7453 2975 5002 9924 4515 77 6856 7760 848 9141 7298 6382 9874 3129 7990 5768 7320 7376 6526 6064 2290 6783 1840 1492 
1192 7343 1143 1932 9997 9293 5120 5751 2785 1778 588 9999 7088 1347 2354 6540 8931 9128 8470 5237 3111 4025 5625 7762 6631 1803 3874 8134 5782 2362 2441 8587 9836 79 795 1848 6821 4554 1737 3428 9342 1594 5699 11 920 6784 7992 2548 5823 6496 
3201 5139 7838 3665 3472 3293 5982 8196 9880 7681 7602 4318 8614 1943 1826 9762 6207 5681 8862 4072 503 6194 3073 5927 6608 5078 345 1786 9514 8266 2672 726 7647 616 5453 2799 4037 8631 5464 759 4331 7398 9971 7505 3368 367 9953 4075 4547 3038 
2909 5550 8689 4146 3211 4688 1619 470 471 5660 2198 3827 8905 2708 4995 1356 3139 1085 4354 2697 8450 108 9049 135 5890 680 9247 325 5282 2110 19 8684 1536 5598 8092 35 2269 4193 1068 1617 7192 1615 852 7023 2231 4733 5463 2201 3858 7086 
5989 7076 1592 3264 7884 8900 9143 6509 8325 5935 7165 4364 3858 2539 3096 9732 5045 9274 6044 7168 7323 4103 7181 6772 9818 3302 8640 502 6302 3149 6355 8271 5039 6001 4828 3652 6719 6855 4293 1562 2206 8973 3230 2738 4330 9682 1723 2374 411 9924 
3608 2740 4780 3669 7892 2153 2963 5770 2402 5123 1792 9356 5153 1015 2133 6369 1374 1105 3468 7319 6687 6317 2029 8872 9391 543 6729 342 7333 6854 9587 2707 7322 6446 9871 6212 7562 2690 3692 5185 6071 5105 3245 1132 560 602 2432 7726 7727 1862 
8077 3767 2449 5157 8460 2720 9840 2495 3385 9913 5622 5407 2493 1002 2821 228 1053 7787 5207 7219 4937 9965 480 8369 9007 3946 8664 1219 5626 2280 3666 8569 2520 9832 8491 6373 1698 5262 7051 4715 3657 8939 8070 9175 3591 843 9028 2435 8822 4601 
628 8483 9163 6183 4745 4238 4449 8421 1332 5962 5937 4893 2252 276 806 9301 2498 2159 1473 8901 1780 4730 3934 3120 1934 8204 1867 920 8142 7821 5699 3022 4403 3130 8366 7568 6261 3445 1979 336 6217 6829 2119 3083 9827 2443 8975 6117 2944 8619 
7048 3691 3064 1476 7639 3316 257 1448 839 2580 5645 7547 6238 9572 7895 1717 4072 5506 706 8128 1034 629 6747 4728 7458 7025 6012 6933 5095 4382 9079 5761 7214 7349 8223 5293 5225 5542 1861 6769 8561 9824 300 9180 7027 928 3243 8706 7341 9038 
2039 1829 8084 5392 2137 9474 9769 9549 3712 2014 9268 8353 935 7500 295 5242 2852 7929 4175 967 1348 931 7611 9312 4154 6693 6680 3927 3374 2462 8762 4862 2499 9499 6626 5874 7381 9785 1399 6142 9113 2366 3627 2440 9328 1656 4148 398 836 2534 
9005 5919 9105 9609 5104 358 2531 466 5848 5559 1990 5263 8456 7333 2609 7493 7193 8480 3252 3285 9229 4947 1680 9071 2335 1214 5853 9959 6158 3499 4334 3670 1261 1881 1293 7379 2683 4936 4039 7286 7208 2971 3580 3287 6073 8461 1170 3574 7346 4770 
6309 6510 4665 6766 4163 9617 1587 9402 2886 8039 3242 2883 3791 7302 9523 5492 9865 7729 6526 7671 565 343 5472 3466 3409 6621 799 7913 5266 6912 1679 1463 8888 4895 3652 5052 2589 7899 9612 1882 3585 5437 1851 4546 7931 801 9397 8548 2544 3048 
7338 5848 7282 9238 7382 4504 7526 9259 1348 3011 262 8081 1817 432 9108 2785 6661 5918 6270 4219 6664 3695 1890 5601 7965 2138 3758 2946 3525 8001 2842 4635 356 9408 2637 9974 1711 3702 2762 9099 5966 8736 9805 9061 6417 8709 869 3432 8695 8133 
7796 5285 5033 32 2522 5881 7093 6967 6560 3922 1579 5959 50 2693 5352 946 8365 4961 9264 8831 6727 7947 2429 7722 5822 3241 1164 8477 3854 8993 9290 3120 3040 4211 9040 6247 981 7537 4280 7996 9906 5318 262 9686 9240 6334 6625 5716 9478 3018 
2875 7820 7814 1513 8047 261 8521 5414 8779 7080 3525 529 2511 4961 1157 516 5035 7845 3551 5732 4100 1845 5643 130 3307 1602 1264 3572 3007 1626 4270 9368 7413 8753 5195 9419 9658 4302 6392 1780 9009 7018 1124 8012 6956 393 4582 129 1401 486 
7296 9540 657 2791 3904 2765 1480 9287 2758 1330 7861 9242 4318 5639 9775 9872 8827 5184 3633 5449 6208 9947 8637 5944 3678 316 5754 8811 9032 5382 8554 9994 61 1935 7589 2766 3100 9029 2578 5471 6137 5439 9081 1783 4480 9870 8890 9574 9445 6243 
5875 6962 3020 8925 1473 6671 3994 5224 6565 2260 3503 5013 8935 2341 473 9803 8062 1358 9925 6138 1428 8045 9598 631 9092 5131 2893 6500 5719 6412 8567 3929 1816 9757 162 9133 8365 7165 657 9425 1579 5450 275 4167 7023 3660 7941 3932 4776 5813 
9351 2714 9891 53 7119 549 4852 7816 978 6378 3255 9096 8490 3487 6423 2408 9250 2396 7183 551 8039 8511 7520 5742 4910 4397 9326 238 2653 9019 9962 1030 4635 8786 6855 9699 8461 7742 7849 1030 3434 6761 6521 6492 2295 4067 4190 1144 177 1947 
2835 5108 6288 6985 5640 3153 6247 3659 4380 8520 5580 3666 5379 9569 7315 5787 8243 339 9163 3661 4102 8620 8246 1307 2570 7622 3843 8722 9144 9852 1125 2422 7259 4274 1336 8253 1725 358 6410 6319 2758 5105 8473 382 2321 1642 7207 6558 7007 490 
547 8669 4161 7087 6674 84 489 1664 7777 4415 4844 70 8550 9865 9423 6640 4896 4627 6091 2689 803 3146 7060 6751 3865 5582 1613 5119 2411 5347 3131 3821 9718 2029 3108 5591 3265 9568 1395 7954 9520 2014 4379 999 7193 1724 5325 5955 4461 7329 
3586 8133 8112 1316 1919 370 5071 9587 3610 5527 9310 7806 3632 9159 9560 1916 556 5947 5845 2634 8436 5982 5276 6293 371 9494 73 6859 7998 1123 3307 6484 3587 7332 301 4413 3998 3032 6187 6622 8198 6047 2562 993 2556 487 8737 5408 650 2626 
5520 8572 6790 5396 2032 5932 4971 62 8496 5530 7504 6208 490 1122 5 3586 2621 2426 1993 1961 2088 4824 4794 7519 5113 3377 980 6945 1697 8491 2066 2757 6679 3071 3669 5999 7555 3518 9863 4874 2043 9406 936 425 848 9185 1281 2851 3599 1749 
6631 4540 8433 6230 2347 8438 8186 4827 7014 2828 8670 6056 8009 6123 6992 8232 8316 7750 393 5544 6261 3749 8581 1562 2419 8151 5000 7514 388 3740 5047 5186 667 8306 1660 6788 9339 4953 1287 6622 5798 7589 5664 1899 6218 5163 7409 2557 2002 766 
9879 2409 4911 4169 4255 6480 3109 8912 9346 1860 4829 7520 2054 1941 8892 952 8992 6350 3780 873 2203 1446 9504 5835 4469 8727 8963 4976 2163 959 8033 5319 6120 8419 6091 1268 3492 45 1193 7396 6067 6883 6640 8116 2995 7632 8125 330 8429 8673 
3212 7662 7002 3390 7333 7331 2658 8147 3042 3312 8767 4755 1744 1837 9 1785 9609 7839 9003 9555 1890 3446 3125 6143 2384 2107 9524 4276 7218 4447 8753 1423 4712 4438 32 7951 5522 6997 3585 676 9790 582 8016 1667 502 905 3222 4625 4803 4328 
1774 3705 7450 2060 4266 2111 3162 8734 6575 301 7054 1465 9530 6172 4882 7980 3927 2031 7335 4910 6383 5739 5068 9851 3986 5826 3706 3265 8212 2963 545 8842 1080 2605 7153 3394 9013 6162 4602 9888 2365 540 545 9703 1104 8395 9860 2718 9596 3941 
3068 6305 5969 1662 9271 6839 4034 7768 2784 9813 8216 6731 5238 7139 4473 7766 7312 2758 2673 8579 6862 117 8393 6232 2638 7636 4604 7478 5313 741 6233 3395 50 1568 3039 5682 7324 9926 8798 4433 1198 1601 7250 9763 6814 2637 7786 2106 1269 621 
6335 8550 4635 6630 9436 5022 308 3896 1935 6708 6441 1795 1311 1516 2641 6249 4072 3939 8684 142 2198 9172 4439 9843 113 9804 2738 6409 5133 9952 9402 2606 6867 4168 7142 9288 3556 960 2563 7272 5788 3283 7973 3280 588 831 2229 1045 1326 1482 
7340 1181 1435 1738 30 5901 2386 8502 6 7185 8911 7033 9114 9493 6919 2435 8138 607 2093 4507 442 6706 9634 8306 4171 253 8100 5275 7237 1818 2845 2263 1809 9389 6992 8293 7528 1298 429 1412 5146 1347 9799 487 4843 7218 4921 9259 5907 5765 
9672 2524 7016 1299 7723 6784 8829 5430 6165 188 3117 9582 2448 9145 5144 3767 2630 1403 8515 7714 1385 7999 4214 2941 6753 8860 8058 6874 5088 9452 3266 2591 4195 8283 7384 308 5089 7632 5269 9179 5382 2318 2354 505 9740 3891 4926 5975 5397 42 
6610 6983 3178 1626 2802 3664 7014 2098 7259 4709 7413 6732 7562 1572 6848 1460 8681 3146 7546 3671 6347 9525 4631 9818 4464 5917 104 7175 3268 327 5616 9591 7461 1095 4511 9572 6030 2868 6105 1560 7976 2129 7671 3727 673 5852 2098 8138 68 9383 
1689 1628 4449 2152 1075 2245 5992 2298 4707 8577 6814 3796 6896 1832 8748 2198 4871 3013 8550 7566 7827 7 2772 5696 7419 1968 9010 1229 7693 805 2743 8742 4896 2138 1494 399 157 567 516 1290 496 6580 6739 6010 6125 4961 179 2596 4526 7039 
4544 2423 4263 1609 1240 7126 3993 1894 3513 6162 4660 8358 9932 1105 5324 9741 8930 5261 5602 7156 8647 9689 198 8578 8752 9251 3472 3575 3500 4748 4524 640 7729 9764 5779 1941 5 3292 513 2849 9656 1759 7312 6096 6890 6512 1911 2880 7738 5387 
9415 5788 8024 9445 2325 865 3088 8461 2388 8679 2481 1270 6695 6719 1349 9566 1021 7983 2724 6227 5881 3084 7441 1792 3239 5730 907 5155 4380 3910 8428 7086 1881 1649 3318 7667 1165 8649 4518 1234 9607 7683 2928 4934 3649 2078 8183 9466 6918 8123 
82 3114 4775 9756 1404 2683 3314 5371 1305 7386 3231 9090 1044 4322 1571 1328 6233 6619 6792 6036 2342 7826 5140 4404 2676 8670 8781 7430 537 4754 8676 2154 9800 6298 7660 8927 610 3514 1691 9542 9434 3709 9749 8582 5160 8714 5333 2824 5503 3721 
5058 6046 393 1143 2282 9068 1592 5560 6261 7393 252 8381 9787 1277 6626 3277 778 5568 8659 6022 5806 9167 8675 4790 5995 6459 9881 9538 8298 5539 6893 1552 7599 599 7033 6752 7611 8301 1575 8848 1047 491 8700 948 2020 8099 2342 6706 6157 3553 
3676 4600 6375 1580 4444 1445 4816 697 3842 3726 3877 282 3200 7844 1828 525 5156 2873 982 5141 6554 1928 8874 9155 6781 717 5431 6630 5759 4395 1600 5667 8324 6297 7396 520 4185 4652 9840 3182 5213 5869 3764 9269 4251 5486 945 5560 2188 386 
5535 9030 2489 8357 6258 9721 4929 3606 8351 2290 2722 9314 697 3595 9793 820 6148 6132 7375 5542 5473 9702 1691 8210 7933 6122 6907 2524 3927 4343 86 2823 7688 5816 7374 1841 499 2430 3108 3186 7396 1904 6105 9586 2816 7933 9805 531 3190 4968 
