60
147 307
294 -314
-281 132
175 -510
-579 341
-115 -73
-154 132
338 -116
355 249
-560 342
299 -586
279 177
-136 -358
104 465
199 -358
184 237
433 222
30 552
253 286
-158 433
220 -446
493 -268
-491 388
295 274
-544 236
70 535
-14 114
-440 -180
311 -383
-294 588
-27 -332
429 275
227 -284
-556 294
13 389
338 141
344 98
39 82
-49 -382
517 167
188 130
-162 434
272 -254
-390 256
238 -183
148 -116
496 231
581 354
363 407
-138 595
-541 193
-327 515
145 -28
-221 -94
-126 -416
-534 137
-133 -432
-220 268
350 134
400 -22
