70
-258 -508
-358 386
117 76
-510 -299
49 644
268 -433
-558 693
439 -412
165 493
455 36
292 227
-549 -57
208 -429
-291 419
-135 -648
485 -373
513 265
-433 -235
694 -408
256 595
509 -171
-572 547
466 36
-124 264
-210 -73
-510 -500
-561 -587
-225 -268
-27 521
-439 -88
243 691
310 -181
339 485
-635 530
61 9
-338 360
-135 -632
334 322
416 570
226 -78
47 291
481 -534
-479 -364
-327 174
103 -26
573 -613
-560 500
320 -524
-32 -487
581 414
21 356
371 -476
-125 -517
419 -109
618 340
654 -182
-672 391
-621 523
-187 -110
243 -424
-347 47
-160 -452
108 646
568 83
345 500
-125 -639
-582 291
-188 474
398 683
-59 366
