80
164 149
-4 -498
491 17
-160 -150
-647 -227
173 -567
-23 386
92 -218
-183 147
-712 92
-217 658
269 -542
-287 129
-10 520
-703 -510
662 187
13 753
-498 -76
-756 -69
-777 -328
175 -418
-184 666
610 -769
-189 -350
-482 781
392 542
-339 752
-264 -375
-511 -742
554 -32
-129 -30
-191 700
441 -258
388 68
736 598
90 312
-704 328
135 -346
302 -16
530 269
-674 -256
-305 713
183 -176
121 -718
23 -492
-183 -13
287 574
-656 400
662 -612
198 266
-768 352
-485 -256
-13 561
-718 -238
475 -42
629 -257
-29 471
557 -399
127 -426
-690 465
-706 192
-256 606
-321 -21
-340 -545
516 284
-694 577
425 254
198 68
542 -445
638 79
378 -4
115 -498
-400 -84
-440 730
98 -376
-783 -265
-87 -253
-474 776
-189 390
-426 -242
