90
524 -281
-779 881
711 -801
-829 -555
767 576
1 248
320 -380
697 -559
217 -266
-770 -741
-759 811
-699 -697
-551 605
426 -30
300 -523
-527 142
0 -191
-196 444
-457 861
-606 462
-55 -723
2 366
-122 507
672 -197
-508 21
514 12
522 -72
177 -663
388 -843
835 -223
64 304
1 -560
-862 -795
119 274
539 -542
-487 -391
-764 836
556 -609
-86 -703
146 757
-794 691
49 709
-8 302
-518 860
-339 -336
-584 886
-881 -709
-142 175
569 39
697 -800
313 -552
878 -189
-466 498
173 462
595 201
-761 875
93 -218
-497 476
-656 -631
-519 564
-586 29
773 881
461 385
-370 -364
426 758
-153 -659
-665 -649
365 -368
-263 -274
-355 106
-361 591
-102 669
-14 649
127 -75
525 -565
-234 -216
-202 773
-816 -264
-766 690
-73 657
-853 -278
856 707
128 754
-618 478
345 801
242 845
-479 9
500 792
-774 -639
-857 -638
