100
367 520
952 998
848 -408
232 -204
821 -580
-457 902
-363 679
-680 -671
75 -772
292 -674
-153 -427
121 430
297 179
-616 263
729 -993
622 648
-650 112
667 132
295 624
981 530
696 -10
-796 -431
276 -202
-347 223
422 -971
967 -150
217 90
-364 705
-605 -537
633 -69
689 -683
839 -364
537 929
-474 116
-374 -749
577 -150
-773 479
-325 349
-201 949
196 447
832 220
-8 -866
-605 -308
-182 531
-646 572
589 -922
-261 -429
-788 -435
-787 -847
-798 -942
133 -322
790 352
146 -702
-241 -987
-184 -66
724 635
-769 189
-943 -636
-939 535
201 -667
48 618
-427 -945
-616 -972
786 -603
950 377
398 223
887 -985
-79 -713
466 -736
294 -510
721 468
548 -922
-172 -271
879 -118
679 -318
851 -808
630 -878
-64 -633
-95 855
131 -247
-406 -405
846 31
741 -722
801 567
481 -398
144 -134
-313 166
505 -273
-886 -961
-793 -814
-509 -897
365 846
-465 12
62 -322
367 120
-645 909
-724 -787
-687 60
331 -610
795 755
