12 200 500
1 2 2
1 3 2
1 4 4
2 3 3
2 4 2
2 5 4
2 6 3
3 4 2
3 5 1
3 6 2
3 7 2
4 5 2
4 6 2
4 7 1
4 8 3
5 8 3
5 9 6
6 7 4
6 9 3
6 10 2
7 8 1
7 9 1
7 10 3
7 11 3
8 9 3
8 11 3
8 12 3
9 10 2
9 11 1
9 12 2
9 13 2
10 12 2
10 13 3
10 14 4
11 13 1
11 14 3
11 15 3
12 13 3
12 15 3
12 16 2
13 14 1
13 15 2
13 16 4
14 15 3
14 17 4
14 18 1
15 18 2
17 18 4
17 20 3
17 21 1
18 19 1
18 21 1
19 20 3
19 23 2
20 22 2
20 24 4
21 22 3
21 23 4
21 24 4
21 25 2
22 23 3
22 24 4
22 25 4
22 26 3
23 24 3
23 25 4
23 27 2
24 25 1
24 26 1
24 27 2
25 26 4
25 27 1
25 28 3
25 29 1
26 27 3
26 29 3
26 30 1
27 28 1
27 29 2
27 30 1
27 31 1
28 29 4
28 30 4
28 31 2
28 32 1
29 30 3
29 32 2
29 33 4
30 31 3
30 32 4
30 33 3
30 34 2
31 33 4
31 34 4
32 33 4
32 34 3
32 35 2
32 36 2
33 35 3
33 36 3
34 37 2
35 36 3
36 38 1
36 39 4
36 40 3
37 38 1
37 39 3
37 40 3
37 41 2
38 39 4
38 42 2
39 42 2
40 42 1
41 42 4
41 43 1
41 44 3
43 44 3
43 45 2
43 46 4
44 45 3
46 48 2
47 49 4
48 51 3
49 50 4
49 51 3
51 52 3
52 53 2
52 54 1
53 55 2
55 57 3
56 57 4
56 58 3
56 59 4
56 60 2
57 58 2
57 59 4
57 60 2
58 60 2
58 62 1
59 63 4
60 61 4
61 62 4
61 63 1
61 64 4
61 65 4
62 63 2
62 65 3
63 65 4
63 66 4
64 65 3
64 68 4
65 66 2
65 69 3
66 69 3
67 68 3
67 69 2
68 69 1
69 70 2
69 71 3
69 72 2
69 73 4
70 71 1
70 73 1
71 73 4
72 73 4
73 75 3
73 76 1
73 77 3
74 75 3
75 77 2
75 78 1
75 79 1
76 77 1
76 78 4
77 79 4
77 80 2
77 81 1
78 79 1
78 80 1
78 81 3
79 80 3
79 81 1
79 82 3
80 81 3
80 84 1
81 84 3
82 83 4
82 84 1
83 84 3
83 85 2
83 87 1
84 85 3
84 86 2
84 87 3
85 86 2
85 88 4
86 89 4
86 90 2
87 88 3
87 89 1
87 90 4
87 91 2
88 89 3
88 90 1
89 90 2
89 91 1
89 93 2
90 91 2
90 92 2
90 93 1
90 94 2
91 92 2
91 93 2
91 94 1
91 95 3
92 94 2
92 96 1
93 94 1
93 95 3
93 96 1
93 97 3
94 95 4
94 96 4
94 97 2
95 96 3
95 97 2
95 98 1
95 99 2
96 97 2
96 98 2
96 99 3
96 100 3
97 98 4
97 100 2
97 101 2
98 99 1
98 101 1
98 102 4
99 102 3
100 103 1
101 102 3
101 103 2
101 104 2
101 105 3
102 103 1
102 105 3
103 106 3
104 105 2
105 106 2
105 108 2
105 109 3
107 111 3
108 109 4
108 111 2
108 112 4
109 111 1
109 112 4
109 113 3
110 111 3
110 112 2
110 113 1
111 113 3
111 114 3
111 115 3
112 113 2
112 114 4
112 116 3
113 114 3
113 115 1
113 116 2
113 117 2
114 116 3
115 118 3
116 117 4
117 118 2
117 120 1
118 121 1
119 120 4
119 121 2
119 122 3
120 121 1
120 123 2
120 124 4
121 124 1
122 123 3
122 124 1
122 125 4
122 126 2
123 124 1
123 126 4
123 127 2
124 125 4
124 126 2
124 127 1
124 128 1
125 127 2
125 128 4
126 127 2
126 128 4
126 129 1
126 130 1
127 128 3
127 129 4
127 130 2
127 131 4
128 129 1
128 130 3
128 131 2
128 132 3
129 130 1
130 131 3
130 132 2
130 133 4
130 134 2
131 132 2
131 134 4
131 135 2
132 133 2
132 134 4
132 135 2
133 134 2
133 135 2
133 136 1
133 137 1
134 135 1
134 136 1
134 137 2
134 138 1
135 136 2
135 137 1
135 138 2
135 139 2
136 137 4
136 138 3
136 139 2
136 140 1
137 138 4
137 139 1
137 141 4
138 139 2
138 140 2
138 141 2
138 142 3
139 140 4
139 141 2
139 142 4
139 143 1
140 141 3
140 142 2
140 143 1
141 142 3
141 143 1
141 144 3
141 145 4
142 143 4
142 144 1
142 145 2
142 146 3
143 144 1
143 145 3
143 146 1
143 147 3
144 146 3
144 148 4
145 146 4
145 147 2
145 148 3
146 147 1
146 148 4
146 150 4
147 148 1
147 149 1
147 150 1
148 150 4
149 150 1
149 151 2
150 151 4
150 152 1
150 153 4
150 154 1
151 155 1
152 154 1
152 156 3
153 154 2
154 155 3
155 156 4
155 157 4
155 158 4
156 158 2
156 160 4
157 158 4
157 161 4
158 160 1
159 160 3
159 161 4
159 162 1
159 163 3
160 161 4
160 163 1
161 162 3
161 164 4
161 165 4
162 163 2
162 164 1
162 165 3
162 166 1
163 164 3
163 165 3
163 166 1
164 165 4
164 166 3
164 167 1
165 166 1
165 168 3
165 169 3
166 167 1
166 170 4
167 169 3
168 170 1
168 172 2
169 170 3
169 171 2
169 172 4
169 173 4
170 172 1
170 174 2
171 172 2
171 173 3
171 174 3
171 175 4
172 173 2
172 174 4
173 174 4
173 175 3
173 176 1
174 175 4
174 177 3
175 176 2
175 178 4
175 179 4
176 180 4
177 178 3
177 179 1
177 180 3
177 181 1
178 180 4
178 181 2
178 182 3
179 180 4
179 183 2
180 181 3
180 182 2
180 183 2
180 184 2
181 182 3
182 183 1
182 184 3
182 185 3
183 185 2
183 186 3
183 187 3
184 185 4
184 186 4
184 187 3
184 188 2
185 187 4
186 187 3
186 189 2
187 188 3
187 189 1
187 190 1
187 191 3
188 189 1
188 191 3
188 192 1
189 191 2
189 192 1
189 193 2
190 191 2
190 192 1
190 194 4
191 192 1
191 193 2
192 193 2
192 194 2
192 195 4
192 196 4
193 194 3
193 195 1
195 196 4
195 198 1
195 199 2
196 197 4
196 199 3
196 200 3
197 198 2
197 200 3
198 199 1
198 200 2
199 200 3
