20 400 1143
1 20 8587
1 28 6532
1 50 9134
1 62 8827
1 96 3152
1 231 8952
1 332 2094
1 368 3718
2 36 2889
2 42 8870
2 49 8376
2 83 8896
2 189 3180
2 286 5120
2 300 4891
2 308 7707
2 382 8657
3 81 3408
3 109 2903
3 186 6696
3 200 3840
3 207 5817
3 238 4310
3 241 8730
3 283 7982
3 330 6129
3 351 3157
3 368 6069
4 45 3830
4 123 3198
4 128 3954
4 327 6762
5 30 8563
5 145 5822
5 349 8540
6 9 4214
6 62 5044
6 196 2175
6 274 4516
6 319 2924
6 367 5518
8 51 3269
8 78 3729
8 159 8051
8 181 6908
8 233 2409
8 252 2366
8 320 2046
8 370 6868
9 11 7533
9 36 2667
9 62 6198
9 111 3255
9 293 7642
9 357 3857
10 47 6825
10 240 6468
11 73 7852
11 154 5099
11 161 8429
11 183 8065
11 197 8511
11 233 6908
11 264 2560
11 329 8061
11 384 2507
12 123 2278
12 179 4296
12 240 2271
12 260 3698
13 242 3546
13 273 2835
14 154 5031
14 161 3998
14 202 7909
14 295 8595
14 300 4052
14 307 4449
14 356 2187
15 64 8036
15 76 2737
15 118 7016
15 143 4201
15 151 6311
15 195 7447
15 232 8769
15 359 5714
15 361 5907
16 36 7586
16 40 7828
16 127 8261
16 229 4375
16 306 2652
17 144 3268
17 169 6540
17 250 5140
17 340 5367
17 348 6018
18 165 3508
18 337 4249
18 400 9263
19 69 5435
19 83 8871
19 113 8020
19 117 7318
19 176 2737
19 307 2257
19 311 5273
19 384 4448
20 69 7452
20 157 7331
20 194 7649
20 225 4959
20 254 3834
20 363 3247
20 395 3054
21 248 8986
21 340 5047
22 295 2949
22 318 8957
22 382 8231
23 48 8306
23 141 2795
23 156 2200
23 177 2815
23 201 8208
23 343 8977
23 386 2484
23 393 8362
24 87 7586
24 204 5641
24 273 7443
24 320 3084
24 322 8362
24 338 3852
25 282 2883
26 49 7483
26 59 2436
26 108 7072
26 132 7667
26 258 5125
26 359 4001
27 181 7093
28 55 2474
28 57 8557
28 231 3140
28 339 6325
28 395 7221
29 40 5999
29 126 3218
29 130 6635
29 218 8593
29 340 4325
29 394 7017
30 36 4618
30 117 6437
30 124 3788
30 167 4952
30 197 7036
30 217 5710
30 226 4840
30 227 8952
30 331 5907
30 377 7842
31 74 4458
31 86 5789
31 120 4233
31 144 3983
31 351 7618
31 393 4853
31 400 8290
32 40 6027
32 126 6930
32 131 2168
32 180 6456
32 228 8525
33 73 3961
33 161 4293
33 242 8728
33 255 6438
33 326 4751
33 333 2363
34 62 7001
34 88 7590
34 101 4449
34 112 5907
34 128 2421
34 164 6104
35 53 6618
35 63 7130
35 212 4551
35 230 4353
35 363 5371
35 389 7056
36 78 7033
36 98 2798
36 145 5736
36 155 3970
36 396 6109
37 149 5672
37 254 7636
37 337 7533
37 348 5186
38 146 5007
38 240 8847
38 260 7342
38 386 3483
39 117 2607
39 119 2437
39 178 5757
39 186 3751
39 229 4095
39 278 4834
40 89 7039
40 108 5453
40 191 3383
40 207 5989
40 339 5389
40 389 2420
41 60 8990
41 113 7200
41 183 4172
41 330 7072
41 394 5510
42 93 5415
42 120 7972
42 129 3430
42 228 7163
42 275 2062
42 362 3915
43 57 7454
43 98 5640
43 231 9000
43 276 7329
43 285 8548
43 343 5140
44 96 7195
44 182 5184
44 224 2486
44 254 6504
44 316 8094
44 353 3279
45 191 8859
45 237 2097
45 242 7457
45 256 7479
45 264 2123
45 321 2862
46 191 8785
46 363 6565
46 398 8490
47 82 4615
47 178 6159
47 182 2644
47 193 5508
47 245 3682
47 277 6161
47 354 8757
47 365 7379
48 58 6363
48 305 5498
48 320 2730
48 365 6529
49 62 6757
49 283 4936
49 299 7517
49 308 7399
50 89 5410
50 181 2344
50 226 8640
50 330 2984
50 377 2084
51 112 3947
51 116 2391
51 174 8888
51 376 4743
52 126 8219
52 305 5115
52 343 2522
53 69 3472
53 79 5379
53 134 5178
54 110 3250
54 186 5551
54 230 6302
55 75 4881
55 167 6970
55 174 6537
56 196 5259
56 336 5671
56 399 7908
57 67 2803
57 84 2221
57 116 4367
57 155 7260
57 187 6182
57 243 5510
57 353 6090
57 361 6110
57 397 3380
58 218 6127
58 296 7306
58 345 3207
58 353 2135
59 66 4528
59 90 4290
59 191 7243
59 206 3257
59 212 8821
59 221 3557
59 271 6050
59 311 7130
60 106 4558
60 180 8424
60 246 2343
60 326 2598
61 95 5841
61 147 2331
61 185 6878
61 299 5259
61 311 2446
62 103 8681
62 206 6438
62 207 6780
62 297 2165
62 326 6190
62 347 6341
63 77 4839
63 102 3014
63 142 3290
63 239 2142
63 364 2535
63 386 2475
64 67 4680
64 156 7771
64 207 6706
64 250 2759
64 335 4778
65 111 3858
65 144 8947
65 274 5597
65 352 3016
65 382 3296
66 95 2686
66 197 6164
67 117 8190
67 171 7948
67 220 6128
67 338 4934
68 120 8819
68 133 5768
68 176 3810
68 296 5866
68 346 3758
68 360 6023
69 73 6902
69 146 3046
69 161 4726
69 223 6342
69 365 2894
70 92 4478
70 123 5687
70 132 7626
70 338 6526
70 364 4766
70 386 3056
71 104 6796
71 113 2302
71 303 7872
72 89 5734
72 327 5946
72 378 2688
73 199 5183
73 257 6635
73 283 7901
73 324 2142
73 396 6788
74 94 4509
74 198 4928
74 220 8155
74 233 6374
74 307 4635
74 351 5934
75 96 3996
75 122 3425
75 139 4631
75 290 2089
75 365 6871
75 378 6655
76 85 6200
76 113 5462
76 135 3772
76 199 2709
76 240 5435
76 329 2799
76 365 3094
76 388 8416
77 175 5680
77 250 3320
77 295 7234
77 305 2633
77 306 6337
78 134 2740
78 158 7419
78 198 8698
78 207 6901
78 240 5380
78 281 2454
78 370 6300
79 104 7332
79 140 5324
79 345 4545
79 386 2020
80 182 7390
80 203 2125
80 305 7126
80 340 2655
80 381 2331
81 83 3268
81 141 3941
81 192 8000
81 261 4814
81 345 7157
82 92 4988
82 117 8636
83 90 5784
83 101 8845
83 292 7123
83 328 5050
84 113 8041
84 148 8028
84 248 8700
85 102 4002
85 115 8700
85 126 3511
85 217 8710
85 269 2892
85 287 7822
85 297 2741
85 352 5787
85 390 4016
86 186 3394
86 369 8991
87 183 8962
87 291 7734
87 361 2923
88 154 3115
88 181 5082
88 184 2975
88 212 8506
88 240 4933
88 261 3118
88 340 5799
88 379 6998
89 97 7893
89 312 5721
90 192 4475
90 299 7296
90 311 5632
90 400 8488
91 187 6243
91 263 7438
91 299 6317
91 300 5755
92 192 8951
92 193 6528
92 197 2218
93 150 7589
93 313 6270
93 314 4448
93 324 7467
93 352 4948
94 129 5080
94 268 6530
94 387 3617
95 98 5634
95 163 5735
95 208 2521
95 221 4645
95 238 8682
95 359 4200
95 383 2486
95 399 8814
96 182 8123
96 215 8229
96 272 6890
96 354 8328
97 251 4911
98 130 7319
98 319 3002
99 289 8573
99 370 6412
99 371 7703
100 148 5705
100 179 7960
100 377 7300
101 250 5971
101 297 6871
101 321 4700
101 352 5892
102 182 5736
102 183 2662
102 186 2902
102 315 2454
102 344 2952
103 112 2884
103 316 3943
103 383 2518
104 113 5259
104 155 3012
104 225 8522
104 230 6309
104 258 2200
104 319 2859
104 351 5632
104 396 4559
105 140 8779
105 191 5076
105 227 7020
105 252 5296
105 265 5771
105 382 5861
106 192 5505
106 227 8357
106 244 5982
106 336 5471
107 151 3469
107 258 5551
107 323 5568
107 326 4758
107 354 4386
108 139 8575
108 151 7431
108 170 8858
108 260 7253
109 143 8779
109 343 5107
110 220 2870
110 292 6471
111 299 3353
111 315 2037
111 316 3676
111 370 7677
112 225 5775
112 323 7096
113 129 5402
113 339 6318
114 151 8290
114 167 6645
114 173 3708
114 200 6538
114 210 4673
114 250 2648
114 285 8304
114 327 3791
115 217 8636
115 270 5974
115 286 8742
116 182 6360
116 238 5385
116 266 5275
116 269 2885
117 214 4837
117 259 4447
117 267 8296
117 286 3742
117 287 4429
117 308 6443
117 317 8062
117 324 8881
118 119 7442
118 125 6392
118 173 3376
118 228 7834
118 247 8889
118 248 8827
118 357 3380
118 388 7075
119 146 6032
119 216 7843
120 162 8257
120 212 2013
120 335 4844
120 386 2255
121 321 6504
122 181 3354
122 228 4052
122 243 5629
122 355 3956
122 366 8353
122 397 4952
123 209 3558
123 226 8014
124 126 8050
124 150 6177
124 157 4194
124 231 8086
124 236 7719
124 239 7395
124 274 6599
124 281 5546
124 324 4974
124 387 3086
125 179 6885
125 226 8566
125 248 7238
125 322 8452
126 305 4658
127 175 7089
127 187 6937
127 271 5870
127 306 8566
127 336 5992
127 353 5698
127 354 2857
128 184 6102
128 220 3818
129 166 7517
129 338 5508
129 339 4697
129 358 2263
130 194 5476
130 226 2250
130 339 5644
131 164 2176
131 203 4072
131 271 6244
131 331 2045
131 338 2876
131 398 4196
132 248 5050
133 250 6614
133 359 7580
133 383 4340
134 347 5177
134 390 4891
135 191 3532
136 150 7284
136 152 2529
136 291 5935
137 221 8825
137 297 7216
138 233 4485
138 352 2192
139 148 8797
140 264 8561
140 391 7989
141 150 7230
141 238 4889
141 289 4905
141 306 6983
142 196 8028
142 218 4441
142 298 5506
142 318 2771
142 325 7843
142 341 7156
142 342 2437
142 354 6768
143 155 2429
143 237 6609
143 259 6075
143 308 6425
143 345 2611
143 366 4086
143 373 7132
144 162 7009
144 166 4017
144 179 6661
144 188 4853
144 220 8540
144 246 6738
145 171 3824
145 206 7527
145 234 5513
145 249 8922
145 262 3486
145 392 6137
146 217 3570
147 243 7700
148 178 5503
148 312 6406
150 291 8318
150 297 6063
150 311 4725
150 356 8859
151 185 2628
151 220 8303
151 246 4648
151 267 2471
151 279 7853
151 293 3550
152 268 5052
152 350 4609
152 379 7011
152 380 5974
153 154 5159
153 161 6563
153 197 3620
153 288 5384
153 292 8906
153 313 7888
153 343 3825
153 395 2265
154 161 5270
154 195 6049
154 302 5811
154 368 4694
155 176 6715
155 206 2709
155 261 7470
155 262 7223
155 343 2058
155 358 5869
155 384 2893
156 346 2307
157 173 5692
157 272 3454
157 336 2980
157 348 3996
158 267 2474
158 324 3742
158 332 7012
159 177 6943
159 202 3566
159 221 4385
159 240 5426
160 349 3306
160 350 3985
161 186 3047
162 183 5311
162 218 4213
162 309 7198
163 318 2253
163 339 7068
164 214 8229
164 295 2512
164 307 2680
164 336 2877
165 243 2718
165 292 3167
166 199 3995
166 225 6901
166 260 3820
168 188 4406
168 211 2733
168 224 5436
168 253 2459
168 346 3974
169 185 6379
169 220 6846
169 247 4892
170 222 7143
170 284 2019
170 306 2547
170 386 8111
171 207 6120
171 361 3923
171 399 2098
173 179 2410
173 195 7346
173 224 2474
173 271 6222
173 309 6094
173 310 5462
173 316 2298
173 376 7691
174 185 6497
174 187 4510
174 254 5086
174 399 4975
175 204 4769
175 295 7398
176 185 3256
176 303 6085
176 318 6948
176 390 6677
177 182 6146
177 258 3102
177 291 7133
178 188 6918
178 220 8815
178 227 5613
178 361 5186
179 286 6462
179 385 7117
180 249 7468
180 288 7024
180 291 3542
180 304 7162
180 307 5718
181 185 2677
181 209 8089
181 210 5101
181 231 3835
181 287 5941
182 251 2702
182 372 6106
183 220 2005
183 224 2083
183 316 3911
183 360 3708
183 371 4037
183 389 7307
184 196 2864
184 313 8284
184 327 4555
184 346 5394
184 359 2512
185 220 7191
185 354 6515
186 213 6397
186 310 6751
186 358 2848
187 312 6366
187 389 7202
188 209 8015
188 218 5268
188 341 6549
189 247 6914
189 324 6065
190 385 3952
191 237 6141
191 375 4241
192 299 7933
192 376 2160
193 230 2232
193 341 7605
194 283 7287
194 322 5870
195 256 3043
195 287 5935
195 357 7631
195 362 5144
195 378 3996
195 396 6135
196 325 3015
196 349 2453
196 380 3426
197 258 2389
198 212 8242
198 320 3280
198 362 3903
199 233 7296
199 391 5853
200 229 3035
200 302 5872
200 338 2914
201 221 7836
201 295 6592
202 229 2063
202 237 3206
203 237 4295
203 293 7605
204 319 6676
204 323 8778
204 375 7471
204 387 3461
204 390 3238
205 271 3150
205 331 3059
205 400 9413
206 330 4867
206 388 2742
207 308 3128
207 376 7250
208 335 5582
209 253 4876
209 285 6255
209 289 2707
210 289 3938
210 317 6627
210 364 2474
211 229 5746
212 276 8916
212 296 6297
213 295 2582
213 309 7398
213 338 2968
214 244 7999
214 299 3540
214 319 7943
214 362 8681
214 375 2749
215 266 5139
215 279 7189
216 251 6819
217 286 7495
217 330 2878
217 384 6545
218 252 5102
219 276 7864
219 309 2672
219 350 2737
219 374 2251
220 283 5057
221 224 8326
221 295 7127
221 337 6728
222 316 7702
223 381 8431
223 391 6272
223 395 4080
224 248 7014
224 310 6312
224 362 6842
224 374 4111
225 318 3033
225 387 3111
226 236 8669
226 251 2038
226 374 3003
227 364 8642
228 258 2472
228 300 7827
228 375 3720
229 296 8993
230 259 8425
230 296 7905
230 331 7189
231 289 4609
231 359 7011
232 322 2778
232 393 8389
233 300 8525
233 310 4432
233 342 4650
234 236 5448
234 245 4389
234 308 6801
234 335 8060
234 367 6807
235 254 3141
235 283 2817
235 285 3256
235 299 6362
235 304 6637
235 325 2841
235 384 2877
236 307 2367
236 378 4929
237 275 2954
237 359 5009
237 373 3166
238 282 8938
238 286 3562
238 296 8379
238 301 3263
239 312 4270
239 341 8736
239 398 8792
241 264 4131
241 297 5546
241 349 3651
241 365 6839
242 360 3654
242 386 2903
243 333 4055
243 363 2304
244 341 7942
244 345 6587
244 355 8401
246 259 2748
246 292 4747
246 373 8557
246 380 5126
247 259 2074
247 400 6977
248 276 5538
248 356 4704
248 392 6753
249 265 6052
249 317 4537
249 334 5220
249 379 8850
249 384 4180
250 307 2181
250 350 3612
251 281 7480
251 315 2341
251 376 5277
252 253 5549
252 282 7903
253 293 6028
253 318 4974
253 336 6539
255 306 4630
256 295 2038
256 327 2543
257 258 6539
257 271 2274
257 302 3594
257 330 5873
257 334 2027
258 325 3181
258 350 4960
260 308 4137
260 315 8633
261 294 4261
261 304 5070
261 336 7446
262 270 2998
262 319 5093
262 344 4223
262 365 3696
263 324 6294
263 347 6723
263 377 5525
264 277 7921
264 336 6376
264 349 4271
264 374 4160
265 330 2458
265 343 2654
265 364 8601
270 354 2549
270 366 3024
270 372 7822
270 383 8432
271 307 6614
274 336 7031
276 299 6900
277 293 7807
277 358 2315
277 380 7262
278 285 2983
279 350 5148
280 353 8300
280 382 5807
281 302 3678
281 354 2852
281 361 6958
282 291 2091
282 329 8547
283 293 5964
283 344 5393
283 379 5387
284 340 8338
285 332 7759
286 291 5212
286 339 3769
287 316 7621
287 331 7688
287 395 8635
288 305 3004
288 363 2895
289 376 4049
291 353 3370
292 340 5603
292 380 6170
293 371 4326
293 378 4928
293 397 5629
294 326 4658
296 344 4360
296 388 5459
297 377 4076
297 386 3785
298 333 3048
298 364 7509
299 356 5107
299 359 4005
300 307 2404
300 311 6966
301 328 6764
301 339 2784
303 341 4145
303 387 6091
304 396 3794
306 308 5673
306 327 5875
307 339 6256
308 357 5861
308 383 2805
309 374 6261
313 323 5882
313 390 6515
314 364 4211
314 375 8024
315 323 6027
315 360 7161
316 330 3881
317 318 4057
318 384 6919
319 385 4881
319 397 6059
320 379 8393
322 370 7782
322 391 2852
323 337 2563
323 375 4684
323 395 2011
324 358 2003
326 351 7781
326 395 2933
327 333 6528
327 341 3206
327 345 7593
327 392 5397
330 382 7019
330 394 5939
331 345 8515
331 373 2745
331 383 5720
332 344 7249
332 370 6213
334 362 2939
335 336 7507
335 394 5211
336 367 5841
337 376 6798
339 345 3475
342 358 4243
342 392 4561
343 355 3710
344 368 4795
345 389 7364
348 390 2463
349 357 5403
349 389 8776
350 373 4563
350 395 3539
352 371 4416
353 392 4511
354 380 2644
354 387 7029
355 399 6568
356 371 4561
356 396 2538
357 364 5476
365 371 6544
366 390 5780
367 372 4293
370 380 7514
372 378 7651
372 397 5035
373 387 2207
376 379 2092
387 396 3454
388 389 7010
390 394 4755
394 396 4212
396 398 4734
