40 800 799
1 2 9493
2 3 9497
3 4 9481
4 5 9491
5 6 9485
6 7 9499
7 8 9487
8 9 9488
9 10 9498
10 11 9479
11 12 9489
12 13 9495
13 14 9495
14 15 9491
15 16 9500
16 17 9487
17 18 9498
18 19 9500
19 20 9494
20 21 9489
21 22 9495
22 23 9491
23 24 9495
24 25 9500
25 26 9481
26 27 9489
27 28 9483
28 29 9498
29 30 9499
30 31 9478
31 32 9488
32 33 9487
33 34 9492
34 35 9475
35 36 9469
36 37 9500
37 38 9497
38 39 9494
39 40 9500
40 41 9500
41 42 9469
42 43 9497
43 44 9495
44 45 9486
45 46 9495
46 47 9480
47 48 9500
48 49 9494
49 50 9491
50 51 9495
51 52 9487
52 53 9486
53 54 9499
54 55 9495
55 56 9497
56 57 9494
57 58 9497
58 59 9500
59 60 9496
60 61 9500
61 62 9498
62 63 9467
63 64 9485
64 65 9483
65 66 9496
66 67 9488
67 68 9498
68 69 9500
69 70 9488
70 71 9494
71 72 9500
72 73 9485
73 74 9493
74 75 9495
75 76 9498
76 77 9496
77 78 9497
78 79 9480
79 80 9483
80 81 9500
81 82 9500
82 83 9498
83 84 9489
84 85 9492
85 86 9489
86 87 9493
87 88 9499
88 89 9491
89 90 9487
90 91 9499
91 92 9486
92 93 9497
93 94 9487
94 95 9495
95 96 9480
96 97 9491
97 98 9477
98 99 9493
99 100 9480
100 101 9490
101 102 9497
102 103 9491
103 104 9497
104 105 9489
105 106 9497
106 107 9494
107 108 9484
108 109 9493
109 110 9489
110 111 9475
111 112 9498
112 113 9496
113 114 9495
114 115 9496
115 116 9489
116 117 9493
117 118 9489
118 119 9494
119 120 9493
120 121 9473
121 122 9484
122 123 9497
123 124 9490
124 125 9494
125 126 9494
126 127 9497
127 128 9497
128 129 9500
129 130 9476
130 131 9488
131 132 9496
132 133 9490
133 134 9496
134 135 9481
135 136 9488
136 137 9496
137 138 9495
138 139 9494
139 140 9487
140 141 9500
141 142 9497
142 143 9489
143 144 9492
144 145 9478
145 146 9490
146 147 9491
147 148 9500
148 149 9499
149 150 9487
150 151 9497
151 152 9489
152 153 9482
153 154 9492
154 155 9494
155 156 9483
156 157 9494
157 158 9494
158 159 9494
159 160 9492
160 161 9493
161 162 9494
162 163 9482
163 164 9497
164 165 9499
165 166 9496
166 167 9500
167 168 9498
168 169 9495
169 170 9492
170 171 9499
171 172 9499
172 173 9491
173 174 9478
174 175 9497
175 176 9460
176 177 9484
177 178 9498
178 179 9498
179 180 9479
180 181 9495
181 182 9477
182 183 9495
183 184 9477
184 185 9477
185 186 9492
186 187 9496
187 188 9497
188 189 9492
189 190 9491
190 191 9472
191 192 9486
192 193 9491
193 194 9478
194 195 9498
195 196 9463
196 197 9489
197 198 9478
198 199 9460
199 200 9472
200 201 9498
201 202 9491
202 203 9482
203 204 9475
204 205 9496
205 206 9496
206 207 9498
207 208 9493
208 209 9481
209 210 9493
210 211 9496
211 212 9484
212 213 9494
213 214 9496
214 215 9499
215 216 9475
216 217 9490
217 218 9495
218 219 9500
219 220 9485
220 221 9489
221 222 9484
222 223 9493
223 224 9495
224 225 9500
225 226 9487
226 227 9496
227 228 9490
228 229 9472
229 230 9500
230 231 9471
231 232 9487
232 233 9492
233 234 9496
234 235 9498
235 236 9482
236 237 9493
237 238 9494
238 239 9492
239 240 9487
240 241 9483
241 242 9500
242 243 9482
243 244 9472
244 245 9490
245 246 9478
246 247 9485
247 248 9489
248 249 9499
249 250 9463
250 251 9497
251 252 9483
252 253 9499
253 254 9500
254 255 9484
255 256 9493
256 257 9491
257 258 9500
258 259 9499
259 260 9485
260 261 9479
261 262 9493
262 263 9498
263 264 9496
264 265 9494
265 266 9487
266 267 9477
267 268 9486
268 269 9499
269 270 9479
270 271 9494
271 272 9476
272 273 9487
273 274 9499
274 275 9500
275 276 9497
276 277 9480
277 278 9493
278 279 9498
279 280 9499
280 281 9497
281 282 9496
282 283 9495
283 284 9479
284 285 9500
285 286 9495
286 287 9499
287 288 9495
288 289 9495
289 290 9500
290 291 9495
291 292 9494
292 293 9491
293 294 9496
294 295 9497
295 296 9485
296 297 9473
297 298 9488
298 299 9485
299 300 9489
300 301 9480
301 302 9490
302 303 9493
303 304 9497
304 305 9488
305 306 9487
306 307 9487
307 308 9489
308 309 9500
309 310 9494
310 311 9492
311 312 9492
312 313 9484
313 314 9481
314 315 9500
315 316 9497
316 317 9492
317 318 9500
318 319 9494
319 320 9500
320 321 9485
321 322 9497
322 323 9499
323 324 9486
324 325 9481
325 326 9490
326 327 9498
327 328 9496
328 329 9494
329 330 9482
330 331 9486
331 332 9488
332 333 9496
333 334 9491
334 335 9495
335 336 9472
336 337 9491
337 338 9500
338 339 9495
339 340 9496
340 341 9486
341 342 9490
342 343 9481
343 344 9497
344 345 9493
345 346 9474
346 347 9496
347 348 9499
348 349 9499
349 350 9486
350 351 9493
351 352 9498
352 353 9487
353 354 9499
354 355 9499
355 356 9500
356 357 9493
357 358 9486
358 359 9490
359 360 9493
360 361 9494
361 362 9460
362 363 9491
363 364 9491
364 365 9499
365 366 9485
366 367 9497
367 368 9485
368 369 9496
369 370 9497
370 371 9498
371 372 9497
372 373 9499
373 374 9500
374 375 9458
375 376 9493
376 377 9498
377 378 9493
378 379 9497
379 380 9464
380 381 9497
381 382 9483
382 383 9500
383 384 9499
384 385 9499
385 386 9500
386 387 9469
387 388 9494
388 389 9499
389 390 9494
390 391 9468
391 392 9456
392 393 9493
393 394 9485
394 395 9486
395 396 9477
396 397 9481
397 398 9495
398 399 9499
399 400 9487
400 401 9500
401 402 9494
402 403 9497
403 404 9481
404 405 9490
405 406 9491
406 407 9495
407 408 9496
408 409 9494
409 410 9495
410 411 9500
411 412 9500
412 413 9495
413 414 9498
414 415 9495
415 416 9498
416 417 9498
417 418 9487
418 419 9490
419 420 9493
420 421 9497
421 422 9473
422 423 9499
423 424 9498
424 425 9499
425 426 9500
426 427 9484
427 428 9496
428 429 9500
429 430 9493
430 431 9499
431 432 9498
432 433 9491
433 434 9497
434 435 9500
435 436 9497
436 437 9493
437 438 9497
438 439 9491
439 440 9491
440 441 9492
441 442 9496
442 443 9496
443 444 9497
444 445 9500
445 446 9496
446 447 9495
447 448 9496
448 449 9500
449 450 9497
450 451 9500
451 452 9489
452 453 9500
453 454 9496
454 455 9485
455 456 9497
456 457 9497
457 458 9499
458 459 9490
459 460 9485
460 461 9478
461 462 9499
462 463 9500
463 464 9500
464 465 9494
465 466 9500
466 467 9497
467 468 9497
468 469 9495
469 470 9489
470 471 9498
471 472 9488
472 473 9492
473 474 9498
474 475 9500
475 476 9495
476 477 9499
477 478 9497
478 479 9499
479 480 9490
480 481 9496
481 482 9484
482 483 9482
483 484 9497
484 485 9497
485 486 9486
486 487 9495
487 488 9487
488 489 9500
489 490 9496
490 491 9479
491 492 9498
492 493 9494
493 494 9496
494 495 9497
495 496 9495
496 497 9496
497 498 9489
498 499 9487
499 500 9496
500 501 9497
501 502 9500
502 503 9492
503 504 9486
504 505 9497
505 506 9497
506 507 9492
507 508 9495
508 509 9499
509 510 9487
510 511 9496
511 512 9494
512 513 9471
513 514 9463
514 515 9485
515 516 9498
516 517 9493
517 518 9498
518 519 9499
519 520 9500
520 521 9499
521 522 9490
522 523 9500
523 524 9483
524 525 9489
525 526 9497
526 527 9495
527 528 9462
528 529 9500
529 530 9498
530 531 9497
531 532 9498
532 533 9494
533 534 9488
534 535 9497
535 536 9499
536 537 9499
537 538 9491
538 539 9491
539 540 9488
540 541 9498
541 542 9490
542 543 9487
543 544 9496
544 545 9487
545 546 9494
546 547 9500
547 548 9491
548 549 9498
549 550 9499
550 551 9499
551 552 9485
552 553 9499
553 554 9491
554 555 9498
555 556 9486
556 557 9498
557 558 9483
558 559 9491
559 560 9492
560 561 9499
561 562 9490
562 563 9500
563 564 9496
564 565 9498
565 566 9500
566 567 9500
567 568 9500
568 569 9499
569 570 9499
570 571 9487
571 572 9480
572 573 9491
573 574 9493
574 575 9500
575 576 9485
576 577 9491
577 578 9490
578 579 9500
579 580 9493
580 581 9486
581 582 9496
582 583 9483
583 584 9496
584 585 9493
585 586 9490
586 587 9490
587 588 9499
588 589 9499
589 590 9496
590 591 9497
591 592 9499
592 593 9491
593 594 9500
594 595 9490
595 596 9498
596 597 9489
597 598 9496
598 599 9497
599 600 9490
600 601 9497
601 602 9500
602 603 9484
603 604 9500
604 605 9482
605 606 9483
606 607 9485
607 608 9494
608 609 9492
609 610 9497
610 611 9497
611 612 9496
612 613 9492
613 614 9496
614 615 9493
615 616 9493
616 617 9486
617 618 9497
618 619 9496
619 620 9460
620 621 9500
621 622 9492
622 623 9495
623 624 9499
624 625 9460
625 626 9483
626 627 9495
627 628 9494
628 629 9489
629 630 9499
630 631 9498
631 632 9481
632 633 9500
633 634 9497
634 635 9473
635 636 9499
636 637 9494
637 638 9476
638 639 9487
639 640 9489
640 641 9494
641 642 9494
642 643 9491
643 644 9491
644 645 9475
645 646 9498
646 647 9477
647 648 9480
648 649 9494
649 650 9486
650 651 9494
651 652 9486
652 653 9499
653 654 9500
654 655 9489
655 656 9500
656 657 9490
657 658 9498
658 659 9500
659 660 9496
660 661 9491
661 662 9495
662 663 9476
663 664 9495
664 665 9496
665 666 9473
666 667 9499
667 668 9497
668 669 9488
669 670 9496
670 671 9496
671 672 9488
672 673 9493
673 674 9492
674 675 9500
675 676 9459
676 677 9486
677 678 9495
678 679 9496
679 680 9485
680 681 9459
681 682 9497
682 683 9492
683 684 9484
684 685 9485
685 686 9499
686 687 9495
687 688 9500
688 689 9495
689 690 9495
690 691 9469
691 692 9496
692 693 9490
693 694 9497
694 695 9491
695 696 9489
696 697 9496
697 698 9471
698 699 9481
699 700 9498
700 701 9494
701 702 9490
702 703 9478
703 704 9465
704 705 9490
705 706 9491
706 707 9486
707 708 9489
708 709 9491
709 710 9500
710 711 9498
711 712 9495
712 713 9494
713 714 9491
714 715 9498
715 716 9484
716 717 9489
717 718 9499
718 719 9498
719 720 9499
720 721 9500
721 722 9494
722 723 9493
723 724 9499
724 725 9496
725 726 9493
726 727 9498
727 728 9490
728 729 9488
729 730 9496
730 731 9485
731 732 9486
732 733 9500
733 734 9475
734 735 9497
735 736 9499
736 737 9500
737 738 9480
738 739 9496
739 740 9498
740 741 9475
741 742 9490
742 743 9485
743 744 9498
744 745 9495
745 746 9496
746 747 9496
747 748 9500
748 749 9490
749 750 9497
750 751 9500
751 752 9497
752 753 9500
753 754 9487
754 755 9494
755 756 9499
756 757 9500
757 758 9492
758 759 9492
759 760 9495
760 761 9496
761 762 9500
762 763 9491
763 764 9486
764 765 9490
765 766 9479
766 767 9465
767 768 9493
768 769 9496
769 770 9442
770 771 9496
771 772 9487
772 773 9496
773 774 9496
774 775 9495
775 776 9496
776 777 9500
777 778 9480
778 779 9492
779 780 9478
780 781 9490
781 782 9498
782 783 9500
783 784 9485
784 785 9489
785 786 9500
786 787 9496
787 788 9494
788 789 9500
789 790 9495
790 791 9486
791 792 9494
792 793 9496
793 794 9496
794 795 9497
795 796 9485
796 797 9500
797 798 9473
798 799 9500
799 800 9484
