99
4951
16 16
16 28
16 23
16 34
16 1
16 25
16 66
16 95
16 9
16 57
16 12
16 68
16 69
16 97
16 72
16 38
16 56
16 77
16 45
16 47
16 71
16 89
16 54
16 73
16 3
16 82
16 8
16 53
16 83
16 50
16 92
16 24
16 19
16 74
16 18
16 62
16 60
16 44
16 14
16 90
16 0
16 64
16 75
16 88
16 52
16 91
16 4
16 41
16 20
16 6
16 22
16 17
16 26
16 93
16 10
16 49
16 76
16 55
16 94
16 84
16 21
16 29
16 39
16 98
16 85
16 42
16 33
16 31
16 7
16 63
16 67
16 51
16 65
16 58
16 35
16 30
16 81
16 87
16 61
16 43
16 40
16 70
16 48
16 11
16 2
16 59
16 99
16 32
16 79
16 46
16 86
16 37
16 15
16 13
16 27
16 96
16 78
16 80
16 36
5 5
5 23
5 34
5 1
5 25
5 66
5 95
5 9
5 57
5 12
5 68
5 69
5 97
5 72
5 38
5 56
5 77
5 45
5 47
5 71
5 89
5 73
5 3
5 82
5 8
5 53
5 83
5 50
5 92
5 24
5 19
5 74
5 18
5 62
5 60
5 44
5 14
5 90
5 0
5 64
5 75
5 88
5 52
5 91
5 4
5 41
5 20
5 6
5 22
5 17
5 26
5 93
5 10
5 49
5 76
5 55
5 94
5 84
5 21
5 29
5 39
5 98
5 85
5 42
5 33
5 31
5 7
5 63
5 67
5 51
5 65
5 58
5 35
5 30
5 81
5 87
5 61
5 43
5 40
5 70
5 48
5 11
5 2
5 59
5 99
5 32
5 79
5 46
5 86
5 37
5 15
5 13
5 27
5 78
5 80
28 28
28 34
28 1
28 66
28 95
28 9
28 57
28 12
28 68
28 69
28 97
28 72
28 38
28 56
28 77
28 45
28 47
28 71
28 89
28 54
28 73
28 3
28 82
28 8
28 53
28 83
28 50
28 92
28 24
28 19
28 74
28 18
28 62
28 60
28 44
28 14
28 90
28 0
28 64
28 75
28 88
28 52
28 91
28 4
28 41
28 20
28 6
28 22
28 17
28 26
28 93
28 10
28 49
28 76
28 55
28 94
28 84
28 21
28 29
28 39
28 98
28 85
28 42
28 33
28 31
28 7
28 63
28 67
28 51
28 65
28 58
28 35
28 30
28 81
28 87
28 61
28 43
28 40
28 70
28 48
28 11
28 2
28 59
28 99
28 32
28 79
28 46
28 86
28 37
28 15
28 13
28 27
28 96
28 78
28 80
28 36
23 23
23 25
23 66
23 95
23 9
23 57
23 12
23 68
23 69
23 97
23 72
23 38
23 56
23 77
23 45
23 47
23 71
23 89
23 54
23 73
23 3
23 82
23 8
23 53
23 83
23 50
23 92
23 24
23 19
23 74
23 18
23 62
23 60
23 44
23 14
23 90
23 0
23 64
23 75
23 88
23 52
23 91
23 4
23 41
23 20
23 6
23 22
23 17
23 26
23 93
23 10
23 49
23 76
23 55
23 94
23 84
23 21
23 29
23 39
23 98
23 85
23 42
23 33
23 31
23 7
23 63
23 67
23 51
23 65
23 58
23 35
23 30
23 81
23 87
23 61
23 43
23 40
23 70
23 48
23 11
23 2
23 59
23 99
23 32
23 79
23 46
23 86
23 37
23 15
23 13
23 27
23 96
23 78
23 80
23 36
34 34
34 1
34 25
34 66
34 95
34 9
34 57
34 12
34 68
34 69
34 97
34 72
34 38
34 56
34 77
34 45
34 47
34 71
34 89
34 54
34 73
34 3
34 82
34 8
34 53
34 83
34 50
34 92
34 24
34 19
34 74
34 18
34 62
34 60
34 44
34 14
34 90
34 0
34 64
34 75
34 88
34 52
34 91
34 4
34 41
34 20
34 6
34 22
34 17
34 26
34 93
34 10
34 49
34 76
34 55
34 94
34 84
34 21
34 29
34 39
34 98
34 85
34 42
34 33
34 31
34 7
34 63
34 67
34 51
34 65
34 58
34 35
34 30
34 81
34 87
34 61
34 43
34 40
34 70
34 48
34 11
34 2
34 59
34 99
34 32
34 79
34 46
34 86
34 37
34 15
34 13
34 27
34 96
34 78
34 80
34 36
1 1
1 25
1 66
1 95
1 9
1 57
1 12
1 68
1 69
1 97
1 72
1 38
1 56
1 77
1 45
1 47
1 71
1 89
1 54
1 73
1 3
1 82
1 8
1 53
1 83
1 50
1 92
1 24
1 19
1 74
1 18
1 62
1 60
1 44
1 14
1 90
1 0
1 64
1 75
1 88
1 52
1 91
1 4
1 41
1 20
1 6
1 22
1 17
1 26
1 93
1 10
1 49
1 76
1 55
1 94
1 84
1 21
1 29
1 39
1 98
1 85
1 42
1 33
1 31
1 7
1 63
1 67
1 51
1 65
1 58
1 35
1 30
1 81
1 87
1 61
1 43
1 40
1 70
1 48
1 11
1 2
1 59
1 99
1 32
1 79
1 46
1 86
1 37
1 15
1 13
1 27
1 96
1 78
1 80
1 36
25 25
25 9
25 57
25 12
25 68
25 69
25 97
25 72
25 38
25 56
25 77
25 45
25 47
25 71
25 89
25 54
25 73
25 3
25 82
25 8
25 53
25 83
25 50
25 92
25 24
25 19
25 74
25 18
25 62
25 60
25 44
25 14
25 90
25 0
25 64
25 75
25 88
25 52
25 91
25 4
25 41
25 20
25 6
25 22
25 17
25 26
25 93
25 10
25 49
25 76
25 55
25 94
25 84
25 21
25 29
25 39
25 98
25 85
25 42
25 33
25 31
25 7
25 63
25 67
25 51
25 65
25 58
25 35
25 30
25 81
25 87
25 61
25 43
25 40
25 70
25 48
25 11
25 2
25 59
25 99
25 32
25 79
25 46
25 86
25 37
25 15
25 13
25 27
25 96
25 78
25 80
25 36
66 66
66 95
66 9
66 57
66 12
66 68
66 69
66 97
66 72
66 38
66 56
66 77
66 45
66 47
66 71
66 89
66 54
66 73
66 3
66 82
66 8
66 53
66 83
66 50
66 92
66 24
66 19
66 74
66 18
66 62
66 60
66 44
66 14
66 90
66 0
66 64
66 75
66 88
66 52
66 91
66 4
66 41
66 20
66 6
66 22
66 17
66 26
66 93
66 10
66 49
66 76
66 55
66 94
66 84
66 21
66 29
66 39
66 98
66 85
66 42
66 33
66 31
66 7
66 63
66 67
66 51
66 65
66 58
66 35
66 30
66 81
66 87
66 61
66 43
66 40
66 70
66 48
66 11
66 2
66 59
66 99
66 32
66 79
66 46
66 86
66 37
66 15
66 13
66 27
66 96
66 78
66 80
66 36
95 95
95 57
95 12
95 68
95 69
95 72
95 38
95 56
95 77
95 47
95 71
95 54
95 73
95 3
95 82
95 8
95 53
95 83
95 50
95 92
95 24
95 19
95 74
95 18
95 62
95 60
95 44
95 14
95 90
95 0
95 64
95 75
95 88
95 52
95 91
95 4
95 41
95 20
95 6
95 22
95 17
95 26
95 93
95 10
95 49
95 76
95 55
95 94
95 84
95 21
95 29
95 39
95 98
95 85
95 42
95 33
95 31
95 7
95 63
95 67
95 51
95 65
95 58
95 35
95 30
95 81
95 87
95 61
95 43
95 40
95 70
95 48
95 11
95 2
95 59
95 99
95 32
95 79
95 46
95 86
95 37
95 15
95 13
95 27
95 96
95 78
95 80
95 36
9 9
9 68
9 69
9 97
9 72
9 38
9 56
9 77
9 45
9 47
9 71
9 89
9 54
9 73
9 3
9 82
9 8
9 53
9 83
9 50
9 92
9 24
9 19
9 74
9 18
9 62
9 60
9 44
9 14
9 90
9 0
9 64
9 75
9 88
9 52
9 91
9 4
9 41
9 20
9 6
9 22
9 17
9 26
9 93
9 10
9 49
9 76
9 55
9 94
9 84
9 21
9 29
9 39
9 98
9 85
9 42
9 33
9 31
9 7
9 63
9 67
9 51
9 65
9 58
9 35
9 30
9 81
9 87
9 61
9 43
9 40
9 70
9 48
9 11
9 2
9 59
9 99
9 32
9 79
9 46
9 86
9 37
9 15
9 13
9 27
9 96
9 78
9 80
9 36
57 57
57 12
57 68
57 69
57 97
57 72
57 38
57 56
57 77
57 45
57 47
57 71
57 89
57 54
57 73
57 3
57 82
57 8
57 53
57 83
57 50
57 92
57 24
57 19
57 74
57 18
57 62
57 60
57 44
57 14
57 90
57 0
57 64
57 75
57 88
57 52
57 91
57 4
57 41
57 20
57 6
57 22
57 17
57 26
57 93
57 10
57 49
57 76
57 55
57 94
57 84
57 21
57 29
57 39
57 98
57 85
57 42
57 33
57 31
57 7
57 63
57 67
57 51
57 65
57 58
57 35
57 30
57 81
57 87
57 61
57 43
57 40
57 70
57 48
57 11
57 2
57 59
57 99
57 32
57 79
57 46
57 86
57 37
57 15
57 13
57 27
57 96
57 78
57 80
57 36
12 12
12 97
12 72
12 38
12 56
12 77
12 45
12 47
12 71
12 89
12 54
12 73
12 3
12 82
12 8
12 53
12 83
12 50
12 92
12 24
12 19
12 74
12 18
12 62
12 60
12 44
12 14
12 90
12 0
12 64
12 75
12 88
12 52
12 91
12 4
12 41
12 20
12 6
12 22
12 17
12 26
12 93
12 10
12 49
12 76
12 55
12 94
12 84
12 21
12 29
12 39
12 98
12 85
12 42
12 33
12 31
12 7
12 63
12 67
12 51
12 65
12 58
12 35
12 30
12 81
12 87
12 61
12 43
12 40
12 70
12 48
12 11
12 2
12 59
12 99
12 32
12 79
12 46
12 86
12 37
12 15
12 13
12 27
12 96
12 78
12 80
12 36
68 68
68 69
68 97
68 72
68 38
68 56
68 77
68 45
68 47
68 71
68 89
68 54
68 73
68 3
68 82
68 8
68 53
68 83
68 50
68 92
68 24
68 19
68 74
68 18
68 62
68 60
68 44
68 14
68 90
68 0
68 64
68 75
68 88
68 52
68 91
68 4
68 41
68 20
68 6
68 22
68 17
68 26
68 93
68 10
68 49
68 76
68 55
68 94
68 84
68 21
68 29
68 39
68 98
68 85
68 42
68 33
68 31
68 7
68 63
68 67
68 51
68 65
68 58
68 35
68 30
68 81
68 87
68 61
68 43
68 40
68 70
68 48
68 11
68 2
68 59
68 99
68 32
68 79
68 46
68 86
68 37
68 15
68 13
68 27
68 96
68 78
68 80
68 36
69 69
69 97
69 72
69 38
69 56
69 77
69 45
69 47
69 71
69 89
69 54
69 73
69 3
69 82
69 8
69 53
69 83
69 50
69 92
69 24
69 19
69 74
69 18
69 62
69 60
69 44
69 14
69 90
69 0
69 64
69 75
69 88
69 52
69 91
69 4
69 41
69 20
69 6
69 22
69 17
69 26
69 93
69 10
69 49
69 76
69 55
69 94
69 84
69 21
69 29
69 39
69 98
69 85
69 42
69 33
69 31
69 7
69 63
69 67
69 51
69 65
69 58
69 35
69 30
69 81
69 87
69 61
69 43
69 40
69 70
69 48
69 11
69 2
69 59
69 99
69 32
69 79
69 46
69 86
69 37
69 15
69 13
69 27
69 96
69 78
69 80
69 36
97 97
97 56
97 77
97 45
97 47
97 71
97 89
97 54
97 73
97 3
97 82
97 8
97 53
97 83
97 50
97 92
97 24
97 19
97 74
97 18
97 62
97 60
97 44
97 14
97 90
97 0
97 64
97 75
97 88
97 52
97 91
97 4
97 41
97 20
97 6
97 22
97 17
97 26
97 93
97 10
97 49
97 76
97 55
97 94
97 84
97 21
97 29
97 39
97 98
97 85
97 42
97 33
97 31
97 7
97 63
97 67
97 51
97 65
97 58
97 35
97 30
97 81
97 87
97 61
97 43
97 40
97 70
97 48
97 11
97 2
97 59
97 99
97 32
97 79
97 46
97 86
97 37
97 15
97 13
97 27
97 96
97 78
97 80
97 36
72 72
72 38
72 56
72 77
72 45
72 47
72 71
72 89
72 54
72 73
72 3
72 82
72 8
72 53
72 83
72 50
72 92
72 24
72 19
72 74
72 18
72 62
72 60
72 44
72 14
72 90
72 0
72 64
72 75
72 88
72 52
72 91
72 4
72 41
72 20
72 6
72 22
72 17
72 26
72 93
72 10
72 49
72 76
72 55
72 94
72 84
72 21
72 29
72 39
72 98
72 85
72 42
72 33
72 31
72 7
72 63
72 67
72 51
72 65
72 58
72 35
72 30
72 81
72 87
72 61
72 43
72 40
72 70
72 48
72 11
72 2
72 59
72 99
72 32
72 79
72 46
72 86
72 37
72 15
72 13
72 27
72 96
72 78
72 80
72 36
38 38
38 45
38 47
38 71
38 89
38 54
38 73
38 3
38 82
38 8
38 53
38 83
38 50
38 92
38 24
38 19
38 74
38 18
38 62
38 60
38 44
38 14
38 90
38 0
38 64
38 75
38 88
38 52
38 91
38 4
38 41
38 20
38 6
38 22
38 17
38 26
38 93
38 10
38 49
38 76
38 55
38 94
38 84
38 21
38 29
38 39
38 98
38 85
38 42
38 33
38 31
38 7
38 63
38 67
38 51
38 65
38 58
38 35
38 30
38 81
38 87
38 61
38 43
38 40
38 70
38 48
38 11
38 2
38 59
38 99
38 32
38 79
38 46
38 86
38 37
38 15
38 13
38 27
38 96
38 78
38 80
38 36
56 56
56 77
56 45
56 47
56 71
56 89
56 54
56 73
56 3
56 82
56 8
56 53
56 83
56 50
56 92
56 24
56 19
56 74
56 18
56 62
56 60
56 44
56 14
56 90
56 0
56 64
56 75
56 88
56 52
56 91
56 4
56 41
56 20
56 6
56 22
56 17
56 26
56 93
56 10
56 49
56 76
56 55
56 94
56 84
56 21
56 29
56 39
56 98
56 85
56 42
56 33
56 31
56 7
56 63
56 67
56 51
56 65
56 58
56 35
56 30
56 81
56 87
56 61
56 43
56 40
56 70
56 48
56 11
56 2
56 59
56 99
56 32
56 79
56 46
56 86
56 37
56 15
56 13
56 27
56 96
56 78
56 80
56 36
77 77
77 45
77 47
77 71
77 89
77 54
77 73
77 3
77 82
77 8
77 53
77 83
77 50
77 92
77 24
77 19
77 74
77 18
77 62
77 60
77 44
77 14
77 90
77 0
77 64
77 75
77 88
77 52
77 91
77 4
77 41
77 20
77 6
77 22
77 17
77 26
77 93
77 10
77 49
77 76
77 55
77 94
77 84
77 21
77 29
77 39
77 98
77 85
77 42
77 33
77 31
77 7
77 63
77 67
77 51
77 65
77 58
77 35
77 30
77 81
77 87
77 61
77 43
77 40
77 70
77 48
77 11
77 2
77 59
77 99
77 32
77 79
77 46
77 86
77 37
77 15
77 13
77 27
77 96
77 78
77 80
77 36
45 45
45 89
45 54
45 73
45 3
45 82
45 8
45 53
45 83
45 50
45 92
45 24
45 19
45 74
45 18
45 62
45 60
45 44
45 14
45 90
45 0
45 64
45 75
45 88
45 52
45 91
45 4
45 41
45 20
45 6
45 22
45 17
45 26
45 93
45 10
45 49
45 76
45 55
45 94
45 84
45 21
45 29
45 39
45 98
45 85
45 42
45 33
45 31
45 7
45 63
45 67
45 51
45 65
45 58
45 35
45 30
45 81
45 87
45 61
45 43
45 40
45 70
45 48
45 11
45 2
45 59
45 99
45 32
45 79
45 46
45 86
45 37
45 15
45 13
45 27
45 96
45 78
45 80
45 36
47 47
47 71
47 89
47 54
47 73
47 3
47 82
47 8
47 53
47 83
47 50
47 92
47 24
47 19
47 74
47 18
47 62
47 60
47 44
47 14
47 90
47 0
47 64
47 75
47 88
47 52
47 91
47 4
47 41
47 20
47 6
47 22
47 17
47 26
47 93
47 10
47 49
47 76
47 55
47 94
47 84
47 21
47 29
47 39
47 98
47 85
47 42
47 33
47 31
47 7
47 63
47 67
47 51
47 65
47 58
47 35
47 30
47 81
47 87
47 61
47 43
47 40
47 70
47 48
47 11
47 2
47 59
47 99
47 32
47 79
47 46
47 86
47 37
47 15
47 13
47 27
47 96
47 78
47 80
47 36
71 71
71 89
71 54
71 73
71 3
71 82
71 8
71 53
71 83
71 50
71 92
71 24
71 19
71 74
71 18
71 62
71 60
71 44
71 14
71 90
71 0
71 64
71 75
71 88
71 52
71 91
71 4
71 41
71 20
71 6
71 22
71 17
71 26
71 93
71 10
71 49
71 76
71 55
71 94
71 84
71 21
71 29
71 39
71 98
71 85
71 42
71 33
71 31
71 7
71 63
71 67
71 51
71 65
71 58
71 35
71 30
71 81
71 87
71 61
71 43
71 40
71 70
71 48
71 11
71 2
71 59
71 99
71 32
71 79
71 46
71 86
71 37
71 15
71 13
71 27
71 96
71 78
71 80
71 36
89 89
89 54
89 73
89 3
89 82
89 8
89 53
89 83
89 50
89 92
89 24
89 19
89 74
89 18
89 62
89 60
89 44
89 14
89 90
89 0
89 64
89 75
89 88
89 52
89 91
89 4
89 41
89 20
89 6
89 22
89 17
89 26
89 93
89 10
89 49
89 76
89 55
89 94
89 84
89 21
89 29
89 39
89 98
89 85
89 42
89 33
89 31
89 7
89 63
89 67
89 51
89 65
89 58
89 35
89 30
89 81
89 87
89 61
89 43
89 40
89 70
89 48
89 11
89 2
89 59
89 99
89 32
89 79
89 46
89 86
89 37
89 15
89 13
89 27
89 96
89 78
89 80
89 36
54 54
54 3
54 82
54 8
54 53
54 83
54 50
54 92
54 24
54 19
54 74
54 18
54 62
54 60
54 44
54 14
54 90
54 0
54 64
54 75
54 88
54 52
54 91
54 4
54 41
54 20
54 6
54 22
54 17
54 26
54 93
54 10
54 49
54 76
54 55
54 94
54 84
54 21
54 29
54 39
54 98
54 85
54 42
54 33
54 31
54 7
54 63
54 67
54 51
54 65
54 58
54 35
54 30
54 81
54 87
54 61
54 43
54 40
54 70
54 48
54 11
54 2
54 59
54 99
54 32
54 79
54 46
54 86
54 37
54 15
54 13
54 96
54 78
54 80
54 36
73 73
73 82
73 8
73 53
73 83
73 50
73 92
73 24
73 19
73 74
73 18
73 62
73 60
73 44
73 14
73 90
73 0
73 64
73 75
73 88
73 52
73 91
73 4
73 41
73 20
73 6
73 22
73 17
73 26
73 93
73 10
73 49
73 76
73 55
73 94
73 84
73 21
73 29
73 39
73 98
73 85
73 42
73 33
73 31
73 7
73 63
73 67
73 51
73 65
73 58
73 35
73 30
73 81
73 87
73 61
73 43
73 40
73 70
73 48
73 11
73 2
73 59
73 99
73 32
73 79
73 46
73 86
73 37
73 15
73 27
73 96
73 78
73 80
73 36
3 3
3 8
3 53
3 83
3 50
3 24
3 19
3 74
3 18
3 62
3 60
3 44
3 14
3 90
3 0
3 64
3 75
3 88
3 52
3 91
3 4
3 41
3 20
3 6
3 22
3 17
3 26
3 93
3 10
3 49
3 76
3 55
3 94
3 84
3 21
3 29
3 39
3 98
3 85
3 42
3 33
3 31
3 7
3 63
3 67
3 51
3 65
3 58
3 35
3 30
3 81
3 87
3 61
3 43
3 40
3 70
3 48
3 11
3 2
3 59
3 99
3 32
3 79
3 46
3 86
3 37
3 15
3 13
3 27
3 96
3 78
3 80
3 36
82 82
82 53
82 83
82 92
82 24
82 19
82 74
82 18
82 62
82 60
82 44
82 14
82 90
82 0
82 64
82 75
82 88
82 52
82 91
82 4
82 41
82 20
82 6
82 22
82 17
82 26
82 93
82 10
82 49
82 76
82 55
82 94
82 84
82 21
82 29
82 39
82 98
82 85
82 42
82 33
82 31
82 7
82 63
82 67
82 51
82 65
82 58
82 35
82 30
82 81
82 87
82 61
82 43
82 40
82 70
82 48
82 11
82 2
82 59
82 99
82 32
82 79
82 46
82 86
82 37
82 15
82 13
82 27
82 96
82 78
82 80
82 36
8 8
8 50
8 92
8 24
8 19
8 74
8 18
8 62
8 60
8 44
8 14
8 90
8 0
8 64
8 75
8 88
8 52
8 91
8 4
8 41
8 20
8 6
8 22
8 17
8 26
8 93
8 10
8 49
8 76
8 55
8 94
8 84
8 21
8 29
8 39
8 98
8 85
8 42
8 33
8 31
8 7
8 63
8 67
8 51
8 65
8 58
8 35
8 30
8 81
8 87
8 61
8 43
8 40
8 70
8 48
8 11
8 2
8 59
8 99
8 32
8 79
8 46
8 86
8 37
8 15
8 13
8 27
8 96
8 78
8 80
8 36
53 53
53 83
53 50
53 92
53 24
53 19
53 74
53 18
53 62
53 60
53 44
53 14
53 90
53 0
53 64
53 75
53 88
53 52
53 91
53 4
53 41
53 20
53 6
53 22
53 17
53 26
53 93
53 10
53 49
53 76
53 55
53 94
53 84
53 21
53 29
53 39
53 98
53 85
53 42
53 33
53 31
53 7
53 63
53 67
53 51
53 65
53 58
53 35
53 30
53 81
53 87
53 61
53 43
53 40
53 70
53 48
53 11
53 2
53 59
53 99
53 32
53 79
53 46
53 86
53 37
53 15
53 13
53 27
53 96
53 78
53 80
53 36
83 83
83 50
83 92
83 24
83 19
83 74
83 18
83 62
83 60
83 44
83 14
83 90
83 0
83 64
83 75
83 88
83 52
83 91
83 4
83 41
83 20
83 6
83 22
83 17
83 26
83 93
83 10
83 49
83 76
83 55
83 94
83 84
83 21
83 29
83 39
83 98
83 85
83 42
83 33
83 31
83 7
83 63
83 67
83 51
83 65
83 58
83 35
83 30
83 81
83 87
83 61
83 43
83 40
83 70
83 48
83 11
83 2
83 59
83 99
83 32
83 79
83 46
83 86
83 37
83 15
83 13
83 27
83 96
83 78
83 80
83 36
50 50
50 92
50 24
50 19
50 74
50 18
50 62
50 60
50 44
50 14
50 90
50 0
50 64
50 75
50 88
50 52
50 91
50 4
50 41
50 20
50 6
50 22
50 17
50 26
50 93
50 10
50 49
50 76
50 55
50 94
50 84
50 21
50 29
50 39
50 98
50 85
50 42
50 33
50 31
50 7
50 63
50 67
50 51
50 65
50 58
50 35
50 30
50 81
50 87
50 61
50 43
50 40
50 70
50 48
50 11
50 2
50 59
50 99
50 32
50 79
50 46
50 86
50 37
50 15
50 13
50 27
50 96
50 78
50 80
50 36
92 92
92 19
92 74
92 18
92 62
92 60
92 44
92 14
92 90
92 0
92 64
92 75
92 88
92 52
92 91
92 4
92 41
92 20
92 6
92 22
92 17
92 26
92 93
92 10
92 49
92 76
92 55
92 94
92 84
92 21
92 29
92 39
92 98
92 85
92 42
92 33
92 31
92 7
92 63
92 67
92 51
92 65
92 58
92 35
92 30
92 81
92 87
92 61
92 43
92 40
92 70
92 48
92 11
92 2
92 59
92 99
92 32
92 79
92 46
92 86
92 37
92 13
92 27
92 96
92 78
92 80
92 36
24 24
24 74
24 18
24 62
24 60
24 44
24 14
24 90
24 0
24 64
24 75
24 88
24 52
24 91
24 4
24 41
24 20
24 6
24 22
24 17
24 26
24 93
24 10
24 49
24 76
24 55
24 94
24 84
24 21
24 29
24 39
24 98
24 85
24 42
24 33
24 7
24 63
24 67
24 51
24 65
24 58
24 35
24 30
24 81
24 87
24 61
24 43
24 40
24 70
24 48
24 11
24 2
24 59
24 99
24 32
24 79
24 46
24 86
24 37
24 15
24 13
24 27
24 96
24 78
24 80
24 36
19 19
19 18
19 62
19 60
19 44
19 14
19 90
19 0
19 64
19 88
19 52
19 91
19 4
19 41
19 20
19 6
19 22
19 17
19 26
19 93
19 10
19 49
19 76
19 55
19 94
19 21
19 29
19 39
19 98
19 85
19 42
19 31
19 7
19 63
19 67
19 51
19 65
19 58
19 35
19 30
19 81
19 87
19 61
19 43
19 40
19 70
19 48
19 11
19 2
19 59
19 99
19 32
19 79
19 46
19 86
19 37
19 15
19 13
19 27
19 96
19 78
19 80
19 36
74 74
74 62
74 60
74 44
74 14
74 90
74 0
74 75
74 88
74 52
74 91
74 4
74 41
74 20
74 6
74 22
74 17
74 26
74 93
74 10
74 49
74 76
74 55
74 94
74 84
74 21
74 29
74 39
74 98
74 85
74 42
74 33
74 31
74 7
74 63
74 67
74 51
74 65
74 58
74 35
74 30
74 81
74 87
74 61
74 43
74 40
74 70
74 48
74 11
74 2
74 59
74 99
74 32
74 79
74 46
74 86
74 37
74 15
74 13
74 27
74 96
74 78
74 80
74 36
18 18
18 60
18 44
18 14
18 90
18 64
18 75
18 88
18 52
18 91
18 4
18 41
18 20
18 6
18 22
18 17
18 26
18 93
18 10
18 49
18 76
18 55
18 94
18 84
18 21
18 29
18 39
18 98
18 85
18 42
18 33
18 31
18 7
18 63
18 67
18 51
18 65
18 58
18 35
18 30
18 81
18 87
18 61
18 43
18 40
18 70
18 48
18 11
18 2
18 59
18 99
18 32
18 79
18 46
18 86
18 37
18 15
18 13
18 27
18 96
18 78
18 80
18 36
62 62
62 14
62 90
62 0
62 64
62 75
62 88
62 52
62 91
62 4
62 41
62 20
62 6
62 22
62 17
62 26
62 93
62 10
62 49
62 76
62 55
62 94
62 84
62 21
62 29
62 39
62 98
62 85
62 42
62 33
62 31
62 7
62 63
62 67
62 51
62 65
62 58
62 35
62 30
62 81
62 87
62 61
62 43
62 40
62 70
62 48
62 11
62 2
62 59
62 99
62 32
62 79
62 46
62 86
62 37
62 15
62 13
62 27
62 96
62 78
62 80
62 36
60 60
60 44
60 14
60 90
60 0
60 64
60 75
60 88
60 52
60 91
60 4
60 41
60 20
60 6
60 22
60 17
60 26
60 93
60 10
60 49
60 76
60 55
60 94
60 84
60 21
60 29
60 39
60 98
60 85
60 42
60 33
60 31
60 7
60 63
60 67
60 51
60 65
60 58
60 35
60 30
60 81
60 87
60 61
60 43
60 40
60 70
60 48
60 11
60 2
60 59
60 99
60 32
60 79
60 46
60 86
60 37
60 15
60 13
60 27
60 96
60 78
60 80
60 36
44 44
44 0
44 64
44 75
44 88
44 52
44 91
44 4
44 41
44 20
44 6
44 22
44 17
44 26
44 93
44 10
44 49
44 76
44 55
44 94
44 84
44 21
44 29
44 39
44 98
44 85
44 42
44 33
44 31
44 7
44 63
44 67
44 51
44 65
44 58
44 35
44 30
44 81
44 87
44 61
44 43
44 40
44 70
44 48
44 11
44 2
44 59
44 99
44 32
44 79
44 46
44 86
44 37
44 15
44 13
44 27
44 96
44 78
44 80
44 36
14 14
14 90
14 0
14 64
14 75
14 88
14 52
14 91
14 4
14 41
14 20
14 6
14 22
14 17
14 26
14 93
14 10
14 49
14 76
14 55
14 94
14 84
14 21
14 29
14 39
14 98
14 85
14 42
14 33
14 31
14 7
14 63
14 67
14 51
14 65
14 58
14 35
14 30
14 81
14 87
14 61
14 43
14 40
14 70
14 48
14 11
14 2
14 59
14 99
14 32
14 79
14 46
14 86
14 37
14 15
14 13
14 27
14 96
14 78
14 80
14 36
90 90
90 0
90 64
90 75
90 88
90 52
90 91
90 4
90 41
90 20
90 6
90 22
90 17
90 26
90 93
90 10
90 49
90 76
90 55
90 94
90 84
90 21
90 29
90 39
90 98
90 85
90 42
90 33
90 31
90 7
90 63
90 67
90 51
90 65
90 58
90 35
90 30
90 81
90 87
90 61
90 43
90 40
90 70
90 48
90 11
90 2
90 59
90 99
90 32
90 79
90 46
90 86
90 37
90 15
90 13
90 27
90 96
90 78
90 80
90 36
0 0
0 64
0 75
0 88
0 52
0 91
0 4
0 41
0 20
0 6
0 22
0 17
0 26
0 93
0 10
0 49
0 76
0 55
0 94
0 84
0 21
0 29
0 39
0 98
0 85
0 42
0 33
0 31
0 7
0 63
0 67
0 51
0 65
0 58
0 35
0 30
0 81
0 87
0 61
0 43
0 40
0 70
0 48
0 11
0 2
0 59
0 99
0 32
0 79
0 46
0 86
0 37
0 15
0 13
0 27
0 96
0 78
0 80
0 36
64 64
64 75
64 88
64 52
64 91
64 4
64 41
64 20
64 6
64 22
64 17
64 26
64 93
64 10
64 49
64 76
64 55
64 94
64 84
64 21
64 29
64 39
64 98
64 85
64 42
64 33
64 31
64 7
64 63
64 67
64 51
64 65
64 58
64 35
64 30
64 81
64 87
64 61
64 43
64 40
64 70
64 48
64 11
64 2
64 59
64 99
64 32
64 79
64 46
64 86
64 37
64 15
64 13
64 27
64 96
64 78
64 80
64 36
75 75
75 52
75 91
75 4
75 41
75 20
75 6
75 22
75 17
75 26
75 93
75 10
75 49
75 76
75 55
75 84
75 21
75 29
75 39
75 98
75 85
75 42
75 33
75 31
75 7
75 63
75 67
75 51
75 65
75 58
75 35
75 30
75 81
75 87
75 61
75 43
75 40
75 70
75 48
75 11
75 2
75 59
75 99
75 32
75 79
75 46
75 86
75 37
75 15
75 13
75 27
75 96
75 78
75 80
75 36
88 88
88 91
88 4
88 41
88 20
88 6
88 22
88 17
88 26
88 93
88 10
88 49
88 76
88 94
88 84
88 21
88 29
88 39
88 98
88 85
88 42
88 33
88 31
88 7
88 63
88 67
88 51
88 65
88 58
88 35
88 30
88 81
88 87
88 61
88 43
88 40
88 70
88 48
88 11
88 2
88 59
88 99
88 32
88 79
88 46
88 86
88 37
88 15
88 13
88 27
88 96
88 78
88 80
88 36
52 52
52 4
52 41
52 20
52 6
52 22
52 17
52 26
52 93
52 10
52 49
52 55
52 94
52 84
52 21
52 29
52 39
52 98
52 85
52 42
52 33
52 31
52 7
52 63
52 67
52 51
52 65
52 58
52 35
52 30
52 81
52 87
52 61
52 43
52 40
52 70
52 48
52 11
52 2
52 59
52 99
52 32
52 79
52 46
52 86
52 37
52 15
52 13
52 27
52 96
52 78
52 80
52 36
91 91
91 41
91 20
91 6
91 22
91 17
91 26
91 93
91 10
91 76
91 55
91 94
91 84
91 21
91 29
91 39
91 98
91 85
91 42
91 33
91 31
91 7
91 63
91 67
91 51
91 65
91 58
91 35
91 30
91 81
91 87
91 61
91 43
91 40
91 70
91 48
91 11
91 2
91 59
91 99
91 32
91 79
91 46
91 86
91 37
91 15
91 13
91 27
91 96
91 78
91 80
91 36
4 4
4 20
4 6
4 22
4 17
4 49
4 76
4 55
4 94
4 84
4 21
4 29
4 39
4 98
4 85
4 42
4 33
4 31
4 7
4 63
4 67
4 51
4 65
4 58
4 35
4 30
4 81
4 87
4 61
4 43
4 40
4 70
4 48
4 11
4 2
4 59
4 99
4 32
4 79
4 46
4 86
4 37
4 15
4 13
4 27
4 96
4 78
4 80
4 36
41 41
41 26
41 93
41 10
41 49
41 76
41 55
41 94
41 84
41 21
41 29
41 39
41 98
41 85
41 42
41 33
41 31
41 7
41 63
41 67
41 51
41 65
41 58
41 35
41 30
41 81
41 87
41 61
41 43
41 40
41 70
41 48
41 11
41 2
41 59
41 99
41 32
41 79
41 46
41 86
41 37
41 15
41 13
41 27
41 96
41 78
41 80
41 36
20 20
20 6
20 22
20 17
20 26
20 93
20 10
20 49
20 76
20 55
20 94
20 84
20 21
20 29
20 39
20 98
20 85
20 42
20 33
20 31
20 7
20 63
20 67
20 51
20 65
20 58
20 35
20 30
20 81
20 87
20 61
20 43
20 40
20 70
20 48
20 11
20 2
20 59
20 99
20 32
20 79
20 46
20 86
20 37
20 15
20 13
20 27
20 96
20 78
20 80
20 36
6 6
6 22
6 17
6 26
6 93
6 10
6 49
6 76
6 55
6 94
6 84
6 21
6 29
6 39
6 98
6 85
6 42
6 33
6 31
6 7
6 63
6 67
6 51
6 65
6 58
6 35
6 30
6 81
6 87
6 61
6 43
6 40
6 70
6 48
6 11
6 2
6 59
6 99
6 32
6 79
6 46
6 86
6 37
6 15
6 13
6 27
6 96
6 78
6 80
6 36
22 22
22 17
22 26
22 93
22 10
22 49
22 76
22 55
22 94
22 84
22 21
22 29
22 39
22 98
22 85
22 42
22 33
22 31
22 7
22 63
22 67
22 51
22 65
22 58
22 35
22 30
22 81
22 87
22 61
22 43
22 40
22 70
22 48
22 11
22 2
22 59
22 99
22 32
22 79
22 46
22 86
22 37
22 15
22 13
22 27
22 96
22 78
22 80
22 36
17 17
17 26
17 93
17 10
17 49
17 76
17 55
17 94
17 84
17 21
17 29
17 39
17 98
17 85
17 42
17 33
17 31
17 7
17 63
17 67
17 51
17 65
17 58
17 35
17 30
17 81
17 87
17 61
17 43
17 40
17 70
17 48
17 11
17 2
17 59
17 99
17 32
17 79
17 46
17 86
17 37
17 15
17 13
17 27
17 96
17 78
17 80
17 36
26 26
26 93
26 10
26 49
26 76
26 55
26 94
26 84
26 21
26 29
26 39
26 98
26 85
26 42
26 33
26 31
26 7
26 63
26 67
26 51
26 65
26 58
26 35
26 30
26 81
26 87
26 61
26 43
26 40
26 70
26 48
26 11
26 2
26 59
26 99
26 32
26 79
26 46
26 86
26 37
26 15
26 13
26 27
26 96
26 78
26 80
26 36
93 93
93 10
93 49
93 76
93 55
93 94
93 84
93 21
93 29
93 39
93 98
93 85
93 42
93 33
93 31
93 7
93 63
93 67
93 51
93 65
93 58
93 35
93 30
93 81
93 87
93 61
93 43
93 40
93 70
93 48
93 11
93 2
93 59
93 99
93 32
93 79
93 46
93 86
93 37
93 15
93 13
93 27
93 96
93 78
93 80
93 36
10 10
10 49
10 76
10 55
10 94
10 84
10 21
10 29
10 39
10 98
10 85
10 42
10 33
10 31
10 7
10 63
10 67
10 51
10 65
10 58
10 35
10 30
10 81
10 87
10 61
10 43
10 40
10 70
10 48
10 11
10 2
10 59
10 99
10 32
10 79
10 46
10 86
10 37
10 15
10 13
10 27
10 96
10 78
10 80
10 36
49 49
49 76
49 55
49 94
49 84
49 21
49 29
49 39
49 98
49 85
49 42
49 33
49 31
49 7
49 63
49 67
49 51
49 65
49 58
49 35
49 30
49 81
49 87
49 61
49 43
49 40
49 70
49 48
49 11
49 2
49 59
49 99
49 32
49 79
49 46
49 86
49 37
49 15
49 13
49 27
49 96
49 78
49 80
49 36
76 76
76 55
76 94
76 84
76 21
76 29
76 39
76 98
76 85
76 42
76 33
76 31
76 7
76 63
76 67
76 51
76 65
76 58
76 35
76 30
76 81
76 87
76 61
76 43
76 40
76 70
76 48
76 11
76 2
76 59
76 99
76 32
76 79
76 46
76 86
76 37
76 15
76 13
76 27
76 96
76 78
76 80
76 36
55 55
55 94
55 84
55 21
55 29
55 39
55 98
55 85
55 42
55 33
55 31
55 7
55 63
55 67
55 51
55 65
55 58
55 35
55 30
55 81
55 87
55 61
55 43
55 40
55 70
55 48
55 11
55 2
55 59
55 99
55 32
55 79
55 46
55 86
55 37
55 15
55 13
55 27
55 96
55 78
55 80
55 36
94 94
94 84
94 21
94 29
94 39
94 98
94 85
94 42
94 33
94 31
94 7
94 63
94 67
94 51
94 65
94 58
94 35
94 30
94 81
94 87
94 61
94 43
94 40
94 70
94 48
94 11
94 2
94 59
94 99
94 32
94 79
94 46
94 86
94 37
94 15
94 13
94 27
94 96
94 78
94 80
94 36
84 84
84 39
84 98
84 85
84 42
84 33
84 31
84 7
84 63
84 67
84 51
84 65
84 58
84 35
84 30
84 81
84 87
84 61
84 43
84 40
84 70
84 48
84 11
84 2
84 59
84 99
84 32
84 79
84 46
84 86
84 37
84 15
84 13
84 27
84 96
84 78
84 80
84 36
21 21
21 29
21 39
21 98
21 85
21 42
21 33
21 31
21 7
21 63
21 67
21 51
21 65
21 58
21 35
21 30
21 81
21 87
21 61
21 43
21 40
21 70
21 48
21 11
21 2
21 59
21 99
21 32
21 79
21 46
21 86
21 37
21 15
21 13
21 27
21 96
21 78
21 80
21 36
29 29
29 98
29 85
29 33
29 31
29 7
29 63
29 67
29 51
29 65
29 58
29 35
29 30
29 81
29 87
29 61
29 43
29 40
29 70
29 48
29 11
29 2
29 59
29 99
29 32
29 79
29 46
29 86
29 37
29 15
29 13
29 27
29 96
29 78
29 80
29 36
39 39
39 42
39 33
39 31
39 7
39 63
39 67
39 51
39 65
39 58
39 35
39 30
39 81
39 87
39 61
39 43
39 40
39 70
39 48
39 11
39 2
39 59
39 99
39 32
39 79
39 46
39 86
39 37
39 15
39 13
39 27
39 96
39 78
39 80
39 36
98 98
98 85
98 42
98 33
98 31
98 7
98 63
98 67
98 51
98 65
98 58
98 35
98 30
98 81
98 87
98 61
98 43
98 40
98 70
98 48
98 11
98 2
98 59
98 99
98 32
98 79
98 46
98 86
98 37
98 15
98 13
98 27
98 96
98 78
98 80
98 36
85 85
85 42
85 33
85 31
85 7
85 63
85 67
85 51
85 65
85 58
85 35
85 30
85 81
85 87
85 61
85 43
85 40
85 70
85 48
85 11
85 2
85 59
85 99
85 32
85 79
85 46
85 86
85 37
85 15
85 13
85 27
85 96
85 78
85 80
85 36
42 42
42 33
42 31
42 7
42 63
42 67
42 51
42 65
42 58
42 35
42 30
42 81
42 87
42 61
42 43
42 40
42 70
42 48
42 11
42 2
42 59
42 99
42 32
42 79
42 46
42 86
42 37
42 15
42 13
42 27
42 96
42 78
42 80
42 36
33 33
33 31
33 7
33 63
33 67
33 51
33 65
33 58
33 35
33 30
33 81
33 87
33 61
33 43
33 40
33 70
33 48
33 11
33 2
33 59
33 99
33 32
33 79
33 46
33 86
33 37
33 15
33 13
33 27
33 96
33 78
33 80
33 36
31 31
31 63
31 67
31 51
31 65
31 58
31 35
31 30
31 81
31 87
31 61
31 43
31 40
31 70
31 48
31 11
31 2
31 59
31 99
31 32
31 79
31 46
31 86
31 15
31 13
31 27
31 96
31 78
31 80
31 36
7 7
7 67
7 51
7 65
7 58
7 35
7 30
7 81
7 87
7 61
7 43
7 40
7 70
7 48
7 11
7 2
7 59
7 99
7 32
7 79
7 46
7 37
7 15
7 13
7 27
7 96
7 78
7 80
7 36
63 63
63 51
63 65
63 58
63 35
63 30
63 81
63 87
63 61
63 40
63 70
63 48
63 11
63 2
63 59
63 99
63 32
63 79
63 46
63 86
63 37
63 15
63 13
63 27
63 96
63 78
63 80
63 36
67 67
67 35
67 30
67 81
67 87
67 43
67 40
67 70
67 48
67 11
67 2
67 59
67 99
67 32
67 79
67 46
67 86
67 37
67 15
67 13
67 27
67 96
67 78
67 80
67 36
51 51
51 65
51 58
51 35
51 30
51 81
51 87
51 61
51 43
51 40
51 70
51 48
51 11
51 2
51 59
51 99
51 32
51 79
51 46
51 86
51 37
51 15
51 13
51 27
51 96
51 78
51 80
51 36
65 65
65 58
65 35
65 30
65 81
65 87
65 61
65 43
65 40
65 70
65 48
65 11
65 2
65 59
65 99
65 32
65 79
65 46
65 86
65 37
65 15
65 13
65 27
65 96
65 78
65 80
65 36
58 58
58 81
58 87
58 61
58 43
58 40
58 70
58 48
58 11
58 2
58 59
58 99
58 32
58 79
58 46
58 86
58 37
58 15
58 13
58 27
58 96
58 78
58 80
58 36
35 35
35 30
35 81
35 87
35 61
35 43
35 40
35 70
35 48
35 11
35 2
35 59
35 99
35 32
35 79
35 46
35 86
35 37
35 15
35 13
35 27
35 96
35 78
35 80
35 36
30 30
30 61
30 43
30 40
30 70
30 48
30 11
30 2
30 59
30 99
30 32
30 79
30 46
30 86
30 37
30 15
30 13
30 27
30 96
30 78
30 80
30 36
81 81
81 87
81 61
81 43
81 40
81 70
81 48
81 11
81 2
81 59
81 99
81 32
81 79
81 46
81 86
81 37
81 15
81 13
81 27
81 96
81 78
81 80
81 36
87 87
87 61
87 43
87 40
87 70
87 48
87 11
87 2
87 59
87 99
87 32
87 79
87 46
87 86
87 37
87 15
87 13
87 27
87 96
87 78
87 80
87 36
61 61
61 43
61 40
61 70
61 48
61 11
61 2
61 59
61 99
61 32
61 79
61 46
61 86
61 37
61 15
61 13
61 27
61 96
61 78
61 80
61 36
43 43
43 70
43 48
43 11
43 2
43 59
43 99
43 79
43 46
43 86
43 37
43 15
43 13
43 27
43 96
43 78
43 80
43 36
40 40
40 48
40 11
40 59
40 99
40 32
40 79
40 46
40 86
40 37
40 15
40 13
40 27
40 96
40 78
40 80
40 36
70 70
70 2
70 59
70 99
70 32
70 79
70 46
70 86
70 37
70 15
70 13
70 27
70 96
70 78
70 80
70 36
48 48
48 11
48 2
48 59
48 99
48 32
48 79
48 46
48 86
48 37
48 15
48 13
48 27
48 96
48 78
48 80
48 36
11 11
11 2
11 59
11 99
11 32
11 79
11 46
11 86
11 37
11 15
11 13
11 27
11 96
11 78
11 80
11 36
2 2
2 32
2 79
2 46
2 86
2 37
2 15
2 13
2 27
2 96
2 78
2 80
2 36
59 59
59 99
59 32
59 79
59 46
59 86
59 37
59 15
59 13
59 27
59 96
59 78
59 80
59 36
99 99
99 32
99 79
99 46
99 86
99 37
99 15
99 13
99 27
99 96
99 78
99 80
99 36
32 32
32 86
32 37
32 15
32 13
32 27
32 96
32 78
32 80
32 36
79 79
79 46
79 86
79 37
79 15
79 13
79 27
79 96
79 78
79 80
79 36
46 46
46 86
46 37
46 15
46 13
46 27
46 96
46 78
46 80
46 36
86 86
86 37
86 15
86 13
86 27
86 96
86 78
86 80
86 36
37 37
37 15
37 13
37 27
37 96
37 78
37 80
37 36
15 15
15 13
15 27
15 96
15 78
15 80
15 36
13 13
13 27
13 96
13 78
13 80
13 36
27 27
27 96
27 78
27 80
27 36
96 96
96 36
78 78
78 80
78 36
80 80
80 36
36 36
