50
1283
46 46
46 44
46 38
46 19
46 10
46 35
46 24
46 5
46 7
46 1
46 3
46 14
46 17
46 16
46 48
46 30
46 21
46 6
46 47
46 29
46 31
46 43
46 36
46 12
46 45
46 22
46 26
46 2
46 49
46 28
46 0
46 20
46 8
46 50
46 18
46 37
46 32
46 23
46 27
46 25
46 39
46 34
46 15
46 4
46 33
46 11
46 9
46 13
46 40
42 42
42 38
42 19
42 41
42 10
42 35
42 24
42 5
42 7
42 1
42 3
42 14
42 17
42 16
42 48
42 30
42 21
42 6
42 47
42 29
42 31
42 43
42 36
42 12
42 45
42 22
42 26
42 2
42 49
42 28
42 0
42 20
42 8
42 50
42 18
42 37
42 32
42 23
42 27
42 25
42 39
42 34
42 15
42 4
42 33
42 11
42 9
42 13
42 40
44 44
44 19
44 41
44 10
44 35
44 24
44 5
44 7
44 1
44 3
44 14
44 17
44 16
44 48
44 30
44 21
44 6
44 47
44 29
44 31
44 43
44 36
44 12
44 45
44 22
44 26
44 2
44 49
44 28
44 0
44 20
44 8
44 50
44 18
44 37
44 32
44 23
44 27
44 25
44 39
44 34
44 15
44 4
44 33
44 11
44 9
44 13
44 40
38 38
38 41
38 10
38 35
38 24
38 5
38 7
38 1
38 3
38 14
38 17
38 16
38 48
38 30
38 21
38 6
38 47
38 29
38 31
38 43
38 36
38 12
38 45
38 22
38 26
38 2
38 49
38 28
38 0
38 20
38 8
38 50
38 18
38 37
38 32
38 23
38 27
38 25
38 39
38 34
38 15
38 4
38 33
38 11
38 9
38 13
38 40
19 19
19 41
19 10
19 35
19 5
19 7
19 1
19 3
19 14
19 17
19 16
19 48
19 30
19 21
19 6
19 47
19 29
19 31
19 43
19 36
19 12
19 45
19 22
19 26
19 2
19 49
19 28
19 0
19 20
19 8
19 50
19 18
19 37
19 32
19 23
19 27
19 25
19 39
19 34
19 15
19 4
19 33
19 11
19 9
19 13
19 40
41 41
41 35
41 24
41 5
41 7
41 1
41 3
41 14
41 17
41 16
41 48
41 30
41 21
41 6
41 47
41 29
41 31
41 43
41 36
41 12
41 45
41 22
41 26
41 2
41 49
41 28
41 0
41 20
41 8
41 50
41 18
41 37
41 32
41 23
41 27
41 25
41 39
41 34
41 15
41 4
41 33
41 11
41 9
41 13
41 40
10 10
10 24
10 5
10 7
10 1
10 3
10 14
10 17
10 16
10 48
10 30
10 21
10 6
10 47
10 29
10 31
10 43
10 36
10 12
10 45
10 22
10 26
10 2
10 49
10 28
10 0
10 20
10 8
10 50
10 18
10 37
10 32
10 23
10 27
10 25
10 39
10 34
10 15
10 4
10 33
10 11
10 9
10 13
10 40
35 35
35 24
35 5
35 7
35 1
35 3
35 14
35 17
35 16
35 48
35 30
35 21
35 6
35 47
35 29
35 31
35 43
35 36
35 12
35 45
35 22
35 26
35 2
35 49
35 28
35 0
35 20
35 8
35 50
35 18
35 37
35 32
35 23
35 27
35 25
35 39
35 34
35 15
35 4
35 33
35 11
35 9
35 13
35 40
24 24
24 5
24 7
24 1
24 3
24 14
24 17
24 16
24 48
24 30
24 21
24 6
24 47
24 29
24 31
24 43
24 36
24 12
24 45
24 22
24 26
24 2
24 49
24 28
24 0
24 20
24 8
24 50
24 18
24 37
24 32
24 23
24 27
24 25
24 39
24 34
24 15
24 4
24 33
24 11
24 9
24 13
24 40
5 5
5 3
5 14
5 17
5 16
5 48
5 30
5 21
5 6
5 47
5 29
5 31
5 43
5 36
5 12
5 45
5 22
5 26
5 2
5 49
5 28
5 0
5 20
5 8
5 50
5 18
5 37
5 32
5 23
5 27
5 25
5 39
5 34
5 15
5 4
5 33
5 11
5 9
5 13
5 40
7 7
7 1
7 3
7 14
7 17
7 16
7 48
7 30
7 21
7 6
7 47
7 29
7 31
7 43
7 36
7 12
7 45
7 22
7 26
7 2
7 49
7 28
7 0
7 20
7 8
7 50
7 18
7 37
7 32
7 23
7 27
7 25
7 39
7 34
7 15
7 4
7 33
7 11
7 9
7 13
7 40
1 1
1 3
1 14
1 17
1 16
1 48
1 30
1 21
1 6
1 47
1 29
1 31
1 43
1 36
1 12
1 45
1 22
1 26
1 2
1 49
1 28
1 0
1 20
1 8
1 50
1 18
1 37
1 32
1 23
1 27
1 25
1 39
1 34
1 15
1 4
1 33
1 11
1 9
1 13
1 40
3 3
3 16
3 48
3 30
3 21
3 6
3 47
3 29
3 31
3 43
3 36
3 12
3 45
3 22
3 26
3 2
3 49
3 28
3 0
3 20
3 8
3 50
3 18
3 37
3 32
3 23
3 27
3 25
3 39
3 34
3 15
3 4
3 33
3 11
3 9
3 13
3 40
14 14
14 17
14 16
14 30
14 21
14 6
14 47
14 29
14 31
14 43
14 36
14 12
14 45
14 22
14 26
14 2
14 49
14 28
14 0
14 20
14 8
14 50
14 18
14 37
14 32
14 23
14 27
14 25
14 39
14 34
14 15
14 4
14 33
14 11
14 9
14 13
14 40
17 17
17 48
17 30
17 21
17 6
17 47
17 29
17 31
17 43
17 36
17 12
17 45
17 22
17 26
17 2
17 49
17 28
17 0
17 20
17 8
17 50
17 18
17 37
17 32
17 23
17 27
17 25
17 39
17 34
17 15
17 4
17 33
17 11
17 9
17 13
17 40
16 16
16 48
16 21
16 6
16 47
16 29
16 31
16 43
16 36
16 12
16 45
16 22
16 26
16 2
16 49
16 28
16 0
16 20
16 8
16 50
16 18
16 37
16 32
16 23
16 27
16 25
16 39
16 34
16 15
16 4
16 33
16 11
16 9
16 13
16 40
48 48
48 30
48 21
48 6
48 47
48 29
48 31
48 43
48 36
48 12
48 45
48 22
48 26
48 2
48 49
48 28
48 0
48 20
48 8
48 50
48 18
48 37
48 32
48 23
48 27
48 25
48 39
48 34
48 15
48 4
48 33
48 11
48 9
48 13
48 40
30 30
30 21
30 6
30 47
30 29
30 31
30 43
30 36
30 12
30 45
30 22
30 26
30 2
30 49
30 28
30 0
30 20
30 8
30 50
30 18
30 37
30 32
30 23
30 27
30 25
30 39
30 34
30 15
30 4
30 33
30 11
30 9
30 13
30 40
21 21
21 47
21 29
21 31
21 43
21 36
21 12
21 45
21 22
21 26
21 2
21 49
21 28
21 0
21 20
21 8
21 50
21 18
21 37
21 32
21 23
21 27
21 25
21 39
21 34
21 15
21 4
21 33
21 11
21 9
21 13
21 40
6 6
6 29
6 31
6 43
6 36
6 12
6 45
6 22
6 26
6 2
6 49
6 28
6 0
6 20
6 8
6 50
6 18
6 37
6 32
6 23
6 27
6 25
6 39
6 34
6 15
6 4
6 33
6 11
6 9
6 13
6 40
47 47
47 31
47 43
47 36
47 12
47 45
47 22
47 26
47 2
47 49
47 28
47 0
47 20
47 8
47 50
47 18
47 37
47 32
47 23
47 27
47 25
47 39
47 34
47 15
47 4
47 33
47 11
47 9
47 13
47 40
29 29
29 43
29 36
29 12
29 45
29 22
29 26
29 2
29 49
29 28
29 0
29 20
29 8
29 50
29 18
29 37
29 32
29 23
29 27
29 25
29 39
29 34
29 15
29 4
29 33
29 11
29 9
29 13
29 40
31 31
31 43
31 36
31 12
31 45
31 22
31 26
31 2
31 49
31 28
31 0
31 20
31 8
31 50
31 18
31 37
31 32
31 23
31 27
31 25
31 39
31 34
31 15
31 4
31 33
31 11
31 9
31 13
31 40
43 43
43 12
43 45
43 26
43 2
43 49
43 28
43 0
43 20
43 8
43 50
43 18
43 37
43 32
43 23
43 27
43 25
43 39
43 34
43 15
43 4
43 33
43 11
43 9
43 13
43 40
36 36
36 45
36 22
36 26
36 2
36 49
36 28
36 0
36 20
36 8
36 50
36 18
36 37
36 32
36 23
36 27
36 25
36 39
36 34
36 15
36 4
36 33
36 11
36 9
36 13
36 40
12 12
12 22
12 26
12 2
12 49
12 28
12 0
12 20
12 8
12 50
12 18
12 37
12 32
12 23
12 27
12 25
12 39
12 34
12 15
12 4
12 33
12 11
12 9
12 13
12 40
45 45
45 22
45 26
45 2
45 28
45 0
45 20
45 8
45 50
45 18
45 37
45 32
45 23
45 27
45 25
45 39
45 34
45 15
45 4
45 33
45 11
45 9
45 13
45 40
22 22
22 2
22 49
22 28
22 0
22 20
22 8
22 50
22 18
22 37
22 32
22 23
22 27
22 25
22 39
22 34
22 15
22 4
22 33
22 11
22 9
22 13
22 40
26 26
26 49
26 28
26 0
26 20
26 8
26 50
26 18
26 37
26 32
26 23
26 27
26 25
26 39
26 34
26 15
26 4
26 33
26 11
26 9
26 13
26 40
2 2
2 49
2 28
2 0
2 20
2 8
2 50
2 18
2 37
2 32
2 23
2 27
2 25
2 39
2 34
2 15
2 4
2 33
2 11
2 9
2 13
2 40
49 49
49 28
49 0
49 20
49 8
49 50
49 18
49 37
49 32
49 23
49 27
49 25
49 39
49 34
49 15
49 4
49 33
49 11
49 9
49 13
49 40
28 28
28 8
28 50
28 18
28 37
28 32
28 23
28 27
28 25
28 39
28 34
28 15
28 4
28 33
28 11
28 9
28 13
28 40
0 0
0 20
0 8
0 50
0 18
0 37
0 23
0 27
0 25
0 39
0 34
0 15
0 4
0 33
0 11
0 9
0 13
0 40
20 20
20 50
20 18
20 37
20 32
20 23
20 27
20 25
20 39
20 34
20 15
20 4
20 33
20 11
20 9
20 13
20 40
8 8
8 18
8 37
8 32
8 23
8 27
8 25
8 39
8 34
8 15
8 4
8 33
8 11
8 9
8 13
8 40
50 50
50 37
50 32
50 23
50 27
50 25
50 39
50 34
50 15
50 4
50 33
50 11
50 9
50 13
50 40
18 18
18 32
18 23
18 27
18 25
18 39
18 34
18 15
18 4
18 33
18 11
18 9
18 13
18 40
37 37
37 32
37 23
37 25
37 39
37 34
37 15
37 4
37 33
37 11
37 9
37 13
37 40
32 32
32 27
32 25
32 39
32 34
32 15
32 4
32 33
32 11
32 9
32 13
32 40
23 23
23 27
23 25
23 39
23 34
23 15
23 4
23 33
23 11
23 9
23 13
23 40
27 27
27 39
27 34
27 15
27 4
27 33
27 11
27 9
27 13
27 40
25 25
25 39
25 34
25 15
25 4
25 33
25 11
25 9
25 13
25 40
39 34
39 15
39 4
39 33
39 11
39 9
39 13
39 40
34 34
34 33
34 11
34 9
34 13
34 40
15 15
15 4
15 11
15 9
15 13
15 40
4 4
4 33
4 11
4 9
4 13
4 40
33 33
33 11
33 9
33 13
33 40
11 11
11 40
9 9
9 13
9 40
13 13
13 40
