50
1279
11 33
11 12
11 43
11 20
11 0
11 32
11 34
11 44
11 2
11 45
11 38
11 37
11 35
11 25
11 18
11 39
11 49
11 26
11 13
11 27
11 21
11 10
11 14
11 1
11 6
11 5
11 24
11 29
11 3
11 42
11 36
11 48
11 41
11 22
11 46
11 40
11 8
11 19
11 9
11 30
11 31
11 16
11 17
11 47
11 28
11 15
11 7
11 4
11 23
11 50
33 33
33 43
33 20
33 0
33 34
33 44
33 2
33 45
33 38
33 37
33 35
33 25
33 18
33 39
33 49
33 26
33 13
33 27
33 21
33 10
33 14
33 1
33 6
33 5
33 24
33 29
33 3
33 42
33 36
33 48
33 41
33 22
33 46
33 40
33 8
33 19
33 9
33 30
33 31
33 16
33 17
33 47
33 28
33 15
33 7
33 4
33 23
33 50
12 12
12 20
12 0
12 32
12 34
12 44
12 2
12 45
12 38
12 37
12 35
12 25
12 18
12 39
12 49
12 26
12 13
12 27
12 21
12 10
12 14
12 1
12 6
12 5
12 24
12 29
12 3
12 42
12 36
12 48
12 41
12 22
12 46
12 40
12 8
12 19
12 9
12 30
12 31
12 16
12 17
12 47
12 28
12 15
12 7
12 4
12 23
12 50
43 43
43 0
43 32
43 34
43 44
43 2
43 45
43 38
43 37
43 35
43 25
43 18
43 39
43 49
43 26
43 13
43 27
43 21
43 10
43 14
43 1
43 6
43 5
43 24
43 29
43 3
43 42
43 36
43 48
43 41
43 22
43 46
43 40
43 8
43 19
43 9
43 30
43 31
43 16
43 17
43 47
43 28
43 15
43 7
43 4
43 23
43 50
20 20
20 32
20 34
20 44
20 2
20 45
20 38
20 37
20 35
20 25
20 18
20 39
20 49
20 26
20 13
20 27
20 21
20 10
20 14
20 1
20 6
20 5
20 24
20 29
20 3
20 42
20 36
20 48
20 41
20 22
20 46
20 40
20 8
20 19
20 9
20 30
20 31
20 16
20 17
20 47
20 28
20 15
20 7
20 4
20 23
20 50
0 0
0 34
0 44
0 2
0 45
0 38
0 37
0 35
0 25
0 18
0 39
0 49
0 26
0 13
0 27
0 21
0 10
0 14
0 1
0 6
0 5
0 24
0 29
0 3
0 42
0 36
0 48
0 41
0 22
0 46
0 40
0 8
0 19
0 9
0 30
0 31
0 16
0 17
0 47
0 28
0 15
0 7
0 4
0 23
0 50
32 32
32 34
32 44
32 2
32 45
32 38
32 37
32 35
32 25
32 18
32 39
32 49
32 26
32 13
32 27
32 21
32 10
32 14
32 1
32 6
32 5
32 24
32 29
32 3
32 42
32 36
32 48
32 41
32 22
32 46
32 40
32 8
32 19
32 9
32 30
32 31
32 16
32 17
32 47
32 28
32 15
32 7
32 4
32 23
32 50
34 34
34 2
34 45
34 38
34 37
34 25
34 18
34 39
34 49
34 26
34 13
34 27
34 21
34 10
34 14
34 1
34 6
34 5
34 24
34 29
34 3
34 42
34 36
34 48
34 41
34 22
34 46
34 40
34 8
34 19
34 9
34 30
34 31
34 16
34 17
34 47
34 28
34 15
34 7
34 4
34 23
34 50
44 44
44 45
44 38
44 37
44 35
44 25
44 18
44 39
44 49
44 26
44 13
44 27
44 21
44 10
44 14
44 1
44 6
44 5
44 24
44 29
44 3
44 42
44 36
44 48
44 41
44 22
44 46
44 40
44 8
44 19
44 9
44 30
44 31
44 16
44 17
44 47
44 28
44 15
44 7
44 4
44 23
44 50
2 2
2 38
2 37
2 35
2 25
2 18
2 39
2 49
2 26
2 13
2 27
2 21
2 10
2 14
2 1
2 6
2 5
2 24
2 29
2 3
2 42
2 36
2 48
2 41
2 22
2 46
2 40
2 8
2 19
2 9
2 30
2 31
2 16
2 17
2 47
2 28
2 15
2 7
2 4
2 23
2 50
45 45
45 37
45 35
45 25
45 18
45 39
45 49
45 26
45 13
45 27
45 21
45 10
45 14
45 1
45 6
45 5
45 24
45 29
45 3
45 42
45 36
45 48
45 41
45 22
45 46
45 40
45 8
45 19
45 9
45 30
45 31
45 16
45 17
45 47
45 28
45 15
45 7
45 4
45 23
45 50
38 38
38 35
38 25
38 18
38 39
38 49
38 26
38 13
38 27
38 21
38 10
38 14
38 1
38 6
38 5
38 24
38 29
38 3
38 42
38 36
38 48
38 41
38 22
38 46
38 40
38 8
38 19
38 9
38 30
38 31
38 16
38 17
38 47
38 28
38 15
38 7
38 4
38 23
38 50
37 37
37 25
37 18
37 39
37 49
37 26
37 13
37 27
37 21
37 10
37 14
37 1
37 6
37 5
37 24
37 29
37 3
37 42
37 36
37 48
37 41
37 22
37 46
37 40
37 8
37 19
37 9
37 30
37 31
37 16
37 17
37 47
37 28
37 15
37 7
37 4
37 23
37 50
35 35
35 25
35 18
35 39
35 49
35 26
35 13
35 27
35 21
35 10
35 14
35 1
35 6
35 5
35 24
35 29
35 3
35 42
35 36
35 48
35 41
35 22
35 46
35 40
35 8
35 19
35 9
35 30
35 31
35 16
35 17
35 47
35 28
35 15
35 7
35 4
35 23
35 50
25 25
25 39
25 49
25 26
25 13
25 27
25 21
25 10
25 14
25 1
25 6
25 5
25 24
25 29
25 3
25 42
25 36
25 48
25 41
25 22
25 46
25 40
25 8
25 19
25 9
25 30
25 31
25 16
25 17
25 47
25 28
25 15
25 7
25 4
25 23
25 50
18 18
18 39
18 49
18 26
18 13
18 27
18 21
18 10
18 14
18 1
18 6
18 5
18 24
18 29
18 3
18 42
18 36
18 48
18 41
18 22
18 46
18 40
18 8
18 19
18 9
18 30
18 31
18 16
18 17
18 47
18 28
18 15
18 7
18 4
18 23
18 50
39 39
39 13
39 27
39 21
39 10
39 14
39 1
39 6
39 5
39 24
39 29
39 3
39 42
39 36
39 48
39 41
39 22
39 46
39 40
39 8
39 19
39 9
39 30
39 31
39 16
39 17
39 47
39 28
39 15
39 7
39 4
39 23
39 50
49 49
49 13
49 27
49 21
49 10
49 14
49 1
49 6
49 5
49 24
49 29
49 3
49 42
49 36
49 48
49 41
49 22
49 46
49 40
49 8
49 19
49 9
49 30
49 31
49 16
49 17
49 47
49 28
49 15
49 7
49 4
49 23
49 50
26 26
26 13
26 27
26 21
26 10
26 14
26 1
26 6
26 5
26 24
26 29
26 3
26 42
26 36
26 48
26 41
26 22
26 46
26 40
26 8
26 19
26 9
26 30
26 31
26 16
26 17
26 47
26 28
26 15
26 7
26 4
26 23
26 50
13 13
13 21
13 10
13 14
13 1
13 6
13 5
13 24
13 29
13 3
13 42
13 36
13 48
13 41
13 46
13 40
13 8
13 19
13 9
13 30
13 31
13 16
13 17
13 47
13 28
13 15
13 7
13 4
13 23
13 50
27 27
27 10
27 14
27 1
27 6
27 5
27 24
27 29
27 3
27 42
27 36
27 48
27 41
27 22
27 46
27 40
27 8
27 19
27 9
27 30
27 31
27 16
27 17
27 47
27 28
27 15
27 7
27 4
27 23
27 50
21 21
21 14
21 1
21 6
21 5
21 24
21 29
21 3
21 42
21 36
21 48
21 41
21 22
21 46
21 40
21 8
21 19
21 9
21 30
21 31
21 16
21 17
21 47
21 28
21 15
21 7
21 4
21 23
21 50
10 10
10 1
10 6
10 5
10 24
10 29
10 3
10 42
10 36
10 48
10 41
10 22
10 46
10 40
10 8
10 19
10 9
10 30
10 31
10 16
10 17
10 47
10 28
10 15
10 7
10 4
10 23
10 50
14 14
14 6
14 5
14 24
14 29
14 3
14 42
14 36
14 48
14 41
14 22
14 46
14 40
14 8
14 19
14 9
14 30
14 31
14 16
14 17
14 47
14 28
14 15
14 7
14 4
14 23
14 50
1 1
1 5
1 24
1 29
1 3
1 42
1 36
1 48
1 41
1 22
1 46
1 40
1 8
1 19
1 9
1 30
1 31
1 16
1 17
1 47
1 28
1 15
1 7
1 4
1 23
1 50
6 6
6 24
6 29
6 3
6 42
6 36
6 48
6 41
6 22
6 46
6 40
6 8
6 19
6 9
6 30
6 31
6 16
6 17
6 47
6 28
6 15
6 7
6 4
6 23
6 50
5 5
5 29
5 3
5 42
5 36
5 48
5 41
5 22
5 46
5 40
5 8
5 19
5 9
5 30
5 31
5 16
5 17
5 47
5 28
5 15
5 7
5 4
5 23
5 50
24 24
24 3
24 42
24 36
24 48
24 41
24 22
24 46
24 40
24 8
24 19
24 9
24 30
24 31
24 16
24 17
24 47
24 28
24 15
24 7
24 4
24 23
24 50
29 29
29 42
29 36
29 48
29 41
29 22
29 46
29 40
29 8
29 19
29 9
29 30
29 31
29 16
29 17
29 47
29 28
29 15
29 7
29 4
29 23
29 50
3 3
3 36
3 48
3 41
3 22
3 46
3 40
3 8
3 19
3 9
3 30
3 31
3 16
3 17
3 47
3 28
3 15
3 7
3 4
3 23
3 50
42 42
42 48
42 41
42 22
42 46
42 40
42 8
42 19
42 9
42 30
42 31
42 16
42 17
42 47
42 28
42 15
42 7
42 4
42 23
42 50
36 36
36 41
36 22
36 46
36 40
36 8
36 19
36 9
36 30
36 31
36 16
36 17
36 47
36 28
36 15
36 7
36 4
36 23
36 50
48 48
48 22
48 46
48 40
48 8
48 19
48 9
48 30
48 31
48 16
48 17
48 47
48 28
48 15
48 7
48 4
48 23
48 50
41 41
41 46
41 40
41 8
41 19
41 9
41 30
41 31
41 16
41 17
41 47
41 28
41 15
41 7
41 4
41 23
41 50
22 22
22 46
22 40
22 8
22 19
22 9
22 30
22 31
22 16
22 17
22 47
22 28
22 15
22 7
22 4
22 23
22 50
46 46
46 8
46 19
46 9
46 30
46 31
46 16
46 17
46 47
46 28
46 15
46 7
46 4
46 23
46 50
40 40
40 8
40 19
40 9
40 30
40 31
40 16
40 17
40 47
40 28
40 15
40 7
40 4
40 23
40 50
8 8
8 9
8 30
8 16
8 17
8 47
8 28
8 15
8 7
8 4
8 23
8 50
19 19
19 30
19 31
19 16
19 17
19 47
19 28
19 15
19 7
19 4
19 23
19 50
9 9
9 31
9 16
9 17
9 47
9 28
9 15
9 7
9 4
9 23
9 50
30 30
30 16
30 17
30 47
30 28
30 15
30 7
30 4
30 23
30 50
31 31
31 16
31 17
31 47
31 28
31 15
31 7
31 4
31 23
31 50
16 17
16 47
16 28
16 15
16 7
16 4
16 23
16 50
17 47
17 28
17 15
17 7
17 4
17 23
17 50
47 28
47 15
47 7
47 4
47 23
47 50
28 28
28 7
28 4
28 23
28 50
15 15
15 7
15 4
15 23
15 50
7 7
7 23
7 50
4 4
4 23
4 50
23 50
