90
4100
12 61
12 10
12 11
12 81
12 71
12 5
12 30
12 22
12 76
12 32
12 17
12 26
12 46
12 50
12 20
12 33
12 78
12 67
12 18
12 80
12 2
12 64
12 74
12 29
12 90
12 68
12 57
12 85
12 55
12 47
12 62
12 88
12 63
12 7
12 89
12 21
12 4
12 25
12 77
12 60
12 42
12 45
12 49
12 52
12 56
12 39
12 9
12 65
12 44
12 79
12 53
12 83
12 75
12 14
12 6
12 82
12 37
12 0
12 35
12 19
12 58
12 69
12 36
12 43
12 23
12 86
12 1
12 13
12 73
12 34
12 8
12 16
12 24
12 31
12 27
12 28
12 72
12 40
12 15
12 48
12 59
12 84
12 66
12 70
12 87
12 38
12 3
12 51
12 54
12 41
61 10
61 11
61 81
61 71
61 5
61 30
61 22
61 76
61 32
61 17
61 26
61 46
61 50
61 20
61 33
61 78
61 67
61 18
61 80
61 2
61 64
61 74
61 29
61 90
61 68
61 57
61 85
61 55
61 47
61 62
61 88
61 63
61 7
61 89
61 21
61 4
61 25
61 77
61 60
61 42
61 45
61 49
61 52
61 56
61 39
61 9
61 65
61 44
61 79
61 53
61 83
61 75
61 14
61 6
61 82
61 37
61 0
61 35
61 19
61 58
61 69
61 36
61 43
61 23
61 86
61 1
61 13
61 73
61 34
61 8
61 16
61 24
61 31
61 27
61 28
61 72
61 40
61 15
61 48
61 59
61 84
61 66
61 70
61 87
61 38
61 3
61 51
61 54
61 41
10 10
10 71
10 5
10 30
10 22
10 76
10 32
10 17
10 26
10 46
10 50
10 20
10 33
10 78
10 67
10 18
10 80
10 2
10 64
10 74
10 29
10 90
10 68
10 57
10 85
10 55
10 47
10 62
10 88
10 63
10 7
10 89
10 21
10 4
10 25
10 77
10 60
10 42
10 45
10 49
10 52
10 56
10 39
10 9
10 65
10 44
10 79
10 53
10 83
10 75
10 14
10 6
10 82
10 37
10 0
10 35
10 19
10 58
10 69
10 36
10 43
10 23
10 86
10 1
10 13
10 73
10 34
10 8
10 16
10 24
10 31
10 27
10 28
10 72
10 40
10 15
10 48
10 59
10 84
10 66
10 70
10 87
10 38
10 3
10 51
10 54
10 41
11 11
11 71
11 5
11 30
11 22
11 76
11 32
11 17
11 26
11 46
11 50
11 20
11 33
11 78
11 67
11 18
11 80
11 2
11 64
11 74
11 29
11 90
11 68
11 57
11 85
11 55
11 47
11 62
11 88
11 63
11 7
11 89
11 21
11 4
11 25
11 77
11 60
11 42
11 45
11 49
11 52
11 56
11 39
11 9
11 65
11 44
11 79
11 53
11 83
11 75
11 14
11 6
11 82
11 37
11 0
11 35
11 19
11 58
11 69
11 36
11 43
11 23
11 86
11 1
11 13
11 73
11 34
11 8
11 16
11 24
11 31
11 27
11 28
11 72
11 40
11 15
11 48
11 59
11 84
11 66
11 70
11 87
11 38
11 3
11 51
11 54
11 41
81 81
81 71
81 5
81 30
81 22
81 76
81 32
81 17
81 26
81 46
81 50
81 20
81 33
81 78
81 67
81 18
81 80
81 2
81 64
81 74
81 29
81 90
81 68
81 57
81 85
81 55
81 47
81 62
81 88
81 63
81 7
81 89
81 21
81 4
81 25
81 77
81 60
81 42
81 45
81 49
81 52
81 56
81 39
81 9
81 65
81 44
81 79
81 53
81 83
81 75
81 14
81 6
81 82
81 37
81 0
81 35
81 19
81 58
81 69
81 36
81 43
81 23
81 86
81 1
81 13
81 73
81 34
81 8
81 16
81 24
81 31
81 27
81 28
81 72
81 40
81 15
81 48
81 59
81 84
81 66
81 70
81 87
81 38
81 3
81 51
81 54
81 41
71 5
71 30
71 22
71 76
71 32
71 17
71 26
71 46
71 50
71 20
71 33
71 78
71 67
71 18
71 80
71 2
71 64
71 74
71 29
71 90
71 68
71 57
71 85
71 55
71 47
71 62
71 88
71 63
71 7
71 89
71 21
71 4
71 25
71 77
71 60
71 42
71 45
71 49
71 52
71 56
71 39
71 9
71 65
71 44
71 79
71 53
71 83
71 75
71 14
71 6
71 82
71 37
71 0
71 35
71 19
71 58
71 69
71 36
71 43
71 23
71 86
71 1
71 13
71 73
71 34
71 8
71 16
71 24
71 31
71 27
71 28
71 72
71 40
71 15
71 48
71 59
71 84
71 66
71 70
71 87
71 38
71 3
71 51
71 54
71 41
5 5
5 22
5 76
5 32
5 17
5 26
5 50
5 20
5 33
5 78
5 67
5 18
5 80
5 2
5 64
5 74
5 29
5 90
5 68
5 57
5 85
5 55
5 47
5 62
5 88
5 63
5 7
5 89
5 21
5 4
5 25
5 77
5 60
5 42
5 45
5 49
5 52
5 56
5 39
5 9
5 65
5 44
5 79
5 53
5 83
5 75
5 14
5 6
5 82
5 37
5 0
5 35
5 19
5 58
5 69
5 36
5 43
5 23
5 86
5 1
5 13
5 73
5 34
5 8
5 16
5 24
5 31
5 27
5 28
5 72
5 40
5 15
5 48
5 59
5 84
5 66
5 70
5 87
5 38
5 3
5 51
5 54
5 41
30 30
30 76
30 32
30 17
30 26
30 46
30 50
30 20
30 33
30 78
30 67
30 18
30 80
30 2
30 64
30 74
30 29
30 90
30 68
30 57
30 85
30 55
30 47
30 62
30 88
30 63
30 7
30 89
30 21
30 4
30 25
30 77
30 60
30 42
30 45
30 49
30 52
30 56
30 39
30 9
30 65
30 44
30 79
30 53
30 83
30 75
30 14
30 6
30 82
30 37
30 0
30 35
30 19
30 58
30 69
30 36
30 43
30 23
30 86
30 1
30 13
30 73
30 34
30 8
30 16
30 24
30 31
30 27
30 28
30 72
30 40
30 15
30 48
30 59
30 84
30 66
30 70
30 87
30 38
30 3
30 51
30 54
30 41
22 22
22 32
22 17
22 26
22 46
22 50
22 20
22 33
22 78
22 67
22 18
22 80
22 2
22 64
22 74
22 29
22 90
22 68
22 57
22 85
22 55
22 47
22 62
22 88
22 63
22 7
22 89
22 21
22 4
22 25
22 77
22 60
22 42
22 45
22 49
22 52
22 56
22 39
22 9
22 65
22 44
22 79
22 53
22 83
22 75
22 14
22 6
22 82
22 37
22 0
22 35
22 19
22 58
22 69
22 36
22 43
22 23
22 86
22 1
22 13
22 73
22 34
22 8
22 16
22 24
22 31
22 27
22 28
22 72
22 40
22 15
22 48
22 59
22 84
22 66
22 70
22 87
22 38
22 3
22 51
22 54
22 41
76 76
76 17
76 26
76 46
76 50
76 20
76 33
76 78
76 67
76 18
76 80
76 2
76 64
76 74
76 29
76 90
76 68
76 57
76 85
76 55
76 47
76 62
76 88
76 63
76 7
76 89
76 21
76 4
76 25
76 77
76 60
76 42
76 45
76 49
76 52
76 56
76 39
76 9
76 65
76 44
76 79
76 53
76 83
76 75
76 14
76 6
76 82
76 37
76 0
76 35
76 19
76 58
76 69
76 36
76 43
76 23
76 86
76 1
76 13
76 73
76 34
76 8
76 16
76 24
76 31
76 27
76 28
76 72
76 40
76 15
76 48
76 59
76 84
76 66
76 70
76 87
76 38
76 3
76 51
76 54
76 41
32 32
32 26
32 46
32 50
32 20
32 33
32 78
32 67
32 18
32 80
32 2
32 64
32 74
32 29
32 90
32 68
32 57
32 85
32 55
32 47
32 62
32 88
32 63
32 7
32 89
32 21
32 4
32 25
32 77
32 60
32 42
32 45
32 49
32 52
32 56
32 39
32 9
32 65
32 44
32 79
32 53
32 83
32 75
32 14
32 6
32 82
32 37
32 0
32 35
32 19
32 58
32 69
32 36
32 43
32 23
32 86
32 1
32 13
32 73
32 34
32 8
32 16
32 24
32 31
32 27
32 28
32 72
32 40
32 15
32 48
32 59
32 84
32 66
32 70
32 87
32 38
32 3
32 51
32 54
32 41
17 17
17 46
17 50
17 20
17 33
17 78
17 67
17 18
17 80
17 2
17 64
17 74
17 29
17 90
17 68
17 57
17 85
17 55
17 47
17 62
17 88
17 63
17 7
17 89
17 21
17 4
17 25
17 77
17 60
17 42
17 45
17 49
17 52
17 56
17 39
17 9
17 65
17 44
17 79
17 53
17 83
17 75
17 14
17 6
17 82
17 37
17 0
17 35
17 19
17 58
17 69
17 36
17 43
17 23
17 86
17 1
17 13
17 73
17 34
17 8
17 16
17 24
17 31
17 27
17 28
17 72
17 40
17 15
17 48
17 59
17 84
17 66
17 70
17 87
17 38
17 3
17 51
17 54
17 41
26 26
26 50
26 20
26 33
26 78
26 67
26 18
26 80
26 2
26 64
26 74
26 29
26 90
26 68
26 57
26 85
26 55
26 47
26 62
26 88
26 63
26 7
26 89
26 21
26 4
26 25
26 77
26 60
26 42
26 45
26 49
26 52
26 56
26 39
26 9
26 65
26 44
26 79
26 53
26 83
26 75
26 14
26 6
26 82
26 37
26 0
26 35
26 19
26 58
26 69
26 36
26 43
26 23
26 86
26 1
26 13
26 73
26 34
26 8
26 16
26 24
26 31
26 27
26 28
26 72
26 40
26 15
26 48
26 59
26 84
26 66
26 70
26 87
26 38
26 3
26 51
26 54
26 41
46 46
46 50
46 20
46 33
46 78
46 67
46 18
46 80
46 2
46 64
46 74
46 29
46 90
46 68
46 57
46 85
46 55
46 47
46 62
46 88
46 63
46 7
46 89
46 21
46 4
46 25
46 77
46 60
46 42
46 45
46 49
46 52
46 56
46 39
46 9
46 65
46 44
46 79
46 53
46 83
46 75
46 14
46 6
46 82
46 37
46 0
46 35
46 19
46 58
46 69
46 36
46 43
46 23
46 86
46 1
46 13
46 73
46 34
46 8
46 16
46 24
46 31
46 27
46 28
46 72
46 40
46 15
46 48
46 59
46 84
46 66
46 70
46 87
46 38
46 3
46 51
46 54
46 41
50 50
50 33
50 78
50 67
50 18
50 80
50 2
50 74
50 29
50 90
50 68
50 57
50 85
50 55
50 47
50 62
50 88
50 63
50 7
50 89
50 21
50 4
50 25
50 77
50 60
50 42
50 45
50 49
50 52
50 56
50 39
50 9
50 65
50 44
50 79
50 53
50 83
50 75
50 14
50 6
50 82
50 37
50 0
50 35
50 19
50 58
50 69
50 36
50 43
50 23
50 86
50 1
50 13
50 73
50 34
50 8
50 16
50 24
50 31
50 27
50 28
50 72
50 40
50 15
50 48
50 59
50 84
50 66
50 70
50 87
50 38
50 3
50 51
50 54
50 41
20 20
20 78
20 67
20 18
20 80
20 2
20 64
20 74
20 29
20 90
20 68
20 57
20 85
20 55
20 47
20 62
20 88
20 63
20 7
20 89
20 21
20 4
20 25
20 77
20 60
20 42
20 45
20 49
20 52
20 56
20 39
20 9
20 65
20 44
20 79
20 53
20 83
20 75
20 14
20 6
20 82
20 37
20 0
20 35
20 19
20 58
20 69
20 36
20 43
20 23
20 86
20 1
20 13
20 73
20 34
20 8
20 16
20 24
20 31
20 27
20 28
20 72
20 40
20 15
20 48
20 59
20 84
20 66
20 70
20 87
20 38
20 3
20 51
20 54
20 41
33 33
33 67
33 18
33 80
33 2
33 64
33 74
33 29
33 90
33 68
33 57
33 85
33 55
33 47
33 62
33 88
33 63
33 7
33 89
33 21
33 4
33 25
33 77
33 60
33 42
33 45
33 49
33 52
33 56
33 39
33 9
33 65
33 44
33 79
33 53
33 83
33 75
33 14
33 6
33 82
33 37
33 0
33 35
33 19
33 58
33 69
33 36
33 43
33 23
33 86
33 1
33 13
33 73
33 34
33 8
33 16
33 24
33 31
33 27
33 28
33 72
33 40
33 15
33 48
33 59
33 84
33 66
33 70
33 87
33 38
33 3
33 51
33 54
33 41
78 78
78 18
78 80
78 2
78 64
78 74
78 29
78 90
78 68
78 57
78 85
78 55
78 47
78 62
78 88
78 63
78 7
78 89
78 21
78 4
78 25
78 77
78 60
78 42
78 45
78 49
78 52
78 56
78 39
78 9
78 65
78 44
78 79
78 53
78 83
78 75
78 14
78 6
78 82
78 37
78 0
78 35
78 19
78 58
78 69
78 36
78 43
78 23
78 86
78 1
78 13
78 73
78 34
78 8
78 16
78 24
78 31
78 27
78 28
78 72
78 40
78 15
78 48
78 59
78 84
78 66
78 70
78 87
78 38
78 3
78 51
78 54
78 41
67 67
67 80
67 2
67 64
67 74
67 29
67 90
67 68
67 57
67 85
67 55
67 47
67 62
67 88
67 63
67 7
67 89
67 21
67 4
67 25
67 77
67 60
67 42
67 45
67 49
67 52
67 56
67 39
67 9
67 65
67 44
67 79
67 53
67 83
67 75
67 14
67 6
67 82
67 37
67 0
67 35
67 19
67 58
67 69
67 36
67 43
67 23
67 86
67 1
67 13
67 73
67 34
67 8
67 16
67 24
67 31
67 27
67 28
67 72
67 40
67 15
67 48
67 59
67 84
67 66
67 70
67 87
67 38
67 3
67 51
67 54
67 41
18 18
18 2
18 64
18 74
18 29
18 90
18 68
18 57
18 85
18 55
18 47
18 62
18 88
18 63
18 7
18 89
18 21
18 4
18 25
18 77
18 60
18 42
18 45
18 49
18 52
18 56
18 39
18 9
18 65
18 44
18 79
18 53
18 83
18 75
18 14
18 6
18 82
18 37
18 0
18 35
18 19
18 58
18 69
18 36
18 43
18 23
18 86
18 1
18 13
18 73
18 34
18 8
18 16
18 24
18 31
18 27
18 28
18 72
18 40
18 15
18 48
18 59
18 84
18 66
18 70
18 87
18 38
18 3
18 51
18 54
18 41
80 80
80 64
80 74
80 29
80 90
80 68
80 57
80 85
80 55
80 47
80 62
80 88
80 63
80 7
80 89
80 21
80 4
80 25
80 77
80 60
80 42
80 45
80 49
80 52
80 56
80 39
80 9
80 65
80 44
80 79
80 53
80 83
80 75
80 14
80 6
80 82
80 37
80 0
80 35
80 19
80 58
80 69
80 36
80 43
80 23
80 86
80 1
80 13
80 73
80 34
80 8
80 16
80 24
80 31
80 27
80 28
80 72
80 40
80 15
80 48
80 59
80 84
80 66
80 70
80 87
80 38
80 3
80 51
80 54
80 41
2 2
2 74
2 29
2 90
2 68
2 57
2 85
2 55
2 47
2 62
2 88
2 63
2 7
2 89
2 21
2 4
2 25
2 77
2 60
2 42
2 45
2 49
2 52
2 56
2 39
2 9
2 65
2 44
2 79
2 53
2 83
2 75
2 14
2 6
2 82
2 37
2 0
2 35
2 19
2 58
2 69
2 36
2 43
2 23
2 86
2 1
2 13
2 73
2 34
2 8
2 16
2 24
2 31
2 27
2 28
2 72
2 40
2 15
2 48
2 59
2 84
2 66
2 70
2 87
2 38
2 3
2 51
2 54
2 41
64 64
64 74
64 29
64 90
64 68
64 57
64 85
64 55
64 47
64 62
64 88
64 63
64 7
64 89
64 21
64 4
64 25
64 77
64 60
64 42
64 45
64 49
64 52
64 56
64 39
64 9
64 65
64 44
64 79
64 53
64 83
64 75
64 14
64 6
64 82
64 37
64 0
64 35
64 19
64 58
64 69
64 36
64 43
64 23
64 86
64 1
64 13
64 73
64 34
64 8
64 16
64 24
64 31
64 27
64 28
64 72
64 40
64 15
64 48
64 59
64 84
64 66
64 70
64 87
64 38
64 3
64 51
64 54
64 41
74 74
74 68
74 57
74 85
74 55
74 47
74 62
74 88
74 63
74 7
74 89
74 21
74 4
74 25
74 77
74 60
74 42
74 45
74 49
74 52
74 56
74 39
74 9
74 65
74 44
74 79
74 53
74 83
74 75
74 14
74 6
74 82
74 37
74 0
74 35
74 19
74 58
74 69
74 36
74 43
74 23
74 86
74 1
74 13
74 73
74 34
74 8
74 16
74 24
74 31
74 27
74 28
74 72
74 40
74 15
74 48
74 59
74 84
74 66
74 70
74 87
74 38
74 3
74 51
74 54
74 41
29 29
29 68
29 57
29 85
29 55
29 47
29 62
29 88
29 63
29 7
29 89
29 21
29 4
29 25
29 77
29 60
29 42
29 45
29 49
29 52
29 56
29 39
29 9
29 65
29 44
29 79
29 53
29 83
29 75
29 14
29 6
29 82
29 37
29 0
29 35
29 19
29 58
29 69
29 36
29 43
29 23
29 86
29 1
29 13
29 73
29 34
29 8
29 16
29 24
29 31
29 27
29 28
29 72
29 40
29 15
29 48
29 59
29 84
29 66
29 70
29 87
29 38
29 3
29 51
29 54
29 41
90 90
90 68
90 57
90 85
90 55
90 47
90 62
90 88
90 63
90 7
90 89
90 21
90 4
90 25
90 77
90 60
90 42
90 45
90 49
90 52
90 56
90 39
90 9
90 65
90 44
90 79
90 53
90 83
90 75
90 14
90 6
90 82
90 37
90 0
90 35
90 19
90 58
90 69
90 36
90 43
90 23
90 86
90 1
90 13
90 73
90 34
90 8
90 16
90 24
90 31
90 27
90 28
90 72
90 40
90 15
90 48
90 59
90 84
90 66
90 70
90 87
90 38
90 3
90 51
90 54
90 41
68 57
68 85
68 55
68 47
68 62
68 88
68 63
68 7
68 89
68 21
68 4
68 25
68 77
68 60
68 42
68 45
68 49
68 52
68 56
68 39
68 9
68 65
68 44
68 79
68 53
68 83
68 75
68 14
68 6
68 82
68 37
68 0
68 35
68 19
68 58
68 69
68 36
68 43
68 23
68 86
68 1
68 13
68 73
68 34
68 8
68 16
68 24
68 31
68 27
68 28
68 72
68 40
68 15
68 48
68 59
68 84
68 66
68 70
68 87
68 38
68 3
68 51
68 54
68 41
57 57
57 55
57 47
57 62
57 88
57 7
57 89
57 21
57 4
57 25
57 77
57 60
57 42
57 45
57 49
57 52
57 56
57 39
57 9
57 65
57 44
57 79
57 53
57 83
57 75
57 14
57 6
57 82
57 37
57 0
57 35
57 19
57 58
57 69
57 36
57 43
57 23
57 86
57 1
57 13
57 73
57 34
57 8
57 16
57 24
57 31
57 27
57 28
57 72
57 40
57 15
57 48
57 59
57 84
57 66
57 70
57 87
57 38
57 3
57 51
57 54
57 41
85 85
85 47
85 62
85 88
85 63
85 7
85 89
85 21
85 4
85 25
85 77
85 60
85 42
85 45
85 49
85 52
85 56
85 39
85 9
85 65
85 44
85 79
85 53
85 83
85 75
85 14
85 6
85 82
85 37
85 0
85 35
85 19
85 58
85 69
85 36
85 43
85 23
85 86
85 1
85 13
85 73
85 34
85 8
85 16
85 24
85 31
85 27
85 28
85 72
85 40
85 15
85 48
85 59
85 84
85 66
85 70
85 87
85 38
85 3
85 51
85 54
85 41
55 55
55 62
55 88
55 63
55 7
55 89
55 21
55 4
55 25
55 77
55 60
55 42
55 45
55 49
55 52
55 56
55 39
55 9
55 65
55 44
55 79
55 53
55 83
55 75
55 14
55 6
55 82
55 37
55 0
55 35
55 19
55 58
55 69
55 36
55 43
55 23
55 86
55 1
55 13
55 73
55 34
55 8
55 16
55 24
55 31
55 27
55 28
55 72
55 40
55 15
55 48
55 59
55 84
55 66
55 70
55 87
55 38
55 3
55 51
55 54
55 41
47 47
47 88
47 63
47 7
47 89
47 21
47 4
47 25
47 77
47 60
47 42
47 45
47 49
47 52
47 56
47 39
47 9
47 65
47 44
47 79
47 53
47 83
47 75
47 14
47 6
47 82
47 37
47 0
47 35
47 19
47 58
47 69
47 36
47 43
47 23
47 86
47 1
47 13
47 73
47 34
47 8
47 16
47 24
47 31
47 27
47 28
47 72
47 40
47 15
47 48
47 59
47 84
47 66
47 70
47 87
47 38
47 3
47 51
47 54
47 41
62 62
62 63
62 7
62 89
62 21
62 4
62 25
62 77
62 60
62 42
62 45
62 49
62 52
62 56
62 39
62 9
62 65
62 44
62 79
62 53
62 83
62 75
62 14
62 6
62 82
62 37
62 0
62 35
62 19
62 58
62 69
62 36
62 43
62 23
62 86
62 1
62 13
62 73
62 34
62 8
62 16
62 24
62 31
62 27
62 28
62 72
62 40
62 15
62 48
62 59
62 84
62 66
62 70
62 87
62 38
62 3
62 51
62 54
62 41
88 88
88 7
88 89
88 21
88 4
88 25
88 77
88 60
88 42
88 45
88 49
88 52
88 56
88 39
88 9
88 65
88 44
88 79
88 53
88 83
88 75
88 14
88 6
88 82
88 37
88 0
88 35
88 19
88 58
88 69
88 36
88 43
88 23
88 86
88 1
88 13
88 73
88 34
88 8
88 16
88 24
88 31
88 27
88 28
88 72
88 40
88 15
88 48
88 59
88 84
88 66
88 70
88 87
88 38
88 3
88 51
88 54
88 41
63 63
63 7
63 89
63 21
63 4
63 25
63 77
63 60
63 42
63 45
63 49
63 52
63 56
63 39
63 9
63 65
63 44
63 79
63 53
63 83
63 75
63 14
63 6
63 82
63 37
63 0
63 35
63 19
63 58
63 69
63 36
63 43
63 23
63 86
63 1
63 13
63 73
63 34
63 8
63 16
63 24
63 31
63 27
63 28
63 72
63 40
63 15
63 48
63 59
63 84
63 66
63 70
63 87
63 38
63 3
63 51
63 54
63 41
7 7
7 21
7 4
7 25
7 77
7 60
7 42
7 45
7 49
7 56
7 39
7 9
7 65
7 44
7 79
7 53
7 83
7 75
7 14
7 6
7 82
7 37
7 0
7 35
7 19
7 58
7 69
7 36
7 43
7 23
7 86
7 1
7 13
7 73
7 34
7 8
7 16
7 24
7 31
7 27
7 28
7 72
7 40
7 15
7 48
7 59
7 84
7 66
7 70
7 87
7 38
7 3
7 51
7 54
7 41
89 89
89 4
89 25
89 77
89 60
89 42
89 45
89 49
89 52
89 56
89 39
89 9
89 65
89 44
89 79
89 53
89 83
89 75
89 14
89 6
89 82
89 37
89 0
89 35
89 19
89 58
89 69
89 36
89 43
89 23
89 86
89 1
89 13
89 73
89 34
89 8
89 16
89 24
89 31
89 27
89 28
89 72
89 40
89 15
89 48
89 59
89 84
89 66
89 70
89 87
89 38
89 3
89 51
89 54
89 41
21 21
21 25
21 77
21 60
21 42
21 45
21 49
21 52
21 56
21 39
21 9
21 65
21 44
21 79
21 53
21 83
21 75
21 14
21 6
21 82
21 37
21 0
21 35
21 19
21 58
21 69
21 36
21 43
21 23
21 86
21 1
21 13
21 73
21 34
21 8
21 16
21 24
21 31
21 27
21 28
21 72
21 40
21 15
21 48
21 59
21 84
21 66
21 70
21 87
21 38
21 3
21 51
21 54
21 41
4 4
4 77
4 60
4 42
4 45
4 49
4 52
4 56
4 39
4 9
4 65
4 44
4 79
4 53
4 83
4 75
4 14
4 6
4 82
4 37
4 0
4 35
4 19
4 58
4 69
4 36
4 43
4 23
4 86
4 1
4 13
4 73
4 34
4 8
4 16
4 24
4 31
4 27
4 28
4 72
4 40
4 15
4 48
4 59
4 84
4 66
4 70
4 87
4 38
4 3
4 51
4 54
4 41
25 25
25 60
25 42
25 45
25 49
25 52
25 56
25 39
25 9
25 65
25 44
25 79
25 53
25 83
25 75
25 14
25 6
25 82
25 37
25 0
25 35
25 19
25 58
25 69
25 36
25 43
25 23
25 86
25 1
25 13
25 73
25 34
25 8
25 16
25 24
25 31
25 27
25 28
25 72
25 40
25 15
25 48
25 59
25 84
25 66
25 70
25 87
25 38
25 3
25 51
25 54
25 41
77 77
77 42
77 45
77 49
77 52
77 56
77 39
77 9
77 65
77 44
77 79
77 53
77 83
77 75
77 14
77 6
77 82
77 37
77 0
77 35
77 19
77 58
77 69
77 36
77 43
77 23
77 86
77 1
77 13
77 73
77 34
77 8
77 16
77 24
77 31
77 27
77 28
77 72
77 40
77 15
77 48
77 59
77 84
77 66
77 70
77 87
77 38
77 3
77 51
77 54
77 41
60 60
60 45
60 49
60 52
60 56
60 39
60 9
60 65
60 44
60 79
60 53
60 83
60 75
60 14
60 6
60 82
60 37
60 0
60 35
60 19
60 58
60 69
60 36
60 43
60 23
60 86
60 1
60 13
60 73
60 34
60 8
60 16
60 24
60 31
60 27
60 28
60 72
60 40
60 15
60 48
60 59
60 84
60 66
60 70
60 87
60 38
60 3
60 51
60 54
60 41
42 42
42 49
42 52
42 56
42 39
42 9
42 65
42 44
42 79
42 53
42 83
42 75
42 14
42 6
42 82
42 37
42 0
42 35
42 19
42 58
42 69
42 36
42 43
42 23
42 86
42 1
42 13
42 73
42 34
42 8
42 16
42 24
42 31
42 27
42 28
42 72
42 40
42 15
42 48
42 59
42 84
42 66
42 70
42 87
42 38
42 3
42 51
42 54
42 41
45 45
45 52
45 56
45 39
45 9
45 65
45 44
45 79
45 53
45 83
45 75
45 14
45 6
45 82
45 37
45 0
45 35
45 19
45 58
45 69
45 36
45 43
45 23
45 86
45 1
45 13
45 73
45 34
45 8
45 16
45 24
45 31
45 27
45 28
45 72
45 40
45 15
45 48
45 59
45 84
45 66
45 70
45 87
45 38
45 3
45 51
45 54
45 41
49 49
49 56
49 39
49 9
49 65
49 44
49 79
49 53
49 83
49 75
49 14
49 6
49 82
49 37
49 0
49 35
49 19
49 58
49 69
49 36
49 43
49 23
49 86
49 1
49 13
49 73
49 34
49 8
49 16
49 24
49 31
49 27
49 28
49 72
49 40
49 15
49 48
49 59
49 84
49 66
49 70
49 87
49 38
49 3
49 51
49 54
49 41
52 52
52 56
52 39
52 9
52 65
52 44
52 79
52 53
52 83
52 75
52 14
52 6
52 82
52 37
52 0
52 35
52 19
52 58
52 69
52 36
52 43
52 23
52 86
52 1
52 13
52 73
52 34
52 8
52 16
52 24
52 31
52 27
52 28
52 72
52 40
52 15
52 48
52 59
52 84
52 66
52 70
52 87
52 38
52 3
52 51
52 54
52 41
56 56
56 9
56 65
56 79
56 53
56 83
56 75
56 14
56 6
56 82
56 37
56 0
56 35
56 19
56 58
56 69
56 36
56 43
56 23
56 86
56 1
56 13
56 73
56 34
56 8
56 16
56 24
56 31
56 27
56 28
56 72
56 40
56 15
56 48
56 59
56 84
56 66
56 70
56 87
56 38
56 3
56 51
56 54
56 41
39 39
39 65
39 44
39 79
39 53
39 83
39 75
39 14
39 6
39 82
39 37
39 0
39 35
39 19
39 58
39 69
39 36
39 43
39 23
39 86
39 1
39 13
39 73
39 34
39 8
39 16
39 24
39 31
39 27
39 28
39 72
39 40
39 15
39 48
39 59
39 84
39 66
39 70
39 87
39 38
39 3
39 51
39 54
39 41
9 9
9 44
9 79
9 53
9 83
9 75
9 14
9 6
9 82
9 37
9 0
9 35
9 19
9 58
9 69
9 36
9 43
9 23
9 86
9 1
9 13
9 73
9 34
9 8
9 16
9 24
9 31
9 27
9 28
9 72
9 40
9 15
9 48
9 59
9 84
9 66
9 70
9 87
9 38
9 3
9 51
9 54
9 41
65 65
65 79
65 53
65 83
65 75
65 14
65 6
65 82
65 37
65 0
65 35
65 19
65 58
65 69
65 36
65 43
65 23
65 86
65 1
65 13
65 73
65 34
65 8
65 16
65 24
65 31
65 27
65 28
65 72
65 40
65 15
65 48
65 59
65 84
65 66
65 70
65 87
65 38
65 3
65 51
65 54
65 41
44 44
44 79
44 53
44 83
44 75
44 14
44 6
44 82
44 37
44 0
44 35
44 19
44 58
44 69
44 36
44 43
44 23
44 86
44 1
44 13
44 73
44 34
44 8
44 16
44 24
44 31
44 27
44 28
44 72
44 40
44 15
44 48
44 59
44 84
44 66
44 70
44 87
44 38
44 3
44 51
44 54
44 41
79 79
79 83
79 75
79 14
79 6
79 82
79 37
79 0
79 35
79 19
79 58
79 69
79 36
79 43
79 23
79 86
79 1
79 13
79 73
79 34
79 8
79 16
79 24
79 31
79 27
79 28
79 72
79 40
79 15
79 48
79 59
79 84
79 66
79 70
79 87
79 38
79 3
79 51
79 54
79 41
53 53
53 83
53 75
53 14
53 6
53 82
53 37
53 0
53 35
53 19
53 58
53 69
53 36
53 43
53 23
53 86
53 1
53 13
53 73
53 34
53 8
53 16
53 24
53 31
53 27
53 28
53 72
53 40
53 15
53 48
53 59
53 84
53 66
53 70
53 87
53 38
53 3
53 51
53 54
53 41
83 83
83 14
83 6
83 82
83 37
83 0
83 35
83 19
83 58
83 69
83 36
83 43
83 23
83 86
83 1
83 13
83 73
83 34
83 8
83 16
83 24
83 31
83 27
83 28
83 72
83 40
83 15
83 48
83 59
83 84
83 66
83 70
83 87
83 38
83 3
83 51
83 54
83 41
75 75
75 14
75 6
75 82
75 37
75 0
75 35
75 19
75 58
75 69
75 36
75 43
75 23
75 86
75 1
75 13
75 73
75 34
75 8
75 16
75 24
75 31
75 27
75 28
75 72
75 40
75 15
75 48
75 59
75 84
75 66
75 70
75 87
75 38
75 3
75 51
75 54
75 41
14 6
14 82
14 37
14 0
14 35
14 19
14 58
14 69
14 36
14 43
14 23
14 86
14 1
14 13
14 73
14 34
14 8
14 16
14 24
14 31
14 27
14 28
14 72
14 40
14 15
14 48
14 59
14 84
14 66
14 70
14 87
14 38
14 3
14 51
14 54
14 41
6 6
6 37
6 0
6 35
6 19
6 58
6 36
6 43
6 23
6 86
6 1
6 13
6 73
6 34
6 8
6 16
6 24
6 31
6 27
6 28
6 72
6 40
6 15
6 48
6 59
6 84
6 66
6 70
6 87
6 38
6 3
6 51
6 54
6 41
82 82
82 0
82 35
82 19
82 58
82 69
82 36
82 43
82 23
82 86
82 1
82 13
82 73
82 34
82 8
82 16
82 24
82 31
82 27
82 28
82 72
82 40
82 15
82 48
82 59
82 84
82 66
82 70
82 87
82 38
82 3
82 51
82 54
82 41
37 37
37 35
37 19
37 58
37 69
37 36
37 43
37 23
37 86
37 1
37 13
37 73
37 34
37 8
37 16
37 24
37 31
37 27
37 28
37 72
37 40
37 15
37 48
37 59
37 84
37 66
37 70
37 87
37 38
37 3
37 51
37 54
37 41
0 0
0 19
0 58
0 69
0 36
0 43
0 23
0 86
0 1
0 13
0 73
0 34
0 8
0 16
0 24
0 31
0 27
0 28
0 72
0 40
0 15
0 48
0 59
0 84
0 66
0 70
0 87
0 38
0 3
0 51
0 54
0 41
35 35
35 58
35 69
35 36
35 43
35 23
35 86
35 1
35 13
35 73
35 34
35 8
35 16
35 24
35 31
35 27
35 28
35 72
35 40
35 15
35 48
35 59
35 84
35 66
35 70
35 87
35 38
35 3
35 51
35 54
35 41
19 19
19 69
19 36
19 43
19 23
19 86
19 1
19 13
19 73
19 34
19 8
19 16
19 24
19 31
19 27
19 28
19 72
19 40
19 15
19 48
19 59
19 84
19 66
19 70
19 87
19 38
19 3
19 51
19 54
19 41
58 58
58 36
58 43
58 23
58 86
58 1
58 13
58 73
58 34
58 8
58 16
58 24
58 31
58 27
58 28
58 72
58 40
58 15
58 48
58 59
58 84
58 66
58 70
58 87
58 38
58 3
58 51
58 54
58 41
69 69
69 36
69 43
69 23
69 86
69 1
69 13
69 73
69 34
69 8
69 16
69 24
69 31
69 27
69 28
69 72
69 40
69 15
69 48
69 59
69 84
69 66
69 70
69 87
69 38
69 3
69 51
69 54
69 41
36 36
36 23
36 86
36 1
36 13
36 73
36 34
36 8
36 16
36 24
36 31
36 27
36 28
36 72
36 40
36 15
36 48
36 59
36 84
36 66
36 70
36 87
36 38
36 3
36 51
36 54
36 41
43 43
43 23
43 86
43 1
43 13
43 73
43 34
43 8
43 16
43 24
43 31
43 27
43 28
43 72
43 40
43 15
43 48
43 59
43 84
43 66
43 70
43 87
43 38
43 3
43 51
43 54
43 41
23 86
23 1
23 13
23 73
23 34
23 8
23 16
23 24
23 31
23 27
23 28
23 72
23 40
23 15
23 48
23 59
23 84
23 66
23 70
23 87
23 38
23 3
23 51
23 54
23 41
86 86
86 13
86 34
86 8
86 16
86 24
86 31
86 27
86 28
86 72
86 40
86 15
86 48
86 59
86 84
86 66
86 70
86 87
86 38
86 3
86 51
86 54
86 41
1 1
1 73
1 34
1 8
1 16
1 24
1 31
1 27
1 28
1 72
1 40
1 15
1 48
1 59
1 84
1 66
1 70
1 87
1 38
1 3
1 51
1 54
1 41
13 13
13 34
13 8
13 16
13 24
13 31
13 27
13 28
13 72
13 40
13 15
13 48
13 59
13 84
13 66
13 70
13 87
13 38
13 3
13 51
13 54
13 41
73 73
73 34
73 8
73 16
73 24
73 31
73 27
73 28
73 72
73 40
73 15
73 48
73 59
73 84
73 66
73 70
73 87
73 38
73 3
73 51
73 54
73 41
34 34
34 16
34 24
34 27
34 28
34 72
34 40
34 15
34 48
34 59
34 84
34 66
34 70
34 87
34 38
34 3
34 51
34 54
34 41
8 8
8 24
8 31
8 27
8 28
8 72
8 40
8 15
8 48
8 59
8 84
8 66
8 70
8 87
8 38
8 3
8 51
8 54
8 41
16 16
16 31
16 27
16 28
16 72
16 40
16 15
16 48
16 59
16 84
16 66
16 70
16 87
16 38
16 3
16 51
16 54
16 41
24 24
24 27
24 28
24 72
24 40
24 15
24 48
24 59
24 84
24 66
24 70
24 87
24 38
24 3
24 51
24 54
24 41
31 31
31 27
31 28
31 72
31 40
31 15
31 48
31 59
31 84
31 66
31 70
31 87
31 38
31 3
31 51
31 54
31 41
27 27
27 72
27 15
27 48
27 59
27 84
27 66
27 70
27 87
27 38
27 3
27 51
27 54
27 41
28 28
28 40
28 15
28 48
28 59
28 84
28 66
28 70
28 87
28 38
28 3
28 51
28 54
28 41
72 72
72 15
72 48
72 59
72 84
72 66
72 70
72 87
72 38
72 3
72 51
72 54
72 41
40 40
40 15
40 48
40 59
40 84
40 66
40 70
40 87
40 38
40 3
40 51
40 54
40 41
15 15
15 59
15 84
15 66
15 70
15 87
15 38
15 3
15 51
15 54
15 41
48 48
48 59
48 84
48 66
48 70
48 87
48 38
48 3
48 51
48 54
48 41
59 59
59 70
59 87
59 38
59 3
59 51
59 54
59 41
84 84
84 70
84 87
84 38
84 3
84 51
84 54
84 41
66 66
66 70
66 87
66 38
66 3
66 51
66 54
66 41
70 87
70 38
70 3
70 51
70 54
70 41
87 87
87 3
87 54
87 41
38 38
38 51
38 54
38 41
3 3
3 54
3 41
51 51
51 54
51 41
54 54
41 41
