98
2968
0 1
0 2
0 3
0 5
0 6
0 9
0 10
0 11
0 12
0 14
0 16
0 19
0 20
0 21
0 22
0 26
0 27
0 29
0 30
0 32
0 33
0 34
0 35
0 37
0 39
0 40
0 41
0 42
0 44
0 46
0 47
0 49
0 51
0 52
0 53
0 56
0 57
0 61
0 63
0 69
0 70
0 76
0 79
0 80
0 81
0 82
0 83
0 85
0 89
0 90
0 92
0 93
0 94
0 95
0 97
0 98
1 1
1 2
1 3
1 5
1 9
1 10
1 11
1 12
1 14
1 16
1 19
1 20
1 22
1 24
1 26
1 27
1 30
1 32
1 33
1 34
1 35
1 37
1 39
1 40
1 41
1 44
1 46
1 47
1 48
1 49
1 51
1 52
1 53
1 57
1 60
1 61
1 63
1 69
1 71
1 76
1 78
1 80
1 81
1 82
1 83
1 85
1 86
1 89
1 90
1 92
1 93
1 94
1 95
1 97
1 98
2 2
2 4
2 6
2 7
2 8
2 11
2 13
2 15
2 17
2 18
2 19
2 21
2 23
2 24
2 25
2 28
2 29
2 31
2 35
2 36
2 37
2 38
2 42
2 43
2 45
2 48
2 50
2 54
2 55
2 56
2 58
2 59
2 60
2 62
2 64
2 65
2 66
2 67
2 68
2 70
2 71
2 72
2 73
2 74
2 75
2 77
2 78
2 79
2 84
2 86
2 87
2 88
2 91
2 96
2 97
3 3
3 4
3 5
3 6
3 7
3 8
3 10
3 13
3 15
3 17
3 18
3 20
3 21
3 22
3 23
3 24
3 25
3 28
3 29
3 31
3 33
3 35
3 36
3 38
3 42
3 43
3 45
3 46
3 48
3 50
3 54
3 55
3 56
3 58
3 59
3 60
3 62
3 64
3 65
3 66
3 67
3 68
3 70
3 71
3 72
3 73
3 74
3 75
3 76
3 77
3 78
3 79
3 82
3 84
3 85
3 86
3 87
3 88
3 89
3 91
3 93
3 94
3 96
4 5
4 9
4 10
4 11
4 12
4 14
4 16
4 19
4 20
4 21
4 22
4 23
4 26
4 27
4 30
4 32
4 33
4 34
4 35
4 37
4 39
4 40
4 41
4 44
4 46
4 47
4 49
4 50
4 51
4 52
4 53
4 56
4 57
4 58
4 60
4 61
4 63
4 64
4 65
4 69
4 73
4 76
4 79
4 80
4 81
4 82
4 83
4 85
4 87
4 88
4 89
4 90
4 92
4 93
4 94
4 95
4 97
4 98
5 6
5 7
5 8
5 13
5 15
5 17
5 18
5 21
5 23
5 24
5 25
5 28
5 29
5 30
5 31
5 34
5 35
5 36
5 37
5 38
5 42
5 43
5 44
5 45
5 47
5 48
5 50
5 54
5 55
5 56
5 58
5 59
5 60
5 62
5 64
5 65
5 66
5 67
5 68
5 70
5 71
5 72
5 73
5 74
5 75
5 77
5 78
5 79
5 84
5 86
5 87
5 88
5 89
5 91
5 96
5 98
6 7
6 9
6 10
6 11
6 12
6 14
6 16
6 19
6 20
6 22
6 25
6 26
6 27
6 28
6 30
6 32
6 33
6 34
6 35
6 37
6 39
6 40
6 41
6 44
6 46
6 47
6 49
6 51
6 52
6 53
6 56
6 57
6 58
6 59
6 61
6 62
6 63
6 65
6 67
6 69
6 75
6 76
6 80
6 81
6 82
6 83
6 85
6 89
6 90
6 91
6 92
6 93
6 94
6 95
6 97
6 98
7 7
7 9
7 10
7 11
7 12
7 13
7 14
7 16
7 19
7 20
7 22
7 24
7 25
7 26
7 27
7 30
7 32
7 33
7 34
7 35
7 37
7 39
7 40
7 41
7 44
7 46
7 47
7 49
7 51
7 52
7 53
7 54
7 57
7 60
7 61
7 63
7 65
7 67
7 69
7 76
7 80
7 81
7 82
7 83
7 85
7 87
7 89
7 90
7 92
7 93
7 94
7 95
7 97
7 98
8 8
8 9
8 10
8 11
8 12
8 14
8 16
8 17
8 19
8 20
8 22
8 26
8 27
8 30
8 32
8 33
8 34
8 35
8 37
8 39
8 40
8 41
8 43
8 44
8 46
8 47
8 49
8 51
8 52
8 53
8 57
8 61
8 63
8 64
8 65
8 68
8 69
8 76
8 80
8 81
8 82
8 83
8 84
8 85
8 89
8 90
8 92
8 93
8 94
8 95
8 96
8 97
8 98
9 9
9 10
9 13
9 15
9 17
9 18
9 21
9 22
9 23
9 24
9 25
9 26
9 28
9 29
9 31
9 32
9 35
9 36
9 38
9 42
9 43
9 44
9 45
9 48
9 49
9 50
9 53
9 54
9 55
9 56
9 58
9 59
9 60
9 62
9 64
9 65
9 66
9 67
9 68
9 70
9 71
9 72
9 73
9 74
9 75
9 77
9 78
9 79
9 80
9 81
9 82
9 84
9 86
9 87
9 88
9 91
9 96
10 13
10 15
10 17
10 18
10 21
10 23
10 24
10 25
10 26
10 28
10 29
10 31
10 33
10 35
10 36
10 38
10 42
10 43
10 45
10 48
10 50
10 54
10 55
10 56
10 58
10 59
10 60
10 61
10 62
10 64
10 65
10 66
10 67
10 68
10 70
10 71
10 72
10 73
10 74
10 75
10 77
10 78
10 79
10 84
10 86
10 87
10 88
10 91
10 96
10 98
11 11
11 13
11 15
11 17
11 18
11 21
11 23
11 24
11 25
11 28
11 29
11 31
11 34
11 35
11 36
11 38
11 42
11 43
11 45
11 48
11 50
11 51
11 52
11 53
11 54
11 55
11 56
11 58
11 59
11 60
11 62
11 64
11 65
11 66
11 67
11 68
11 70
11 71
11 72
11 73
11 74
11 75
11 76
11 77
11 78
11 79
11 80
11 84
11 86
11 87
11 88
11 91
11 96
12 12
12 13
12 15
12 16
12 17
12 18
12 21
12 23
12 24
12 25
12 28
12 29
12 31
12 33
12 34
12 35
12 36
12 38
12 42
12 43
12 45
12 48
12 50
12 54
12 55
12 56
12 57
12 58
12 59
12 60
12 62
12 63
12 64
12 65
12 66
12 67
12 68
12 70
12 71
12 72
12 73
12 74
12 75
12 77
12 78
12 79
12 80
12 84
12 86
12 87
12 88
12 89
12 91
12 96
13 13
13 14
13 16
13 19
13 20
13 22
13 24
13 26
13 27
13 28
13 29
13 30
13 32
13 33
13 34
13 35
13 37
13 39
13 40
13 41
13 42
13 43
13 44
13 45
13 46
13 47
13 49
13 51
13 52
13 53
13 56
13 57
13 61
13 63
13 65
13 69
13 76
13 80
13 81
13 82
13 83
13 85
13 89
13 90
13 91
13 92
13 93
13 94
13 95
13 97
13 98
14 14
14 15
14 17
14 18
14 20
14 21
14 23
14 24
14 25
14 28
14 29
14 31
14 33
14 35
14 36
14 38
14 39
14 40
14 42
14 43
14 45
14 46
14 48
14 50
14 54
14 55
14 56
14 58
14 59
14 60
14 62
14 63
14 64
14 65
14 66
14 67
14 68
14 70
14 71
14 72
14 73
14 74
14 75
14 77
14 78
14 79
14 84
14 85
14 86
14 87
14 88
14 91
14 96
15 15
15 16
15 19
15 20
15 22
15 26
15 27
15 30
15 32
15 33
15 34
15 35
15 37
15 39
15 40
15 41
15 44
15 45
15 46
15 47
15 49
15 50
15 51
15 52
15 53
15 57
15 58
15 60
15 61
15 63
15 64
15 67
15 69
15 72
15 76
15 80
15 81
15 82
15 83
15 85
15 86
15 88
15 89
15 90
15 92
15 93
15 94
15 95
15 97
15 98
16 17
16 18
16 21
16 23
16 24
16 25
16 28
16 29
16 31
16 35
16 36
16 38
16 42
16 43
16 44
16 45
16 48
16 50
16 53
16 54
16 55
16 56
16 58
16 59
16 60
16 62
16 63
16 64
16 65
16 66
16 67
16 68
16 70
16 71
16 72
16 73
16 74
16 75
16 77
16 78
16 79
16 80
16 84
16 86
16 87
16 88
16 91
16 94
16 96
17 17
17 19
17 20
17 22
17 23
17 26
17 27
17 30
17 32
17 33
17 34
17 35
17 37
17 39
17 40
17 41
17 44
17 46
17 47
17 49
17 51
17 52
17 53
17 55
17 57
17 59
17 60
17 61
17 63
17 69
17 73
17 76
17 80
17 81
17 82
17 83
17 85
17 88
17 89
17 90
17 92
17 93
17 94
17 95
17 97
17 98
18 19
18 20
18 21
18 22
18 26
18 27
18 30
18 32
18 33
18 34
18 35
18 36
18 37
18 39
18 40
18 41
18 43
18 44
18 46
18 47
18 49
18 51
18 52
18 53
18 57
18 61
18 63
18 64
18 65
18 69
18 73
18 76
18 80
18 81
18 82
18 83
18 85
18 86
18 88
18 89
18 90
18 91
18 92
18 93
18 94
18 95
18 97
18 98
19 21
19 23
19 24
19 25
19 26
19 28
19 29
19 31
19 35
19 36
19 38
19 42
19 43
19 45
19 48
19 50
19 54
19 55
19 56
19 57
19 58
19 59
19 60
19 62
19 64
19 65
19 66
19 67
19 68
19 70
19 71
19 72
19 73
19 74
19 75
19 76
19 77
19 78
19 79
19 81
19 82
19 84
19 86
19 87
19 88
19 91
19 94
19 96
20 20
20 21
20 23
20 24
20 25
20 28
20 29
20 31
20 35
20 36
20 38
20 42
20 43
20 45
20 48
20 50
20 51
20 53
20 54
20 55
20 56
20 57
20 58
20 59
20 60
20 62
20 64
20 65
20 66
20 67
20 68
20 69
20 70
20 71
20 72
20 73
20 74
20 75
20 77
20 78
20 79
20 81
20 82
20 84
20 86
20 87
20 88
20 91
20 95
20 96
21 21
21 22
21 26
21 27
21 28
21 30
21 32
21 33
21 34
21 35
21 37
21 39
21 40
21 41
21 42
21 44
21 46
21 47
21 49
21 51
21 52
21 53
21 57
21 60
21 61
21 63
21 65
21 68
21 69
21 76
21 78
21 80
21 81
21 82
21 83
21 85
21 88
21 89
21 90
21 92
21 93
21 94
21 95
21 96
21 97
21 98
22 23
22 24
22 25
22 28
22 29
22 31
22 35
22 36
22 37
22 38
22 42
22 43
22 45
22 48
22 50
22 54
22 55
22 56
22 58
22 59
22 60
22 61
22 62
22 63
22 64
22 65
22 66
22 67
22 68
22 70
22 71
22 72
22 73
22 74
22 75
22 76
22 77
22 78
22 79
22 81
22 83
22 84
22 86
22 87
22 88
22 89
22 91
22 95
22 96
23 23
23 26
23 27
23 30
23 32
23 33
23 34
23 35
23 37
23 39
23 40
23 41
23 44
23 46
23 47
23 48
23 49
23 50
23 51
23 52
23 53
23 56
23 57
23 61
23 63
23 67
23 68
23 69
23 76
23 80
23 81
23 82
23 83
23 85
23 86
23 89
23 90
23 92
23 93
23 94
23 95
23 97
23 98
24 26
24 27
24 29
24 30
24 32
24 33
24 34
24 35
24 37
24 39
24 40
24 41
24 44
24 46
24 47
24 49
24 51
24 52
24 53
24 57
24 61
24 63
24 64
24 67
24 69
24 72
24 73
24 76
24 78
24 80
24 81
24 82
24 83
24 85
24 89
24 90
24 91
24 92
24 93
24 94
24 95
24 96
24 97
24 98
25 25
25 26
25 27
25 30
25 32
25 33
25 34
25 35
25 37
25 39
25 40
25 41
25 44
25 46
25 47
25 49
25 51
25 52
25 53
25 57
25 58
25 61
25 63
25 67
25 69
25 70
25 71
25 76
25 77
25 79
25 80
25 81
25 82
25 83
25 85
25 86
25 89
25 90
25 92
25 93
25 94
25 95
25 97
25 98
26 28
26 29
26 31
26 33
26 35
26 36
26 38
26 42
26 43
26 45
26 48
26 50
26 53
26 54
26 55
26 56
26 58
26 59
26 60
26 62
26 64
26 65
26 66
26 67
26 68
26 70
26 71
26 72
26 73
26 74
26 75
26 77
26 78
26 79
26 81
26 84
26 86
26 87
26 88
26 91
26 93
26 96
27 27
27 28
27 29
27 31
27 35
27 36
27 38
27 42
27 43
27 45
27 48
27 50
27 54
27 55
27 56
27 58
27 59
27 60
27 62
27 64
27 65
27 66
27 67
27 68
27 69
27 70
27 71
27 72
27 73
27 74
27 75
27 77
27 78
27 79
27 84
27 86
27 87
27 88
27 91
27 93
27 94
27 96
27 98
28 28
28 30
28 32
28 33
28 34
28 35
28 37
28 39
28 40
28 41
28 44
28 46
28 47
28 49
28 51
28 52
28 53
28 57
28 59
28 61
28 63
28 65
28 67
28 69
28 74
28 76
28 79
28 80
28 81
28 82
28 83
28 85
28 89
28 90
28 91
28 92
28 93
28 94
28 95
28 97
28 98
29 30
29 32
29 33
29 34
29 35
29 36
29 37
29 39
29 40
29 41
29 43
29 44
29 46
29 47
29 48
29 49
29 51
29 52
29 53
29 57
29 61
29 63
29 64
29 65
29 69
29 72
29 74
29 76
29 80
29 81
29 82
29 83
29 85
29 89
29 90
29 91
29 92
29 93
29 94
29 95
29 97
29 98
30 30
30 31
30 32
30 35
30 36
30 38
30 39
30 42
30 43
30 45
30 48
30 49
30 50
30 54
30 55
30 56
30 58
30 59
30 60
30 62
30 64
30 65
30 66
30 67
30 68
30 70
30 71
30 72
30 73
30 74
30 75
30 77
30 78
30 79
30 84
30 86
30 87
30 88
30 91
30 93
30 96
31 32
31 33
31 34
31 35
31 37
31 39
31 40
31 41
31 43
31 44
31 46
31 47
31 49
31 51
31 52
31 53
31 55
31 57
31 59
31 61
31 62
31 63
31 69
31 76
31 80
31 81
31 82
31 83
31 85
31 88
31 89
31 90
31 92
31 93
31 94
31 95
31 96
31 97
31 98
32 35
32 36
32 38
32 42
32 43
32 45
32 47
32 48
32 50
32 51
32 54
32 55
32 56
32 58
32 59
32 60
32 62
32 64
32 65
32 66
32 67
32 68
32 70
32 71
32 72
32 73
32 74
32 75
32 77
32 78
32 79
32 84
32 86
32 87
32 88
32 91
32 92
32 96
32 98
33 33
33 35
33 36
33 38
33 40
33 42
33 43
33 45
33 48
33 50
33 51
33 54
33 55
33 56
33 57
33 58
33 59
33 60
33 62
33 64
33 65
33 66
33 67
33 68
33 69
33 70
33 71
33 72
33 73
33 74
33 75
33 76
33 77
33 78
33 79
33 84
33 86
33 87
33 88
33 91
33 93
33 94
33 96
34 35
34 36
34 38
34 42
34 43
34 45
34 46
34 48
34 50
34 52
34 54
34 55
34 56
34 58
34 59
34 60
34 61
34 62
34 63
34 64
34 65
34 66
34 67
34 68
34 70
34 71
34 72
34 73
34 74
34 75
34 77
34 78
34 79
34 80
34 81
34 84
34 86
34 87
34 88
34 90
34 91
34 96
35 35
35 36
35 37
35 38
35 39
35 40
35 41
35 42
35 43
35 44
35 45
35 46
35 47
35 48
35 49
35 50
35 51
35 52
35 53
35 54
35 55
35 56
35 57
35 58
35 59
35 60
35 61
35 62
35 63
35 64
35 65
35 66
35 67
35 68
35 69
35 70
35 71
35 72
35 73
35 74
35 75
35 76
35 77
35 78
35 79
35 80
35 81
35 82
35 83
35 84
35 85
35 86
35 87
35 88
35 89
35 90
35 91
35 92
35 93
35 94
35 95
35 96
35 97
35 98
36 37
36 39
36 40
36 41
36 42
36 44
36 46
36 47
36 48
36 49
36 51
36 52
36 53
36 57
36 60
36 61
36 63
36 66
36 69
36 70
36 76
36 78
36 79
36 80
36 81
36 82
36 83
36 84
36 85
36 88
36 89
36 90
36 92
36 93
36 94
36 95
36 96
36 97
36 98
37 37
37 38
37 42
37 43
37 45
37 46
37 48
37 50
37 54
37 55
37 56
37 58
37 59
37 60
37 62
37 64
37 65
37 66
37 67
37 68
37 70
37 71
37 72
37 73
37 74
37 75
37 77
37 78
37 79
37 83
37 84
37 86
37 87
37 88
37 91
37 96
37 97
38 39
38 40
38 41
38 43
38 44
38 46
38 47
38 49
38 50
38 51
38 52
38 53
38 55
38 57
38 58
38 59
38 61
38 63
38 67
38 69
38 76
38 80
38 81
38 82
38 83
38 85
38 89
38 90
38 92
38 93
38 94
38 95
38 97
38 98
39 42
39 43
39 45
39 46
39 48
39 50
39 54
39 55
39 56
39 58
39 59
39 60
39 62
39 64
39 65
39 66
39 67
39 68
39 70
39 71
39 72
39 73
39 74
39 75
39 77
39 78
39 79
39 84
39 86
39 87
39 88
39 91
39 96
40 42
40 43
40 45
40 46
40 48
40 50
40 52
40 54
40 55
40 56
40 57
40 58
40 59
40 60
40 62
40 64
40 65
40 66
40 67
40 68
40 70
40 71
40 72
40 73
40 74
40 75
40 77
40 78
40 79
40 80
40 84
40 86
40 87
40 88
40 91
40 96
41 42
41 43
41 44
41 45
41 48
41 50
41 54
41 55
41 56
41 58
41 59
41 60
41 62
41 63
41 64
41 65
41 66
41 67
41 68
41 69
41 70
41 71
41 72
41 73
41 74
41 75
41 77
41 78
41 79
41 84
41 86
41 87
41 88
41 89
41 91
41 92
41 96
42 42
42 44
42 46
42 47
42 49
42 51
42 52
42 53
42 57
42 58
42 61
42 63
42 69
42 76
42 79
42 80
42 81
42 82
42 83
42 85
42 86
42 89
42 90
42 92
42 93
42 94
42 95
42 97
42 98
43 44
43 46
43 47
43 48
43 49
43 50
43 51
43 52
43 53
43 57
43 61
43 62
43 63
43 64
43 65
43 69
43 71
43 76
43 80
43 81
43 82
43 83
43 85
43 89
43 90
43 92
43 93
43 94
43 95
43 97
43 98
44 44
44 45
44 47
44 48
44 50
44 54
44 55
44 56
44 58
44 59
44 60
44 61
44 62
44 64
44 65
44 66
44 67
44 68
44 70
44 71
44 72
44 73
44 74
44 75
44 77
44 78
44 79
44 84
44 86
44 87
44 88
44 91
44 92
44 95
44 96
45 46
45 47
45 49
45 50
45 51
45 52
45 53
45 54
45 57
45 60
45 61
45 63
45 65
45 69
45 73
45 76
45 80
45 81
45 82
45 83
45 85
45 87
45 89
45 90
45 92
45 93
45 94
45 95
45 97
45 98
46 48
46 50
46 54
46 55
46 56
46 58
46 59
46 60
46 62
46 64
46 65
46 66
46 67
46 68
46 70
46 71
46 72
46 73
46 74
46 75
46 77
46 78
46 79
46 84
46 85
46 86
46 87
46 88
46 91
46 96
47 47
47 48
47 50
47 54
47 55
47 56
47 58
47 59
47 60
47 62
47 64
47 65
47 66
47 67
47 68
47 70
47 71
47 72
47 73
47 74
47 75
47 77
47 78
47 79
47 84
47 86
47 87
47 88
47 90
47 91
47 96
48 49
48 51
48 52
48 53
48 56
48 57
48 60
48 61
48 62
48 63
48 65
48 67
48 69
48 76
48 78
48 80
48 81
48 82
48 83
48 85
48 88
48 89
48 90
48 92
48 93
48 94
48 95
48 97
48 98
49 50
49 54
49 55
49 56
49 58
49 59
49 60
49 62
49 64
49 65
49 66
49 67
49 68
49 70
49 71
49 72
49 73
49 74
49 75
49 76
49 77
49 78
49 79
49 82
49 84
49 86
49 87
49 88
49 91
49 96
50 51
50 52
50 53
50 55
50 57
50 58
50 60
50 61
50 63
50 67
50 69
50 76
50 77
50 78
50 80
50 81
50 82
50 83
50 85
50 86
50 89
50 90
50 92
50 93
50 94
50 95
50 96
50 97
50 98
51 51
51 53
51 54
51 55
51 56
51 58
51 59
51 60
51 62
51 64
51 65
51 66
51 67
51 68
51 70
51 71
51 72
51 73
51 74
51 75
51 77
51 78
51 79
51 84
51 86
51 87
51 88
51 90
51 91
51 96
52 52
52 54
52 55
52 56
52 58
52 59
52 60
52 62
52 64
52 65
52 66
52 67
52 68
52 70
52 71
52 72
52 73
52 74
52 75
52 76
52 77
52 78
52 79
52 82
52 84
52 86
52 87
52 88
52 91
52 96
52 97
53 54
53 55
53 56
53 57
53 58
53 59
53 60
53 62
53 64
53 65
53 66
53 67
53 68
53 70
53 71
53 72
53 73
53 74
53 75
53 77
53 78
53 79
53 81
53 82
53 84
53 86
53 87
53 88
53 89
53 90
53 91
53 94
53 96
54 57
54 61
54 63
54 64
54 69
54 70
54 72
54 76
54 77
54 79
54 80
54 81
54 82
54 83
54 85
54 89
54 90
54 92
54 93
54 94
54 95
54 97
54 98
55 56
55 57
55 58
55 61
55 63
55 69
55 73
55 76
55 77
55 78
55 80
55 81
55 82
55 83
55 85
55 89
55 90
55 92
55 93
55 94
55 95
55 97
55 98
56 56
56 57
56 61
56 63
56 69
56 76
56 79
56 80
56 81
56 82
56 83
56 85
56 88
56 89
56 90
56 92
56 93
56 94
56 95
56 97
56 98
57 57
57 58
57 59
57 60
57 62
57 64
57 65
57 66
57 67
57 68
57 70
57 71
57 72
57 73
57 74
57 75
57 76
57 77
57 78
57 79
57 80
57 82
57 83
57 84
57 86
57 87
57 88
57 91
57 96
58 59
58 61
58 62
58 63
58 69
58 76
58 77
58 80
58 81
58 82
58 83
58 85
58 86
58 88
58 89
58 90
58 91
58 92
58 93
58 94
58 95
58 97
58 98
59 59
59 61
59 63
59 68
59 69
59 74
59 76
59 77
59 79
59 80
59 81
59 82
59 83
59 85
59 86
59 89
59 90
59 92
59 93
59 94
59 95
59 97
59 98
60 60
60 61
60 63
60 64
60 69
60 71
60 76
60 80
60 81
60 82
60 83
60 85
60 86
60 87
60 89
60 90
60 92
60 93
60 94
60 95
60 96
60 97
60 98
61 62
61 63
61 64
61 65
61 66
61 67
61 68
61 70
61 71
61 72
61 73
61 74
61 75
61 77
61 78
61 79
61 80
61 84
61 86
61 87
61 88
61 89
61 91
61 92
61 96
61 98
62 62
62 63
62 67
62 69
62 74
62 76
62 80
62 81
62 82
62 83
62 84
62 85
62 89
62 90
62 92
62 93
62 94
62 95
62 97
62 98
63 64
63 65
63 66
63 67
63 68
63 70
63 71
63 72
63 73
63 74
63 75
63 77
63 78
63 79
63 82
63 84
63 86
63 87
63 88
63 91
63 96
64 64
64 65
64 69
64 72
64 75
64 76
64 79
64 80
64 81
64 82
64 83
64 84
64 85
64 89
64 90
64 92
64 93
64 94
64 95
64 97
64 98
65 67
65 69
65 73
65 74
65 75
65 76
65 79
65 80
65 81
65 82
65 83
65 85
65 86
65 89
65 90
65 92
65 93
65 94
65 95
65 97
65 98
66 66
66 69
66 76
66 80
66 81
66 82
66 83
66 85
66 89
66 90
66 91
66 92
66 93
66 94
66 95
66 96
66 97
66 98
67 69
67 74
67 76
67 77
67 78
67 80
67 81
67 82
67 83
67 85
67 86
67 89
67 90
67 92
67 93
67 94
67 95
67 97
67 98
68 69
68 76
68 80
68 81
68 82
68 83
68 85
68 89
68 90
68 91
68 92
68 93
68 94
68 95
68 97
68 98
69 70
69 71
69 72
69 73
69 74
69 75
69 77
69 78
69 79
69 83
69 84
69 86
69 87
69 88
69 90
69 91
69 96
70 70
70 76
70 77
70 78
70 80
70 81
70 82
70 83
70 85
70 86
70 89
70 90
70 92
70 93
70 94
70 95
70 97
70 98
71 71
71 76
71 80
71 81
71 82
71 83
71 85
71 89
71 90
71 91
71 92
71 93
71 94
71 95
71 97
71 98
72 73
72 76
72 80
72 81
72 82
72 83
72 85
72 87
72 89
72 90
72 92
72 93
72 94
72 95
72 97
72 98
73 73
73 76
73 80
73 81
73 82
73 83
73 85
73 89
73 90
73 92
73 93
73 94
73 95
73 97
73 98
74 76
74 78
74 80
74 81
74 82
74 83
74 84
74 85
74 89
74 90
74 92
74 93
74 94
74 95
74 96
74 97
74 98
75 76
75 77
75 80
75 81
75 82
75 83
75 85
75 87
75 89
75 90
75 92
75 93
75 94
75 95
75 97
75 98
76 77
76 78
76 79
76 82
76 84
76 86
76 87
76 88
76 89
76 91
76 96
77 80
77 81
77 82
77 83
77 85
77 86
77 89
77 90
77 91
77 92
77 93
77 94
77 95
77 97
77 98
78 80
78 81
78 82
78 83
78 85
78 88
78 89
78 90
78 92
78 93
78 94
78 95
78 97
78 98
79 80
79 81
79 82
79 83
79 85
79 89
79 90
79 91
79 92
79 93
79 94
79 95
79 97
79 98
80 82
80 84
80 85
80 86
80 87
80 88
80 91
80 96
80 97
81 83
81 84
81 85
81 86
81 87
81 88
81 89
81 90
81 91
81 93
81 95
81 96
82 84
82 85
82 86
82 87
82 88
82 91
82 95
82 96
83 83
83 84
83 86
83 87
83 88
83 91
83 94
83 96
84 84
84 85
84 87
84 89
84 90
84 92
84 93
84 94
84 95
84 97
84 98
85 86
85 87
85 88
85 89
85 91
85 92
85 93
85 95
85 96
86 86
86 89
86 90
86 91
86 92
86 93
86 94
86 95
86 96
86 97
86 98
87 88
87 89
87 90
87 92
87 93
87 94
87 95
87 96
87 97
87 98
88 89
88 90
88 92
88 93
88 94
88 95
88 97
88 98
89 89
89 91
89 96
90 91
90 94
90 95
90 96
91 91
91 92
91 93
91 94
91 95
91 97
91 98
92 93
92 96
93 94
93 96
93 97
94 96
95 95
95 96
96 97
96 98
97 97
