21
232
16 15
16 1
16 21
16 14
16 7
16 10
16 13
16 5
16 4
16 8
16 20
16 18
16 2
16 3
16 17
16 6
16 0
16 12
16 9
16 19
16 11
15 15
15 21
15 14
15 7
15 10
15 13
15 5
15 4
15 8
15 20
15 18
15 2
15 3
15 17
15 6
15 0
15 12
15 9
15 19
15 11
1 1
1 14
1 7
1 10
1 13
1 5
1 4
1 8
1 20
1 18
1 2
1 3
1 17
1 6
1 0
1 12
1 9
21 21
21 7
21 10
21 13
21 5
21 4
21 8
21 20
21 18
21 2
21 3
21 17
21 6
21 0
21 12
21 19
21 11
14 14
14 10
14 13
14 4
14 8
14 18
14 2
14 3
14 17
14 6
14 0
14 9
14 19
14 11
7 7
7 5
7 4
7 8
7 20
7 18
7 2
7 3
7 17
7 6
7 0
7 12
7 9
7 19
7 11
10 10
10 13
10 5
10 4
10 8
10 20
10 18
10 2
10 3
10 17
10 6
10 0
10 12
10 9
10 19
10 11
13 13
13 5
13 4
13 8
13 20
13 18
13 2
13 3
13 17
13 6
13 0
13 12
13 9
13 19
13 11
5 5
5 20
5 18
5 2
5 3
5 17
5 6
5 0
5 12
5 9
5 19
5 11
4 4
4 8
4 20
4 18
4 2
4 3
4 17
4 6
4 0
4 12
4 9
4 19
4 11
8 8
8 20
8 18
8 2
8 3
8 17
8 6
8 0
8 12
8 9
8 19
8 11
20 20
20 2
20 3
20 6
20 0
20 12
20 9
20 19
20 11
18 18
18 17
18 6
18 0
18 12
18 9
18 19
18 11
2 2
2 3
2 17
2 6
2 0
2 12
2 9
2 19
2 11
3 3
3 17
3 6
3 0
3 12
3 9
3 19
3 11
17 17
17 12
17 9
17 19
17 11
6 6
6 0
6 12
6 9
6 19
6 11
0 0
0 12
0 9
0 19
0 11
12 12
12 9
12 19
12 11
9 9
9 19
9 11
19 19
19 11
11 11
