43
949
22 22
22 37
22 9
22 18
22 38
22 25
22 23
22 26
22 2
22 24
22 30
22 0
22 13
22 35
22 5
22 4
22 14
22 43
22 10
22 19
22 40
22 29
22 34
22 27
22 32
22 6
22 39
22 41
22 20
22 15
22 7
22 28
22 12
22 8
22 17
22 3
22 33
22 31
22 11
22 36
22 42
22 21
22 16
1 1
1 9
1 18
1 38
1 25
1 23
1 26
1 2
1 24
1 0
1 35
1 5
1 4
1 14
1 43
1 10
1 19
1 40
1 29
1 34
1 27
1 32
1 6
1 39
1 41
1 20
1 15
1 7
1 28
1 12
1 8
1 17
1 3
1 33
1 31
1 11
1 36
1 42
1 21
1 16
37 37
37 18
37 38
37 25
37 23
37 2
37 24
37 30
37 0
37 13
37 5
37 4
37 14
37 43
37 10
37 19
37 40
37 29
37 34
37 27
37 32
37 6
37 39
37 41
37 20
37 15
37 7
37 28
37 12
37 8
37 17
37 3
37 33
37 31
37 11
37 36
37 42
37 21
37 16
9 9
9 25
9 23
9 26
9 2
9 24
9 30
9 13
9 35
9 5
9 4
9 14
9 43
9 10
9 19
9 40
9 29
9 34
9 27
9 32
9 6
9 39
9 41
9 20
9 15
9 7
9 28
9 12
9 8
9 17
9 3
9 33
9 31
9 11
9 36
9 42
9 21
9 16
18 18
18 38
18 25
18 23
18 26
18 2
18 24
18 30
18 0
18 13
18 35
18 5
18 4
18 14
18 43
18 10
18 19
18 40
18 29
18 34
18 27
18 32
18 6
18 39
18 41
18 20
18 15
18 7
18 28
18 12
18 8
18 17
18 3
18 33
18 31
18 11
18 36
18 42
18 21
18 16
38 38
38 26
38 2
38 24
38 30
38 0
38 13
38 35
38 5
38 4
38 14
38 43
38 10
38 19
38 40
38 29
38 34
38 27
38 32
38 6
38 39
38 41
38 20
38 15
38 7
38 28
38 12
38 8
38 17
38 3
38 33
38 31
38 11
38 36
38 42
38 21
38 16
25 25
25 23
25 26
25 2
25 24
25 30
25 0
25 13
25 35
25 5
25 4
25 14
25 43
25 10
25 19
25 40
25 29
25 34
25 27
25 32
25 6
25 39
25 41
25 20
25 15
25 7
25 28
25 12
25 8
25 17
25 3
25 33
25 31
25 11
25 36
25 42
25 21
25 16
23 23
23 26
23 2
23 24
23 30
23 0
23 13
23 35
23 5
23 4
23 14
23 43
23 10
23 19
23 40
23 29
23 34
23 27
23 32
23 6
23 39
23 41
23 20
23 15
23 7
23 28
23 12
23 8
23 17
23 3
23 33
23 31
23 11
23 36
23 42
23 21
23 16
26 26
26 30
26 0
26 13
26 35
26 5
26 4
26 14
26 43
26 10
26 19
26 40
26 29
26 34
26 27
26 32
26 6
26 39
26 41
26 20
26 15
26 7
26 28
26 12
26 8
26 17
26 3
26 33
26 31
26 11
26 36
26 42
26 21
26 16
2 2
2 24
2 30
2 0
2 13
2 35
2 5
2 4
2 14
2 43
2 10
2 19
2 40
2 29
2 34
2 27
2 32
2 6
2 39
2 41
2 20
2 15
2 7
2 28
2 12
2 8
2 17
2 3
2 33
2 31
2 11
2 36
2 42
2 21
2 16
24 24
24 30
24 0
24 13
24 35
24 5
24 4
24 14
24 43
24 10
24 19
24 40
24 29
24 34
24 27
24 32
24 6
24 39
24 41
24 20
24 15
24 7
24 28
24 12
24 8
24 17
24 3
24 33
24 31
24 11
24 36
24 42
24 21
24 16
30 30
30 0
30 13
30 35
30 5
30 4
30 14
30 43
30 10
30 19
30 40
30 29
30 34
30 27
30 32
30 6
30 39
30 41
30 20
30 15
30 7
30 28
30 12
30 8
30 17
30 3
30 33
30 31
30 11
30 36
30 42
30 21
30 16
0 0
0 13
0 35
0 5
0 4
0 14
0 43
0 10
0 19
0 40
0 29
0 34
0 27
0 32
0 6
0 39
0 41
0 20
0 15
0 7
0 28
0 12
0 8
0 17
0 3
0 33
0 31
0 11
0 36
0 42
0 21
0 16
13 13
13 35
13 5
13 4
13 14
13 43
13 10
13 19
13 40
13 29
13 34
13 27
13 32
13 6
13 39
13 41
13 20
13 15
13 7
13 28
13 12
13 8
13 17
13 3
13 33
13 31
13 11
13 36
13 42
13 21
13 16
35 35
35 4
35 14
35 43
35 10
35 19
35 40
35 29
35 34
35 27
35 32
35 6
35 39
35 41
35 20
35 15
35 7
35 28
35 12
35 8
35 17
35 3
35 33
35 31
35 11
35 36
35 42
35 21
35 16
5 5
5 4
5 14
5 43
5 10
5 19
5 40
5 29
5 34
5 27
5 32
5 6
5 39
5 41
5 20
5 15
5 7
5 28
5 12
5 8
5 17
5 3
5 33
5 31
5 11
5 36
5 42
5 21
5 16
4 4
4 43
4 19
4 40
4 29
4 34
4 27
4 32
4 6
4 39
4 41
4 20
4 15
4 7
4 28
4 12
4 8
4 17
4 3
4 33
4 31
4 11
4 36
4 42
4 21
4 16
14 14
14 10
14 19
14 40
14 29
14 34
14 27
14 32
14 6
14 39
14 41
14 20
14 15
14 7
14 28
14 12
14 8
14 17
14 3
14 33
14 31
14 11
14 36
14 42
14 21
14 16
43 43
43 10
43 19
43 40
43 29
43 34
43 27
43 32
43 6
43 39
43 41
43 20
43 15
43 7
43 28
43 12
43 8
43 17
43 3
43 33
43 31
43 11
43 36
43 42
43 21
43 16
10 10
10 19
10 40
10 29
10 34
10 27
10 32
10 6
10 39
10 41
10 20
10 15
10 7
10 28
10 12
10 8
10 17
10 3
10 33
10 31
10 11
10 36
10 42
10 21
10 16
19 19
19 29
19 34
19 27
19 32
19 6
19 39
19 41
19 20
19 15
19 7
19 28
19 12
19 8
19 17
19 3
19 33
19 31
19 11
19 36
19 42
19 21
19 16
40 40
40 34
40 27
40 32
40 6
40 39
40 41
40 15
40 7
40 28
40 12
40 8
40 17
40 3
40 33
40 31
40 11
40 36
40 42
40 21
40 16
29 29
29 32
29 6
29 39
29 41
29 20
29 15
29 7
29 28
29 12
29 8
29 17
29 3
29 33
29 31
29 11
29 36
29 42
29 21
29 16
34 34
34 27
34 32
34 6
34 39
34 41
34 20
34 15
34 7
34 28
34 12
34 8
34 17
34 3
34 33
34 31
34 11
34 36
34 42
34 21
27 27
27 6
27 39
27 20
27 15
27 7
27 28
27 12
27 8
27 17
27 3
27 33
27 31
27 11
27 36
27 42
27 21
27 16
32 32
32 41
32 20
32 15
32 7
32 28
32 12
32 8
32 17
32 3
32 33
32 31
32 11
32 36
32 42
32 21
32 16
6 6
6 39
6 41
6 20
6 15
6 7
6 28
6 12
6 8
6 17
6 3
6 33
6 31
6 11
6 36
6 42
6 21
6 16
39 39
39 41
39 20
39 15
39 7
39 28
39 12
39 8
39 17
39 3
39 33
39 31
39 11
39 36
39 42
39 21
39 16
41 41
41 20
41 15
41 7
41 28
41 12
41 8
41 17
41 3
41 33
41 31
41 11
41 36
41 42
41 16
20 20
20 7
20 28
20 12
20 8
20 3
20 33
20 31
20 11
20 36
20 42
20 21
20 16
15 15
15 28
15 12
15 17
15 3
15 33
15 31
15 11
15 36
15 21
15 16
7 7
7 8
7 17
7 3
7 33
7 31
7 11
7 36
7 42
7 21
7 16
28 28
28 12
28 8
28 17
28 3
28 33
28 31
28 11
28 36
28 42
28 21
28 16
12 12
12 8
12 17
12 3
12 33
12 31
12 36
12 42
12 21
12 16
8 8
8 17
8 3
8 33
8 31
8 11
8 36
8 42
8 21
8 16
17 17
17 31
17 11
17 36
17 42
17 21
17 16
3 3
3 33
3 31
3 11
3 36
3 42
3 21
3 16
33 33
33 11
33 36
33 42
33 21
33 16
31 31
31 11
31 36
31 42
31 21
31 16
11 11
11 42
11 21
11 16
36 36
36 42
36 21
36 16
42 42
42 21
42 16
21 21
21 16
16 16
