66
2215
2 2
2 41
2 15
2 31
2 4
2 19
2 22
2 11
2 54
2 48
2 20
2 36
2 7
2 39
2 59
2 53
2 12
2 47
2 18
2 30
2 10
2 62
2 44
2 6
2 17
2 64
2 26
2 66
2 61
2 35
2 25
2 32
2 37
2 1
2 55
2 5
2 43
2 9
2 51
2 40
2 58
2 46
2 21
2 38
2 45
2 3
2 42
2 49
2 27
2 65
2 60
2 50
2 34
2 8
2 33
2 14
2 28
2 57
2 0
2 23
2 56
2 13
2 52
2 63
2 24
2 29
16 16
16 15
16 31
16 4
16 19
16 22
16 11
16 54
16 48
16 20
16 36
16 7
16 39
16 59
16 53
16 12
16 47
16 18
16 30
16 10
16 62
16 44
16 6
16 17
16 64
16 26
16 66
16 61
16 35
16 25
16 32
16 37
16 1
16 55
16 5
16 43
16 9
16 51
16 40
16 58
16 46
16 21
16 38
16 45
16 3
16 42
16 49
16 27
16 65
16 60
16 50
16 34
16 8
16 33
16 14
16 28
16 57
16 0
16 23
16 56
16 13
16 52
16 63
16 24
16 29
41 41
41 31
41 4
41 19
41 22
41 11
41 54
41 48
41 20
41 36
41 7
41 39
41 59
41 53
41 12
41 47
41 18
41 30
41 10
41 62
41 44
41 6
41 17
41 64
41 26
41 66
41 61
41 35
41 25
41 32
41 37
41 1
41 55
41 5
41 43
41 9
41 51
41 40
41 58
41 46
41 21
41 38
41 45
41 3
41 42
41 49
41 27
41 65
41 60
41 50
41 34
41 8
41 33
41 14
41 28
41 57
41 0
41 23
41 56
41 13
41 52
41 63
41 24
41 29
15 15
15 31
15 4
15 19
15 22
15 11
15 54
15 48
15 20
15 36
15 7
15 39
15 59
15 53
15 12
15 47
15 18
15 30
15 10
15 62
15 44
15 6
15 17
15 64
15 26
15 66
15 61
15 35
15 25
15 32
15 37
15 1
15 55
15 5
15 43
15 9
15 51
15 40
15 58
15 46
15 21
15 38
15 45
15 3
15 42
15 49
15 27
15 65
15 60
15 50
15 34
15 8
15 33
15 14
15 28
15 57
15 0
15 23
15 56
15 13
15 52
15 63
15 24
15 29
31 31
31 19
31 22
31 11
31 54
31 48
31 20
31 36
31 7
31 39
31 59
31 53
31 12
31 47
31 18
31 30
31 10
31 62
31 44
31 6
31 17
31 64
31 26
31 66
31 61
31 35
31 25
31 32
31 37
31 1
31 55
31 5
31 43
31 9
31 51
31 40
31 58
31 46
31 21
31 38
31 45
31 3
31 42
31 49
31 27
31 65
31 60
31 50
31 34
31 8
31 33
31 14
31 28
31 57
31 0
31 23
31 56
31 13
31 52
31 63
31 24
31 29
4 4
4 54
4 48
4 20
4 36
4 7
4 39
4 59
4 53
4 12
4 47
4 18
4 30
4 10
4 62
4 44
4 6
4 17
4 64
4 26
4 66
4 61
4 35
4 25
4 32
4 37
4 1
4 55
4 5
4 43
4 9
4 51
4 40
4 58
4 46
4 21
4 38
4 45
4 3
4 42
4 49
4 27
4 65
4 60
4 50
4 34
4 8
4 33
4 14
4 28
4 57
4 0
4 23
4 56
4 13
4 52
4 63
4 24
4 29
19 19
19 22
19 11
19 54
19 48
19 20
19 36
19 7
19 39
19 59
19 53
19 12
19 47
19 18
19 30
19 10
19 62
19 44
19 6
19 17
19 64
19 26
19 66
19 61
19 35
19 25
19 32
19 37
19 1
19 55
19 5
19 43
19 9
19 51
19 40
19 58
19 46
19 21
19 38
19 45
19 3
19 42
19 49
19 27
19 65
19 60
19 50
19 34
19 8
19 33
19 14
19 28
19 57
19 0
19 23
19 56
19 13
19 52
19 63
19 24
19 29
22 22
22 11
22 54
22 48
22 20
22 36
22 7
22 39
22 59
22 53
22 12
22 47
22 18
22 30
22 10
22 62
22 44
22 6
22 17
22 64
22 26
22 66
22 61
22 35
22 25
22 32
22 37
22 1
22 55
22 5
22 43
22 9
22 51
22 40
22 58
22 46
22 21
22 38
22 45
22 3
22 42
22 49
22 27
22 65
22 60
22 50
22 34
22 8
22 33
22 14
22 28
22 57
22 0
22 23
22 56
22 13
22 52
22 63
22 24
22 29
11 11
11 48
11 20
11 36
11 7
11 39
11 59
11 53
11 12
11 47
11 18
11 30
11 10
11 62
11 44
11 6
11 17
11 64
11 26
11 66
11 61
11 35
11 25
11 32
11 37
11 1
11 55
11 5
11 43
11 9
11 51
11 40
11 58
11 46
11 21
11 38
11 45
11 3
11 42
11 49
11 27
11 65
11 60
11 50
11 34
11 8
11 33
11 14
11 28
11 57
11 0
11 23
11 56
11 13
11 52
11 63
11 24
11 29
54 54
54 20
54 36
54 7
54 39
54 59
54 53
54 12
54 47
54 18
54 30
54 10
54 62
54 44
54 6
54 17
54 64
54 26
54 66
54 61
54 35
54 25
54 32
54 37
54 1
54 55
54 5
54 43
54 9
54 51
54 40
54 58
54 46
54 21
54 38
54 45
54 3
54 42
54 49
54 27
54 65
54 60
54 50
54 34
54 8
54 33
54 14
54 28
54 57
54 0
54 23
54 56
54 13
54 52
54 63
54 24
54 29
48 48
48 20
48 36
48 7
48 39
48 59
48 53
48 12
48 47
48 18
48 30
48 10
48 62
48 44
48 6
48 17
48 64
48 26
48 66
48 61
48 35
48 25
48 32
48 37
48 1
48 55
48 5
48 43
48 9
48 51
48 40
48 58
48 46
48 21
48 38
48 45
48 3
48 42
48 49
48 27
48 65
48 60
48 50
48 34
48 8
48 33
48 14
48 28
48 57
48 0
48 23
48 56
48 13
48 52
48 63
48 24
48 29
20 20
20 7
20 39
20 59
20 53
20 12
20 47
20 18
20 30
20 10
20 62
20 44
20 6
20 17
20 64
20 26
20 66
20 61
20 35
20 25
20 32
20 37
20 1
20 55
20 5
20 43
20 9
20 40
20 58
20 46
20 21
20 38
20 45
20 3
20 42
20 49
20 27
20 65
20 60
20 50
20 34
20 8
20 33
20 14
20 28
20 57
20 0
20 23
20 56
20 13
20 52
20 63
20 24
20 29
36 36
36 39
36 59
36 53
36 12
36 47
36 18
36 30
36 10
36 62
36 44
36 6
36 17
36 64
36 26
36 66
36 61
36 35
36 25
36 32
36 37
36 1
36 55
36 43
36 9
36 51
36 40
36 58
36 46
36 21
36 38
36 45
36 3
36 42
36 49
36 27
36 65
36 60
36 50
36 34
36 8
36 33
36 14
36 28
36 57
36 0
36 23
36 56
36 13
36 52
36 63
36 24
36 29
7 7
7 53
7 12
7 18
7 30
7 10
7 62
7 44
7 6
7 17
7 64
7 26
7 66
7 61
7 35
7 32
7 37
7 1
7 55
7 5
7 43
7 9
7 51
7 40
7 58
7 46
7 21
7 38
7 45
7 3
7 42
7 49
7 27
7 65
7 60
7 50
7 34
7 8
7 33
7 14
7 28
7 57
7 0
7 23
7 56
7 13
7 52
7 63
7 24
7 29
39 39
39 59
39 53
39 12
39 47
39 18
39 30
39 10
39 62
39 44
39 6
39 17
39 64
39 26
39 66
39 61
39 35
39 25
39 32
39 37
39 1
39 55
39 5
39 43
39 9
39 51
39 40
39 58
39 46
39 21
39 38
39 45
39 3
39 42
39 49
39 27
39 65
39 60
39 50
39 34
39 8
39 33
39 14
39 28
39 57
39 0
39 23
39 56
39 13
39 52
39 63
39 24
39 29
59 59
59 47
59 18
59 30
59 10
59 62
59 44
59 6
59 17
59 64
59 26
59 66
59 61
59 35
59 25
59 32
59 37
59 1
59 55
59 5
59 43
59 9
59 51
59 40
59 58
59 46
59 21
59 38
59 45
59 3
59 42
59 49
59 27
59 65
59 60
59 50
59 34
59 8
59 33
59 14
59 28
59 57
59 0
59 23
59 56
59 13
59 52
59 63
59 24
59 29
53 53
53 12
53 47
53 18
53 30
53 10
53 62
53 44
53 6
53 17
53 64
53 26
53 66
53 61
53 35
53 25
53 32
53 37
53 1
53 55
53 5
53 43
53 9
53 51
53 40
53 58
53 46
53 21
53 38
53 45
53 3
53 42
53 49
53 27
53 65
53 60
53 50
53 34
53 8
53 33
53 14
53 28
53 57
53 0
53 23
53 56
53 13
53 52
53 63
53 24
53 29
12 12
12 47
12 18
12 30
12 10
12 62
12 44
12 6
12 17
12 64
12 26
12 66
12 61
12 35
12 25
12 32
12 37
12 1
12 55
12 5
12 43
12 9
12 51
12 40
12 58
12 46
12 21
12 38
12 45
12 3
12 42
12 49
12 27
12 65
12 60
12 50
12 34
12 8
12 33
12 14
12 28
12 57
12 0
12 23
12 56
12 13
12 52
12 63
12 24
12 29
47 47
47 10
47 62
47 6
47 17
47 26
47 66
47 61
47 35
47 25
47 32
47 37
47 1
47 55
47 5
47 43
47 9
47 51
47 40
47 58
47 46
47 21
47 38
47 45
47 3
47 42
47 49
47 27
47 65
47 60
47 50
47 34
47 8
47 33
47 14
47 28
47 57
47 0
47 23
47 56
47 13
47 52
47 63
47 24
47 29
18 18
18 30
18 10
18 62
18 44
18 6
18 17
18 64
18 26
18 66
18 61
18 35
18 25
18 32
18 37
18 1
18 55
18 5
18 43
18 9
18 51
18 40
18 58
18 46
18 21
18 38
18 45
18 3
18 42
18 49
18 27
18 65
18 60
18 50
18 34
18 8
18 33
18 14
18 28
18 57
18 0
18 23
18 56
18 13
18 52
18 63
18 24
18 29
30 30
30 44
30 6
30 17
30 64
30 26
30 66
30 61
30 35
30 25
30 32
30 37
30 1
30 55
30 5
30 43
30 9
30 51
30 40
30 58
30 46
30 21
30 38
30 45
30 3
30 42
30 49
30 27
30 65
30 60
30 50
30 34
30 8
30 33
30 14
30 28
30 57
30 0
30 23
30 56
30 13
30 52
30 63
30 24
30 29
10 10
10 62
10 44
10 6
10 17
10 64
10 26
10 66
10 61
10 35
10 25
10 32
10 37
10 1
10 55
10 5
10 9
10 51
10 40
10 58
10 46
10 21
10 38
10 45
10 3
10 42
10 49
10 27
10 65
10 60
10 50
10 34
10 8
10 33
10 14
10 28
10 57
10 0
10 23
10 56
10 13
10 52
10 63
10 24
10 29
62 62
62 44
62 6
62 17
62 64
62 26
62 66
62 61
62 35
62 25
62 32
62 37
62 1
62 55
62 5
62 43
62 9
62 51
62 40
62 58
62 46
62 21
62 38
62 45
62 3
62 42
62 49
62 27
62 65
62 60
62 50
62 34
62 8
62 33
62 14
62 28
62 57
62 0
62 23
62 56
62 13
62 52
62 63
62 24
62 29
44 44
44 64
44 26
44 66
44 61
44 35
44 25
44 32
44 37
44 1
44 55
44 5
44 43
44 9
44 51
44 40
44 58
44 46
44 21
44 38
44 45
44 3
44 42
44 49
44 27
44 65
44 60
44 50
44 34
44 8
44 33
44 14
44 28
44 57
44 0
44 23
44 56
44 13
44 52
44 63
44 24
44 29
6 6
6 17
6 64
6 26
6 66
6 61
6 35
6 25
6 32
6 37
6 1
6 55
6 5
6 43
6 9
6 51
6 40
6 58
6 46
6 21
6 38
6 45
6 3
6 42
6 49
6 27
6 65
6 60
6 50
6 34
6 8
6 33
6 14
6 28
6 57
6 0
6 23
6 56
6 13
6 52
6 63
6 24
6 29
17 17
17 64
17 26
17 66
17 61
17 35
17 25
17 32
17 37
17 1
17 55
17 5
17 43
17 9
17 51
17 40
17 58
17 46
17 21
17 38
17 45
17 3
17 42
17 49
17 27
17 65
17 60
17 50
17 34
17 8
17 33
17 14
17 28
17 57
17 0
17 23
17 56
17 13
17 52
17 63
17 24
17 29
64 64
64 61
64 35
64 25
64 32
64 37
64 1
64 55
64 5
64 43
64 9
64 51
64 40
64 58
64 46
64 21
64 38
64 45
64 3
64 42
64 49
64 27
64 65
64 60
64 50
64 34
64 8
64 33
64 14
64 28
64 57
64 0
64 23
64 56
64 13
64 52
64 63
64 24
64 29
26 26
26 66
26 61
26 35
26 25
26 32
26 37
26 1
26 55
26 5
26 43
26 9
26 51
26 40
26 58
26 46
26 21
26 38
26 45
26 3
26 42
26 49
26 27
26 65
26 60
26 50
26 34
26 8
26 33
26 14
26 28
26 57
26 0
26 23
26 56
26 13
26 52
26 63
26 24
26 29
66 66
66 25
66 32
66 37
66 1
66 55
66 5
66 43
66 9
66 51
66 40
66 58
66 46
66 21
66 38
66 45
66 3
66 42
66 49
66 27
66 65
66 60
66 50
66 34
66 8
66 33
66 14
66 28
66 57
66 0
66 23
66 56
66 13
66 52
66 63
66 24
66 29
61 61
61 35
61 25
61 32
61 37
61 1
61 55
61 5
61 43
61 9
61 51
61 40
61 58
61 46
61 21
61 38
61 45
61 3
61 42
61 49
61 27
61 65
61 60
61 50
61 34
61 8
61 33
61 14
61 28
61 57
61 0
61 23
61 56
61 13
61 52
61 63
61 24
61 29
35 35
35 25
35 32
35 37
35 1
35 55
35 5
35 43
35 9
35 51
35 40
35 58
35 46
35 21
35 38
35 45
35 3
35 42
35 49
35 27
35 65
35 60
35 50
35 34
35 8
35 33
35 14
35 28
35 57
35 0
35 23
35 56
35 13
35 52
35 63
35 24
35 29
25 25
25 37
25 1
25 5
25 43
25 51
25 40
25 58
25 46
25 21
25 38
25 45
25 3
25 42
25 49
25 27
25 65
25 60
25 50
25 34
25 8
25 33
25 14
25 28
25 57
25 0
25 23
25 56
25 13
25 52
25 63
25 24
25 29
32 32
32 55
32 5
32 43
32 9
32 51
32 40
32 58
32 46
32 21
32 38
32 45
32 3
32 42
32 49
32 27
32 65
32 60
32 50
32 34
32 8
32 33
32 14
32 28
32 57
32 0
32 23
32 56
32 13
32 52
32 63
32 24
32 29
37 37
37 1
37 55
37 5
37 43
37 9
37 51
37 40
37 58
37 46
37 21
37 38
37 45
37 3
37 42
37 49
37 27
37 65
37 60
37 50
37 34
37 8
37 33
37 14
37 28
37 57
37 0
37 23
37 56
37 13
37 52
37 63
37 24
37 29
1 1
1 55
1 5
1 43
1 9
1 51
1 40
1 58
1 46
1 21
1 38
1 45
1 3
1 42
1 49
1 27
1 65
1 60
1 50
1 34
1 8
1 33
1 14
1 28
1 57
1 0
1 23
1 56
1 13
1 52
1 63
1 24
1 29
55 55
55 5
55 43
55 9
55 51
55 40
55 58
55 46
55 21
55 38
55 45
55 3
55 42
55 49
55 27
55 65
55 60
55 50
55 34
55 8
55 33
55 14
55 28
55 57
55 0
55 23
55 56
55 13
55 52
55 63
55 24
55 29
5 5
5 43
5 9
5 51
5 40
5 58
5 46
5 21
5 38
5 45
5 3
5 42
5 49
5 27
5 65
5 60
5 50
5 34
5 8
5 33
5 14
5 28
5 57
5 0
5 23
5 56
5 13
5 52
5 63
5 24
5 29
43 43
43 9
43 51
43 40
43 58
43 46
43 21
43 38
43 45
43 3
43 42
43 49
43 27
43 65
43 60
43 50
43 34
43 8
43 33
43 14
43 28
43 57
43 0
43 23
43 56
43 13
43 52
43 63
43 24
43 29
9 9
9 51
9 40
9 58
9 46
9 21
9 38
9 45
9 3
9 42
9 49
9 27
9 65
9 60
9 50
9 34
9 8
9 33
9 14
9 28
9 57
9 0
9 23
9 56
9 13
9 52
9 63
9 24
9 29
51 51
51 58
51 46
51 21
51 38
51 45
51 3
51 42
51 49
51 27
51 65
51 60
51 50
51 34
51 8
51 33
51 14
51 28
51 57
51 0
51 23
51 56
51 13
51 52
51 63
51 24
51 29
40 40
40 58
40 46
40 21
40 38
40 45
40 3
40 42
40 49
40 27
40 65
40 60
40 50
40 34
40 8
40 33
40 14
40 28
40 57
40 0
40 23
40 56
40 13
40 52
40 63
40 24
40 29
58 58
58 21
58 38
58 45
58 3
58 42
58 49
58 27
58 65
58 60
58 50
58 34
58 8
58 33
58 14
58 28
58 57
58 0
58 23
58 56
58 13
58 52
58 63
58 24
58 29
46 46
46 38
46 45
46 3
46 42
46 49
46 27
46 65
46 60
46 50
46 34
46 8
46 33
46 14
46 28
46 57
46 0
46 23
46 56
46 52
46 63
46 24
46 29
21 21
21 45
21 3
21 42
21 49
21 27
21 65
21 60
21 50
21 8
21 33
21 14
21 28
21 57
21 0
21 23
21 56
21 13
21 52
21 63
21 24
21 29
38 38
38 42
38 49
38 27
38 65
38 60
38 50
38 34
38 8
38 33
38 14
38 28
38 57
38 0
38 23
38 56
38 13
38 52
38 63
38 24
38 29
45 45
45 3
45 42
45 49
45 27
45 65
45 60
45 50
45 34
45 8
45 33
45 14
45 28
45 57
45 0
45 23
45 56
45 13
45 52
45 63
45 24
45 29
3 3
3 49
3 27
3 60
3 50
3 34
3 8
3 33
3 14
3 28
3 57
3 0
3 23
3 56
3 13
3 52
3 63
3 24
42 42
42 65
42 60
42 50
42 34
42 8
42 33
42 14
42 28
42 57
42 0
42 23
42 56
42 13
42 52
42 63
42 24
42 29
49 49
49 27
49 65
49 60
49 50
49 34
49 8
49 33
49 14
49 28
49 57
49 0
49 23
49 56
49 13
49 52
49 63
49 24
49 29
27 27
27 65
27 60
27 50
27 34
27 8
27 33
27 14
27 28
27 57
27 0
27 23
27 56
27 13
27 52
27 63
27 24
27 29
65 65
65 34
65 8
65 33
65 14
65 28
65 57
65 0
65 23
65 56
65 13
65 52
65 63
65 24
65 29
60 60
60 50
60 34
60 8
60 33
60 14
60 28
60 57
60 0
60 23
60 56
60 13
60 52
60 63
60 24
60 29
50 50
50 34
50 8
50 33
50 14
50 28
50 57
50 0
50 23
50 56
50 13
50 63
50 24
50 29
34 34
34 33
34 14
34 28
34 57
34 23
34 56
34 13
34 52
34 63
34 24
34 29
8 8
8 0
8 23
8 56
8 13
8 52
8 63
8 24
8 29
33 33
33 14
33 28
33 57
33 0
33 23
33 56
33 13
33 52
33 63
33 24
33 29
14 14
14 28
14 57
14 0
14 23
14 56
14 13
14 52
14 24
14 29
28 28
28 57
28 0
28 23
28 56
28 13
28 52
28 63
28 24
28 29
57 57
57 0
57 23
57 56
57 13
57 52
57 63
57 24
57 29
0 0
0 13
0 52
0 63
0 24
0 29
23 23
23 56
23 13
23 52
23 63
23 24
23 29
56 56
56 13
56 52
56 63
56 24
56 29
13 13
13 52
13 63
13 24
13 29
52 52
52 63
52 24
52 29
63 63
63 29
24 24
24 29
29 29
