82
3408
31 31
31 6
31 54
31 13
31 70
31 12
31 81
31 55
31 61
31 34
31 20
31 74
31 33
31 18
31 46
31 37
31 7
31 42
31 80
31 76
31 43
31 26
31 23
31 27
31 10
31 9
31 69
31 53
31 44
31 66
31 67
31 59
31 17
31 4
31 28
31 75
31 79
31 11
31 38
31 2
31 5
31 45
31 51
31 36
31 65
31 73
31 0
31 50
31 64
31 52
31 58
31 30
31 72
31 47
31 39
31 62
31 25
31 19
31 22
31 32
31 15
31 8
31 21
31 56
31 49
31 57
31 24
31 41
31 63
31 48
31 16
31 40
31 60
31 1
31 14
31 35
31 78
31 77
31 68
31 29
31 82
31 3
71 71
71 54
71 13
71 70
71 12
71 81
71 55
71 61
71 34
71 20
71 74
71 33
71 18
71 46
71 37
71 42
71 80
71 76
71 43
71 26
71 23
71 27
71 10
71 9
71 69
71 53
71 44
71 66
71 67
71 59
71 17
71 4
71 28
71 75
71 79
71 11
71 38
71 2
71 5
71 45
71 51
71 36
71 65
71 73
71 0
71 50
71 64
71 52
71 58
71 30
71 72
71 47
71 39
71 62
71 25
71 19
71 22
71 32
71 15
71 8
71 21
71 56
71 49
71 57
71 24
71 41
71 63
71 48
71 16
71 40
71 60
71 1
71 14
71 35
71 78
71 77
71 68
71 29
71 82
71 3
6 6
6 70
6 12
6 81
6 55
6 61
6 34
6 20
6 74
6 33
6 18
6 46
6 37
6 7
6 42
6 80
6 76
6 43
6 26
6 23
6 27
6 10
6 9
6 69
6 53
6 44
6 66
6 67
6 59
6 17
6 4
6 28
6 75
6 79
6 11
6 38
6 2
6 5
6 45
6 51
6 36
6 65
6 73
6 0
6 50
6 64
6 52
6 58
6 30
6 72
6 47
6 39
6 62
6 25
6 19
6 22
6 32
6 15
6 8
6 21
6 56
6 49
6 57
6 24
6 41
6 63
6 48
6 16
6 40
6 60
6 1
6 14
6 35
6 78
6 77
6 68
6 29
6 82
6 3
54 54
54 13
54 70
54 12
54 81
54 55
54 61
54 34
54 20
54 74
54 33
54 18
54 46
54 37
54 7
54 42
54 80
54 76
54 43
54 26
54 23
54 27
54 10
54 9
54 69
54 53
54 44
54 66
54 67
54 59
54 17
54 4
54 28
54 75
54 79
54 11
54 38
54 2
54 5
54 45
54 51
54 36
54 65
54 73
54 0
54 50
54 64
54 52
54 58
54 30
54 72
54 47
54 39
54 62
54 25
54 19
54 22
54 32
54 15
54 8
54 21
54 56
54 49
54 57
54 24
54 41
54 63
54 48
54 16
54 40
54 60
54 1
54 14
54 35
54 78
54 77
54 68
54 29
54 82
54 3
13 13
13 12
13 81
13 55
13 61
13 34
13 20
13 74
13 33
13 18
13 46
13 7
13 42
13 80
13 76
13 43
13 26
13 23
13 27
13 10
13 9
13 69
13 53
13 44
13 66
13 67
13 59
13 17
13 4
13 28
13 75
13 79
13 11
13 38
13 2
13 5
13 45
13 51
13 36
13 65
13 73
13 0
13 50
13 64
13 52
13 58
13 30
13 72
13 47
13 39
13 62
13 25
13 19
13 22
13 32
13 15
13 8
13 21
13 56
13 49
13 57
13 24
13 41
13 63
13 48
13 16
13 40
13 60
13 1
13 14
13 35
13 78
13 77
13 68
13 29
13 82
13 3
70 70
70 81
70 55
70 34
70 20
70 74
70 33
70 18
70 46
70 37
70 7
70 42
70 80
70 43
70 26
70 23
70 27
70 10
70 9
70 69
70 53
70 44
70 66
70 67
70 59
70 17
70 4
70 28
70 75
70 79
70 11
70 38
70 2
70 5
70 45
70 51
70 36
70 65
70 73
70 0
70 50
70 64
70 52
70 58
70 30
70 72
70 47
70 39
70 62
70 25
70 19
70 22
70 32
70 15
70 8
70 21
70 56
70 49
70 57
70 24
70 41
70 63
70 48
70 16
70 40
70 60
70 1
70 14
70 35
70 78
70 77
70 68
70 29
70 82
70 3
12 12
12 61
12 34
12 20
12 74
12 33
12 18
12 46
12 37
12 7
12 80
12 76
12 43
12 26
12 23
12 27
12 10
12 9
12 69
12 53
12 44
12 66
12 67
12 59
12 17
12 4
12 28
12 75
12 79
12 11
12 38
12 2
12 5
12 45
12 51
12 36
12 65
12 73
12 0
12 50
12 64
12 52
12 58
12 30
12 72
12 47
12 39
12 62
12 25
12 19
12 22
12 32
12 15
12 8
12 21
12 56
12 49
12 57
12 24
12 41
12 63
12 48
12 16
12 40
12 60
12 1
12 14
12 35
12 78
12 77
12 68
12 29
12 82
12 3
81 81
81 55
81 61
81 34
81 20
81 74
81 33
81 18
81 46
81 37
81 7
81 42
81 80
81 76
81 43
81 26
81 23
81 27
81 10
81 9
81 69
81 53
81 44
81 66
81 67
81 59
81 17
81 4
81 28
81 75
81 79
81 11
81 38
81 2
81 5
81 45
81 51
81 36
81 65
81 73
81 0
81 50
81 64
81 52
81 58
81 30
81 72
81 47
81 39
81 62
81 25
81 19
81 22
81 32
81 15
81 8
81 21
81 56
81 49
81 57
81 24
81 41
81 63
81 48
81 16
81 40
81 60
81 1
81 14
81 35
81 78
81 77
81 68
81 29
81 82
81 3
55 55
55 61
55 34
55 20
55 74
55 33
55 18
55 46
55 37
55 7
55 42
55 80
55 76
55 43
55 26
55 23
55 27
55 10
55 9
55 69
55 53
55 44
55 66
55 67
55 59
55 17
55 4
55 28
55 75
55 79
55 11
55 38
55 2
55 5
55 45
55 51
55 36
55 65
55 73
55 0
55 50
55 64
55 52
55 58
55 30
55 72
55 47
55 39
55 62
55 25
55 19
55 22
55 32
55 15
55 8
55 21
55 56
55 49
55 57
55 24
55 41
55 63
55 48
55 16
55 40
55 60
55 1
55 14
55 35
55 78
55 77
55 68
55 29
55 82
55 3
61 61
61 74
61 33
61 18
61 46
61 37
61 7
61 42
61 80
61 76
61 26
61 23
61 27
61 10
61 9
61 69
61 53
61 44
61 66
61 67
61 59
61 17
61 4
61 28
61 75
61 79
61 11
61 38
61 2
61 5
61 45
61 51
61 36
61 65
61 73
61 0
61 50
61 64
61 52
61 58
61 30
61 72
61 47
61 39
61 62
61 25
61 19
61 22
61 32
61 15
61 8
61 21
61 56
61 49
61 57
61 24
61 41
61 63
61 48
61 16
61 40
61 60
61 1
61 14
61 35
61 78
61 77
61 68
61 29
61 82
61 3
34 34
34 20
34 74
34 33
34 18
34 46
34 37
34 7
34 42
34 80
34 76
34 43
34 26
34 23
34 27
34 10
34 9
34 69
34 53
34 44
34 66
34 67
34 59
34 17
34 4
34 28
34 75
34 79
34 11
34 38
34 2
34 5
34 45
34 51
34 36
34 65
34 73
34 0
34 50
34 64
34 52
34 58
34 30
34 72
34 47
34 39
34 62
34 25
34 19
34 22
34 32
34 15
34 8
34 21
34 56
34 49
34 57
34 24
34 41
34 63
34 48
34 16
34 40
34 60
34 1
34 14
34 35
34 78
34 77
34 68
34 29
34 82
34 3
20 20
20 18
20 46
20 37
20 7
20 42
20 80
20 76
20 43
20 26
20 23
20 27
20 10
20 9
20 69
20 53
20 44
20 66
20 67
20 59
20 17
20 4
20 28
20 75
20 79
20 11
20 38
20 2
20 5
20 45
20 51
20 36
20 65
20 73
20 0
20 50
20 64
20 52
20 58
20 30
20 72
20 47
20 39
20 62
20 25
20 19
20 22
20 32
20 15
20 8
20 21
20 56
20 49
20 57
20 24
20 41
20 63
20 48
20 16
20 40
20 60
20 1
20 14
20 35
20 78
20 77
20 68
20 29
20 82
20 3
74 74
74 33
74 18
74 46
74 37
74 7
74 42
74 80
74 76
74 43
74 26
74 23
74 27
74 10
74 9
74 69
74 53
74 44
74 66
74 67
74 59
74 17
74 4
74 28
74 75
74 79
74 11
74 38
74 2
74 5
74 45
74 51
74 36
74 65
74 73
74 0
74 50
74 64
74 52
74 58
74 30
74 72
74 47
74 39
74 62
74 25
74 19
74 22
74 32
74 15
74 8
74 21
74 56
74 49
74 57
74 24
74 41
74 63
74 48
74 16
74 40
74 60
74 1
74 14
74 35
74 78
74 77
74 68
74 29
74 82
74 3
33 33
33 37
33 7
33 42
33 80
33 76
33 43
33 26
33 23
33 27
33 10
33 9
33 69
33 53
33 44
33 66
33 67
33 59
33 17
33 4
33 28
33 75
33 79
33 11
33 38
33 2
33 5
33 45
33 51
33 36
33 65
33 73
33 0
33 50
33 64
33 52
33 58
33 30
33 72
33 47
33 39
33 62
33 25
33 19
33 22
33 32
33 15
33 8
33 21
33 56
33 49
33 57
33 24
33 41
33 63
33 48
33 16
33 40
33 60
33 1
33 14
33 35
33 78
33 77
33 68
33 29
33 82
33 3
18 18
18 46
18 37
18 7
18 42
18 80
18 76
18 43
18 26
18 23
18 27
18 10
18 9
18 69
18 53
18 44
18 66
18 67
18 59
18 17
18 4
18 28
18 75
18 79
18 11
18 38
18 2
18 5
18 45
18 51
18 36
18 65
18 73
18 0
18 50
18 64
18 52
18 58
18 30
18 72
18 47
18 39
18 62
18 25
18 19
18 22
18 32
18 15
18 8
18 21
18 56
18 49
18 57
18 24
18 41
18 63
18 48
18 16
18 40
18 60
18 1
18 14
18 35
18 78
18 77
18 68
18 29
18 82
18 3
46 46
46 37
46 7
46 42
46 80
46 76
46 43
46 26
46 23
46 27
46 10
46 9
46 69
46 53
46 44
46 66
46 67
46 59
46 17
46 4
46 28
46 75
46 79
46 11
46 38
46 2
46 5
46 45
46 51
46 36
46 65
46 73
46 0
46 50
46 64
46 52
46 58
46 30
46 72
46 47
46 39
46 62
46 25
46 19
46 22
46 32
46 15
46 8
46 21
46 56
46 49
46 57
46 24
46 41
46 63
46 48
46 16
46 40
46 60
46 1
46 14
46 35
46 78
46 77
46 68
46 29
46 82
46 3
37 37
37 7
37 42
37 80
37 76
37 43
37 26
37 23
37 27
37 10
37 9
37 69
37 53
37 44
37 66
37 67
37 59
37 17
37 4
37 28
37 75
37 79
37 11
37 38
37 2
37 5
37 45
37 51
37 36
37 65
37 73
37 0
37 50
37 64
37 52
37 58
37 30
37 72
37 47
37 39
37 62
37 25
37 19
37 22
37 32
37 15
37 8
37 21
37 56
37 49
37 57
37 24
37 41
37 63
37 48
37 16
37 40
37 60
37 1
37 14
37 35
37 78
37 77
37 68
37 29
37 82
37 3
7 7
7 42
7 80
7 76
7 43
7 26
7 23
7 27
7 10
7 9
7 69
7 53
7 44
7 66
7 67
7 59
7 17
7 4
7 28
7 75
7 79
7 11
7 38
7 2
7 5
7 45
7 51
7 36
7 65
7 73
7 0
7 50
7 64
7 52
7 58
7 30
7 72
7 47
7 39
7 62
7 25
7 19
7 22
7 32
7 15
7 8
7 21
7 56
7 49
7 57
7 24
7 41
7 63
7 48
7 16
7 40
7 60
7 1
7 14
7 35
7 78
7 77
7 68
7 29
7 82
7 3
42 42
42 76
42 43
42 26
42 23
42 27
42 10
42 9
42 69
42 53
42 44
42 66
42 67
42 59
42 17
42 4
42 28
42 75
42 79
42 11
42 38
42 2
42 5
42 45
42 51
42 36
42 65
42 73
42 0
42 50
42 64
42 52
42 58
42 30
42 72
42 47
42 39
42 62
42 25
42 19
42 22
42 32
42 15
42 8
42 21
42 56
42 49
42 57
42 24
42 41
42 63
42 48
42 16
42 40
42 60
42 1
42 14
42 35
42 78
42 77
42 68
42 29
42 82
42 3
80 80
80 76
80 43
80 23
80 27
80 10
80 9
80 69
80 53
80 44
80 66
80 67
80 59
80 17
80 4
80 28
80 75
80 79
80 11
80 38
80 2
80 5
80 45
80 51
80 36
80 65
80 73
80 0
80 50
80 64
80 52
80 58
80 30
80 72
80 47
80 39
80 62
80 25
80 19
80 22
80 32
80 15
80 8
80 21
80 56
80 49
80 57
80 24
80 41
80 63
80 48
80 16
80 40
80 60
80 1
80 14
80 35
80 78
80 77
80 68
80 29
80 82
80 3
76 76
76 43
76 26
76 23
76 27
76 10
76 9
76 69
76 53
76 44
76 66
76 67
76 59
76 17
76 4
76 28
76 75
76 79
76 11
76 38
76 2
76 5
76 45
76 51
76 36
76 65
76 73
76 0
76 50
76 64
76 52
76 58
76 30
76 72
76 47
76 39
76 62
76 25
76 19
76 22
76 32
76 15
76 8
76 21
76 56
76 49
76 57
76 24
76 41
76 63
76 48
76 16
76 40
76 60
76 1
76 14
76 35
76 78
76 77
76 68
76 29
76 82
76 3
43 43
43 26
43 23
43 27
43 10
43 9
43 69
43 53
43 44
43 66
43 67
43 59
43 17
43 4
43 28
43 75
43 79
43 11
43 38
43 2
43 5
43 45
43 51
43 36
43 65
43 73
43 0
43 50
43 64
43 52
43 58
43 30
43 72
43 47
43 39
43 62
43 25
43 19
43 22
43 32
43 15
43 8
43 21
43 56
43 49
43 57
43 24
43 41
43 63
43 48
43 16
43 40
43 60
43 1
43 14
43 35
43 78
43 77
43 68
43 29
43 82
43 3
26 26
26 23
26 27
26 10
26 9
26 69
26 53
26 44
26 66
26 67
26 59
26 17
26 4
26 28
26 75
26 79
26 11
26 38
26 2
26 5
26 45
26 51
26 36
26 65
26 73
26 0
26 50
26 64
26 52
26 58
26 30
26 72
26 47
26 39
26 62
26 25
26 19
26 22
26 32
26 15
26 8
26 21
26 56
26 49
26 57
26 24
26 41
26 63
26 48
26 16
26 40
26 60
26 1
26 14
26 35
26 78
26 77
26 68
26 29
26 82
26 3
23 23
23 10
23 9
23 69
23 53
23 44
23 66
23 67
23 59
23 17
23 4
23 28
23 75
23 79
23 11
23 38
23 2
23 5
23 45
23 51
23 36
23 65
23 73
23 0
23 50
23 64
23 52
23 58
23 30
23 72
23 47
23 39
23 62
23 25
23 19
23 22
23 32
23 15
23 8
23 21
23 56
23 49
23 57
23 24
23 41
23 63
23 48
23 16
23 40
23 60
23 1
23 14
23 35
23 78
23 77
23 68
23 29
23 82
23 3
27 27
27 69
27 53
27 44
27 66
27 67
27 59
27 17
27 4
27 28
27 75
27 79
27 11
27 2
27 5
27 45
27 51
27 36
27 65
27 73
27 0
27 50
27 64
27 58
27 30
27 72
27 47
27 39
27 62
27 25
27 19
27 22
27 32
27 15
27 8
27 21
27 56
27 49
27 57
27 24
27 41
27 63
27 48
27 16
27 40
27 60
27 1
27 14
27 35
27 78
27 77
27 68
27 29
27 82
27 3
10 10
10 9
10 69
10 53
10 44
10 66
10 67
10 59
10 17
10 4
10 28
10 75
10 79
10 11
10 38
10 2
10 5
10 45
10 51
10 36
10 65
10 73
10 0
10 50
10 64
10 52
10 58
10 30
10 72
10 47
10 39
10 62
10 25
10 19
10 22
10 32
10 15
10 8
10 21
10 56
10 49
10 57
10 24
10 41
10 63
10 48
10 16
10 40
10 60
10 1
10 14
10 35
10 78
10 77
10 68
10 29
10 82
10 3
9 9
9 53
9 44
9 66
9 67
9 59
9 17
9 4
9 28
9 79
9 11
9 38
9 2
9 5
9 45
9 51
9 36
9 65
9 73
9 0
9 50
9 64
9 52
9 58
9 30
9 72
9 47
9 39
9 62
9 25
9 19
9 22
9 32
9 15
9 8
9 21
9 56
9 49
9 57
9 24
9 41
9 63
9 48
9 16
9 40
9 60
9 1
9 14
9 35
9 78
9 77
9 68
9 29
9 82
9 3
69 69
69 67
69 59
69 17
69 4
69 75
69 79
69 11
69 38
69 2
69 5
69 45
69 51
69 36
69 65
69 73
69 0
69 50
69 64
69 52
69 58
69 30
69 72
69 47
69 39
69 62
69 25
69 19
69 22
69 32
69 15
69 8
69 21
69 56
69 49
69 57
69 24
69 41
69 63
69 48
69 16
69 40
69 60
69 1
69 14
69 35
69 78
69 77
69 68
69 29
69 82
69 3
53 53
53 44
53 66
53 67
53 59
53 17
53 4
53 28
53 75
53 79
53 11
53 38
53 2
53 5
53 45
53 51
53 36
53 65
53 73
53 0
53 50
53 64
53 52
53 58
53 30
53 72
53 47
53 39
53 62
53 25
53 19
53 22
53 32
53 15
53 8
53 21
53 56
53 49
53 57
53 24
53 41
53 63
53 48
53 16
53 40
53 60
53 1
53 14
53 35
53 78
53 77
53 68
53 29
53 82
53 3
44 44
44 66
44 67
44 59
44 17
44 4
44 28
44 75
44 79
44 11
44 38
44 2
44 5
44 45
44 51
44 36
44 65
44 73
44 0
44 50
44 64
44 52
44 58
44 72
44 47
44 39
44 62
44 25
44 19
44 22
44 32
44 15
44 8
44 21
44 56
44 49
44 57
44 24
44 41
44 63
44 48
44 16
44 40
44 60
44 1
44 14
44 35
44 78
44 77
44 68
44 29
44 82
44 3
66 66
66 59
66 17
66 28
66 75
66 79
66 11
66 38
66 2
66 5
66 45
66 51
66 36
66 65
66 73
66 0
66 50
66 64
66 52
66 58
66 30
66 72
66 47
66 39
66 62
66 25
66 19
66 22
66 32
66 15
66 8
66 21
66 56
66 49
66 57
66 24
66 41
66 63
66 48
66 16
66 40
66 60
66 1
66 14
66 35
66 78
66 77
66 68
66 29
66 82
66 3
67 67
67 4
67 28
67 75
67 79
67 11
67 38
67 2
67 5
67 45
67 51
67 36
67 65
67 73
67 0
67 50
67 64
67 52
67 58
67 30
67 72
67 39
67 62
67 25
67 19
67 22
67 32
67 15
67 8
67 21
67 56
67 49
67 57
67 24
67 41
67 63
67 48
67 16
67 40
67 60
67 1
67 14
67 35
67 78
67 77
67 68
67 29
67 82
67 3
59 59
59 17
59 4
59 28
59 75
59 79
59 11
59 38
59 2
59 5
59 45
59 51
59 36
59 65
59 73
59 0
59 50
59 64
59 52
59 58
59 30
59 72
59 47
59 39
59 62
59 25
59 19
59 22
59 32
59 15
59 8
59 21
59 56
59 49
59 57
59 24
59 41
59 63
59 48
59 16
59 40
59 60
59 1
59 14
59 35
59 78
59 77
59 68
59 29
59 82
59 3
17 17
17 4
17 28
17 75
17 79
17 11
17 38
17 2
17 5
17 45
17 51
17 36
17 65
17 73
17 0
17 50
17 64
17 52
17 58
17 30
17 72
17 47
17 39
17 62
17 25
17 19
17 22
17 32
17 15
17 8
17 21
17 56
17 49
17 57
17 24
17 41
17 63
17 48
17 16
17 40
17 60
17 1
17 14
17 35
17 78
17 77
17 68
17 29
17 82
17 3
4 4
4 28
4 75
4 79
4 11
4 38
4 2
4 5
4 45
4 51
4 36
4 65
4 73
4 0
4 50
4 64
4 52
4 58
4 30
4 72
4 47
4 39
4 62
4 25
4 19
4 22
4 32
4 15
4 8
4 21
4 56
4 49
4 57
4 24
4 41
4 63
4 48
4 16
4 40
4 60
4 1
4 14
4 35
4 78
4 77
4 68
4 29
4 82
4 3
28 28
28 75
28 79
28 11
28 38
28 2
28 5
28 45
28 51
28 36
28 65
28 73
28 0
28 50
28 64
28 52
28 58
28 30
28 72
28 47
28 39
28 62
28 25
28 19
28 22
28 32
28 15
28 8
28 21
28 56
28 49
28 57
28 24
28 41
28 63
28 48
28 16
28 40
28 60
28 1
28 14
28 35
28 78
28 77
28 68
28 29
28 82
28 3
75 75
75 38
75 2
75 5
75 45
75 51
75 36
75 65
75 73
75 0
75 50
75 64
75 52
75 58
75 30
75 72
75 47
75 39
75 62
75 25
75 19
75 22
75 32
75 15
75 8
75 21
75 56
75 49
75 57
75 24
75 41
75 63
75 48
75 16
75 40
75 60
75 1
75 14
75 35
75 78
75 77
75 68
75 29
75 82
75 3
79 79
79 11
79 38
79 2
79 5
79 45
79 51
79 36
79 65
79 73
79 0
79 50
79 64
79 52
79 30
79 72
79 47
79 39
79 62
79 25
79 19
79 22
79 32
79 15
79 8
79 21
79 56
79 49
79 57
79 24
79 41
79 63
79 48
79 16
79 40
79 60
79 1
79 14
79 35
79 78
79 77
79 68
79 29
79 82
79 3
11 11
11 38
11 2
11 5
11 45
11 51
11 36
11 65
11 73
11 0
11 50
11 64
11 52
11 58
11 30
11 72
11 47
11 39
11 62
11 25
11 19
11 22
11 32
11 15
11 8
11 21
11 56
11 49
11 57
11 24
11 41
11 63
11 48
11 16
11 40
11 60
11 1
11 14
11 35
11 78
11 77
11 68
11 29
11 82
11 3
38 38
38 5
38 45
38 36
38 65
38 0
38 50
38 52
38 58
38 30
38 72
38 47
38 39
38 62
38 25
38 19
38 22
38 32
38 15
38 8
38 21
38 56
38 49
38 57
38 24
38 41
38 63
38 48
38 16
38 40
38 60
38 1
38 14
38 35
38 78
38 77
38 68
38 29
38 82
38 3
2 2
2 51
2 36
2 65
2 73
2 0
2 50
2 64
2 52
2 58
2 30
2 72
2 47
2 39
2 62
2 25
2 19
2 22
2 32
2 15
2 8
2 21
2 56
2 49
2 57
2 24
2 41
2 63
2 48
2 16
2 40
2 60
2 1
2 14
2 35
2 78
2 77
2 68
2 29
2 82
2 3
5 5
5 45
5 51
5 36
5 65
5 73
5 0
5 50
5 64
5 52
5 58
5 30
5 72
5 47
5 39
5 62
5 25
5 19
5 22
5 32
5 15
5 8
5 21
5 56
5 49
5 57
5 24
5 41
5 63
5 48
5 16
5 40
5 60
5 1
5 14
5 35
5 78
5 77
5 68
5 29
5 82
5 3
45 45
45 51
45 36
45 65
45 73
45 0
45 50
45 64
45 52
45 58
45 30
45 47
45 39
45 62
45 25
45 19
45 22
45 32
45 15
45 8
45 21
45 56
45 49
45 57
45 24
45 41
45 63
45 48
45 16
45 40
45 60
45 1
45 14
45 35
45 78
45 77
45 68
45 29
45 82
45 3
51 51
51 73
51 0
51 50
51 64
51 52
51 58
51 30
51 72
51 47
51 39
51 62
51 25
51 19
51 22
51 32
51 15
51 8
51 21
51 56
51 49
51 57
51 24
51 41
51 63
51 48
51 16
51 40
51 60
51 1
51 14
51 35
51 78
51 77
51 68
51 29
51 82
51 3
36 36
36 65
36 73
36 0
36 50
36 64
36 52
36 58
36 30
36 72
36 47
36 39
36 62
36 25
36 19
36 22
36 32
36 15
36 8
36 21
36 56
36 49
36 57
36 24
36 41
36 63
36 48
36 16
36 40
36 60
36 1
36 14
36 35
36 78
36 77
36 68
36 29
36 82
36 3
65 65
65 73
65 0
65 50
65 64
65 52
65 58
65 30
65 72
65 47
65 39
65 62
65 25
65 19
65 22
65 32
65 15
65 8
65 21
65 56
65 49
65 57
65 24
65 41
65 63
65 48
65 16
65 40
65 60
65 1
65 14
65 35
65 78
65 77
65 68
65 29
65 82
65 3
73 73
73 64
73 52
73 58
73 30
73 72
73 47
73 39
73 62
73 25
73 19
73 22
73 32
73 15
73 8
73 21
73 56
73 49
73 57
73 24
73 41
73 63
73 48
73 16
73 40
73 60
73 1
73 14
73 35
73 78
73 77
73 68
73 29
73 82
73 3
0 0
0 50
0 64
0 52
0 58
0 30
0 72
0 47
0 39
0 62
0 25
0 19
0 22
0 32
0 15
0 8
0 21
0 56
0 49
0 57
0 24
0 41
0 63
0 48
0 16
0 40
0 60
0 1
0 14
0 35
0 78
0 77
0 68
0 29
0 82
0 3
50 50
50 64
50 52
50 58
50 30
50 72
50 47
50 62
50 25
50 19
50 22
50 32
50 15
50 8
50 21
50 56
50 49
50 57
50 24
50 41
50 63
50 48
50 16
50 40
50 60
50 1
50 14
50 35
50 78
50 77
50 68
50 29
50 82
50 3
64 64
64 52
64 58
64 30
64 72
64 47
64 39
64 62
64 25
64 19
64 22
64 32
64 15
64 8
64 21
64 56
64 49
64 57
64 24
64 41
64 63
64 48
64 16
64 40
64 60
64 1
64 14
64 35
64 78
64 77
64 68
64 29
64 82
64 3
52 52
52 58
52 30
52 72
52 47
52 39
52 62
52 25
52 19
52 22
52 32
52 15
52 8
52 21
52 56
52 49
52 57
52 24
52 41
52 63
52 48
52 16
52 40
52 60
52 1
52 14
52 35
52 78
52 77
52 68
52 29
52 82
52 3
58 58
58 30
58 72
58 47
58 39
58 62
58 25
58 19
58 22
58 32
58 15
58 8
58 21
58 56
58 49
58 57
58 24
58 41
58 63
58 48
58 16
58 40
58 60
58 1
58 14
58 35
58 78
58 77
58 68
58 29
58 82
58 3
30 30
30 72
30 47
30 39
30 62
30 25
30 19
30 22
30 32
30 15
30 8
30 21
30 56
30 49
30 57
30 24
30 41
30 63
30 48
30 16
30 40
30 60
30 1
30 14
30 35
30 78
30 77
30 68
30 29
30 82
30 3
72 72
72 47
72 39
72 62
72 25
72 19
72 22
72 32
72 15
72 8
72 21
72 56
72 49
72 57
72 24
72 41
72 63
72 48
72 16
72 40
72 60
72 1
72 14
72 35
72 78
72 77
72 68
72 29
72 82
72 3
47 47
47 39
47 62
47 25
47 19
47 22
47 32
47 15
47 8
47 21
47 56
47 49
47 57
47 24
47 41
47 63
47 48
47 16
47 40
47 60
47 1
47 14
47 35
47 78
47 77
47 68
47 29
47 82
47 3
39 39
39 62
39 25
39 19
39 22
39 32
39 15
39 8
39 21
39 56
39 49
39 57
39 24
39 41
39 63
39 48
39 16
39 40
39 60
39 1
39 14
39 35
39 78
39 77
39 68
39 29
39 82
39 3
62 62
62 19
62 22
62 32
62 15
62 8
62 21
62 56
62 49
62 57
62 24
62 41
62 63
62 48
62 16
62 40
62 60
62 14
62 35
62 78
62 77
62 68
62 29
62 82
62 3
25 25
25 22
25 32
25 15
25 8
25 21
25 56
25 49
25 57
25 24
25 41
25 63
25 48
25 40
25 60
25 1
25 14
25 35
25 78
25 77
25 68
25 29
25 82
25 3
19 19
19 32
19 15
19 21
19 56
19 49
19 57
19 24
19 41
19 63
19 48
19 16
19 60
19 1
19 14
19 35
19 78
19 77
19 68
19 29
19 82
19 3
22 22
22 8
22 21
22 56
22 49
22 57
22 24
22 41
22 63
22 48
22 16
22 40
22 60
22 1
22 14
22 35
22 78
22 77
22 68
22 29
22 82
22 3
32 32
32 15
32 8
32 21
32 56
32 49
32 57
32 24
32 41
32 63
32 48
32 16
32 40
32 60
32 1
32 14
32 35
32 78
32 77
32 68
32 29
32 82
32 3
15 15
15 8
15 21
15 56
15 49
15 57
15 24
15 41
15 63
15 48
15 16
15 40
15 60
15 1
15 14
15 35
15 78
15 77
15 68
15 29
15 82
15 3
8 8
8 56
8 49
8 57
8 24
8 41
8 63
8 16
8 40
8 60
8 1
8 14
8 35
8 78
8 77
8 68
8 29
8 82
8 3
21 21
21 49
21 57
21 41
21 63
21 48
21 16
21 40
21 60
21 1
21 14
21 35
21 78
21 77
21 68
21 29
21 82
21 3
56 56
56 24
56 41
56 63
56 48
56 16
56 40
56 1
56 14
56 35
56 78
56 77
56 68
56 29
56 82
56 3
49 49
49 57
49 24
49 41
49 63
49 48
49 16
49 40
49 60
49 1
49 14
49 35
49 78
49 77
49 68
49 29
49 82
49 3
57 57
57 24
57 41
57 63
57 48
57 16
57 40
57 60
57 1
57 14
57 35
57 78
57 77
57 68
57 29
57 82
57 3
24 24
24 48
24 16
24 40
24 60
24 1
24 14
24 35
24 78
24 77
24 68
24 29
24 82
24 3
41 41
41 63
41 48
41 16
41 40
41 60
41 1
41 14
41 35
41 78
41 77
41 68
41 29
41 82
41 3
63 63
63 48
63 16
63 40
63 60
63 1
63 14
63 35
63 78
63 77
63 68
63 29
63 82
63 3
48 48
48 16
48 40
48 60
48 1
48 14
48 35
48 78
48 77
48 68
48 29
48 82
48 3
16 16
16 40
16 60
16 1
16 14
16 35
16 78
16 77
16 68
16 29
16 82
16 3
40 40
40 60
40 1
40 14
40 35
40 78
40 77
40 68
40 29
40 82
40 3
60 60
60 1
60 14
60 35
60 78
60 77
60 68
60 29
60 82
60 3
1 1
1 14
1 35
1 78
1 77
1 68
1 29
1 82
1 3
14 14
14 78
14 77
14 68
14 29
14 82
14 3
35 35
35 68
35 29
35 82
35 3
78 78
78 77
78 29
78 82
78 3
77 77
77 68
77 82
77 3
68 68
68 29
68 82
68 3
29 29
29 82
29 3
82 82
3 3
