98
4868
85 65
85 75
85 91
85 78
85 71
85 15
85 24
85 82
85 8
85 11
85 43
85 55
85 37
85 44
85 83
85 48
85 90
85 68
85 77
85 46
85 18
85 36
85 87
85 50
85 94
85 19
85 31
85 86
85 63
85 21
85 51
85 23
85 66
85 27
85 26
85 40
85 74
85 92
85 14
85 57
85 12
85 52
85 34
85 25
85 80
85 45
85 16
85 61
85 47
85 1
85 4
85 62
85 79
85 70
85 53
85 84
85 58
85 33
85 69
85 72
85 73
85 22
85 54
85 35
85 59
85 56
85 0
85 10
85 96
85 17
85 60
85 28
85 9
85 7
85 81
85 76
85 95
85 13
85 88
85 42
85 64
85 3
85 49
85 30
85 38
85 20
85 89
85 32
85 5
85 67
85 41
85 29
85 98
85 93
85 39
85 6
85 2
85 97
65 65
65 91
65 78
65 71
65 15
65 24
65 82
65 8
65 11
65 43
65 55
65 37
65 44
65 83
65 48
65 90
65 68
65 77
65 46
65 18
65 36
65 87
65 50
65 94
65 19
65 31
65 86
65 63
65 21
65 51
65 23
65 66
65 27
65 26
65 40
65 74
65 92
65 14
65 57
65 12
65 52
65 34
65 25
65 80
65 45
65 16
65 61
65 47
65 1
65 4
65 62
65 79
65 70
65 53
65 84
65 58
65 33
65 69
65 72
65 73
65 22
65 54
65 35
65 59
65 56
65 0
65 10
65 96
65 17
65 60
65 28
65 9
65 7
65 81
65 76
65 95
65 13
65 88
65 42
65 64
65 3
65 49
65 30
65 38
65 20
65 89
65 32
65 5
65 67
65 41
65 29
65 98
65 93
65 39
65 6
65 2
65 97
75 75
75 78
75 71
75 15
75 24
75 82
75 8
75 11
75 43
75 37
75 44
75 83
75 48
75 90
75 68
75 77
75 46
75 18
75 36
75 87
75 50
75 94
75 19
75 31
75 86
75 63
75 21
75 51
75 23
75 66
75 27
75 26
75 40
75 74
75 92
75 14
75 57
75 12
75 52
75 34
75 25
75 80
75 45
75 16
75 61
75 47
75 1
75 4
75 62
75 79
75 70
75 53
75 84
75 58
75 33
75 69
75 72
75 73
75 22
75 54
75 35
75 59
75 56
75 0
75 10
75 96
75 17
75 60
75 28
75 9
75 7
75 81
75 76
75 95
75 13
75 88
75 42
75 64
75 3
75 49
75 30
75 38
75 20
75 89
75 32
75 5
75 67
75 41
75 29
75 98
75 93
75 39
75 6
75 2
75 97
91 91
91 71
91 15
91 24
91 82
91 8
91 11
91 55
91 37
91 44
91 83
91 48
91 90
91 68
91 77
91 46
91 18
91 36
91 87
91 50
91 94
91 19
91 31
91 86
91 63
91 21
91 51
91 23
91 66
91 27
91 26
91 40
91 74
91 92
91 14
91 57
91 12
91 52
91 34
91 25
91 80
91 45
91 16
91 61
91 47
91 1
91 4
91 62
91 79
91 70
91 53
91 84
91 58
91 33
91 69
91 72
91 73
91 22
91 54
91 35
91 59
91 56
91 0
91 10
91 96
91 17
91 60
91 28
91 9
91 7
91 81
91 76
91 95
91 13
91 88
91 42
91 64
91 3
91 49
91 30
91 38
91 20
91 89
91 32
91 5
91 67
91 41
91 29
91 98
91 93
91 39
91 6
91 2
91 97
78 78
78 24
78 82
78 8
78 11
78 43
78 55
78 37
78 44
78 83
78 48
78 90
78 68
78 77
78 46
78 18
78 36
78 87
78 50
78 94
78 19
78 31
78 86
78 63
78 21
78 51
78 23
78 66
78 27
78 26
78 40
78 74
78 92
78 14
78 57
78 12
78 52
78 34
78 25
78 80
78 45
78 16
78 61
78 47
78 1
78 4
78 62
78 79
78 70
78 53
78 84
78 58
78 33
78 69
78 72
78 73
78 22
78 54
78 35
78 59
78 56
78 0
78 10
78 96
78 17
78 60
78 28
78 9
78 7
78 81
78 76
78 95
78 13
78 88
78 42
78 64
78 3
78 49
78 30
78 38
78 20
78 89
78 32
78 5
78 67
78 41
78 29
78 98
78 93
78 39
78 6
78 2
78 97
71 71
71 15
71 24
71 82
71 8
71 11
71 43
71 55
71 44
71 83
71 48
71 90
71 68
71 77
71 46
71 18
71 36
71 87
71 50
71 94
71 19
71 31
71 86
71 63
71 21
71 51
71 23
71 66
71 27
71 26
71 40
71 74
71 92
71 14
71 57
71 12
71 52
71 34
71 25
71 80
71 45
71 16
71 61
71 47
71 1
71 4
71 62
71 79
71 70
71 53
71 84
71 58
71 33
71 69
71 72
71 73
71 22
71 54
71 35
71 59
71 56
71 0
71 10
71 96
71 17
71 60
71 28
71 9
71 7
71 81
71 76
71 95
71 13
71 88
71 42
71 64
71 3
71 49
71 30
71 38
71 20
71 89
71 32
71 5
71 67
71 41
71 29
71 98
71 93
71 39
71 6
71 2
71 97
15 15
15 43
15 55
15 37
15 44
15 83
15 48
15 90
15 68
15 77
15 46
15 18
15 36
15 87
15 50
15 94
15 19
15 31
15 86
15 63
15 21
15 51
15 23
15 66
15 27
15 26
15 40
15 74
15 92
15 14
15 57
15 12
15 52
15 34
15 25
15 80
15 45
15 16
15 61
15 47
15 1
15 4
15 62
15 79
15 70
15 53
15 84
15 58
15 33
15 69
15 72
15 73
15 22
15 54
15 35
15 59
15 56
15 0
15 10
15 96
15 17
15 60
15 28
15 9
15 7
15 81
15 76
15 95
15 13
15 88
15 42
15 64
15 3
15 49
15 30
15 38
15 20
15 89
15 32
15 5
15 67
15 41
15 29
15 98
15 93
15 39
15 6
15 2
15 97
24 24
24 82
24 8
24 11
24 43
24 55
24 37
24 44
24 83
24 48
24 90
24 68
24 77
24 46
24 18
24 36
24 87
24 50
24 94
24 19
24 31
24 86
24 63
24 21
24 51
24 23
24 66
24 27
24 26
24 40
24 74
24 92
24 14
24 57
24 12
24 52
24 34
24 25
24 80
24 45
24 16
24 61
24 47
24 1
24 4
24 62
24 79
24 70
24 53
24 84
24 58
24 33
24 69
24 72
24 73
24 22
24 54
24 35
24 59
24 56
24 0
24 10
24 96
24 17
24 60
24 28
24 9
24 7
24 81
24 76
24 95
24 13
24 88
24 42
24 64
24 3
24 49
24 30
24 38
24 20
24 89
24 32
24 5
24 67
24 41
24 29
24 98
24 93
24 39
24 6
24 2
24 97
82 82
82 8
82 11
82 43
82 55
82 37
82 44
82 83
82 48
82 90
82 68
82 77
82 46
82 18
82 36
82 87
82 50
82 94
82 19
82 31
82 86
82 63
82 21
82 51
82 23
82 66
82 27
82 26
82 40
82 74
82 92
82 14
82 57
82 12
82 52
82 34
82 25
82 80
82 45
82 16
82 61
82 47
82 1
82 4
82 62
82 79
82 70
82 53
82 84
82 58
82 33
82 69
82 72
82 73
82 22
82 54
82 35
82 59
82 56
82 0
82 10
82 96
82 17
82 60
82 28
82 9
82 7
82 81
82 76
82 95
82 13
82 88
82 42
82 64
82 3
82 49
82 30
82 38
82 20
82 89
82 32
82 5
82 67
82 41
82 29
82 98
82 93
82 39
82 6
82 2
82 97
8 8
8 11
8 43
8 55
8 37
8 44
8 83
8 48
8 90
8 68
8 77
8 46
8 18
8 36
8 87
8 50
8 94
8 19
8 31
8 86
8 63
8 21
8 51
8 23
8 66
8 27
8 26
8 40
8 74
8 92
8 14
8 57
8 12
8 52
8 34
8 25
8 80
8 45
8 16
8 61
8 47
8 1
8 4
8 62
8 79
8 70
8 53
8 84
8 58
8 33
8 69
8 72
8 73
8 22
8 54
8 35
8 59
8 56
8 0
8 10
8 96
8 17
8 60
8 28
8 9
8 7
8 81
8 76
8 95
8 13
8 88
8 42
8 64
8 3
8 49
8 30
8 38
8 20
8 89
8 32
8 5
8 67
8 41
8 29
8 98
8 93
8 39
8 6
8 2
8 97
11 11
11 43
11 55
11 37
11 44
11 83
11 48
11 90
11 68
11 77
11 46
11 18
11 36
11 87
11 50
11 94
11 19
11 31
11 86
11 63
11 21
11 51
11 23
11 66
11 27
11 26
11 40
11 74
11 92
11 14
11 57
11 12
11 52
11 34
11 25
11 80
11 45
11 16
11 61
11 47
11 1
11 4
11 62
11 79
11 70
11 53
11 84
11 58
11 33
11 69
11 72
11 73
11 22
11 54
11 35
11 59
11 56
11 0
11 10
11 96
11 17
11 60
11 28
11 9
11 7
11 81
11 76
11 95
11 13
11 88
11 42
11 64
11 3
11 49
11 30
11 38
11 20
11 89
11 32
11 5
11 67
11 41
11 29
11 98
11 93
11 39
11 6
11 2
11 97
43 43
43 55
43 37
43 44
43 83
43 48
43 90
43 68
43 77
43 46
43 18
43 36
43 87
43 50
43 94
43 19
43 31
43 86
43 63
43 21
43 51
43 23
43 66
43 27
43 26
43 40
43 74
43 92
43 14
43 57
43 12
43 52
43 34
43 25
43 80
43 45
43 16
43 61
43 47
43 1
43 4
43 62
43 79
43 70
43 53
43 84
43 58
43 33
43 69
43 72
43 73
43 22
43 54
43 35
43 59
43 56
43 0
43 10
43 96
43 17
43 60
43 28
43 9
43 7
43 81
43 76
43 95
43 13
43 88
43 42
43 64
43 3
43 49
43 30
43 38
43 20
43 89
43 32
43 5
43 67
43 41
43 29
43 98
43 93
43 39
43 6
43 2
43 97
55 55
55 37
55 44
55 83
55 48
55 90
55 68
55 77
55 46
55 18
55 36
55 87
55 50
55 94
55 19
55 31
55 86
55 63
55 21
55 51
55 23
55 66
55 27
55 26
55 40
55 74
55 92
55 14
55 57
55 12
55 52
55 34
55 25
55 80
55 45
55 16
55 61
55 47
55 1
55 4
55 62
55 79
55 70
55 53
55 84
55 58
55 33
55 69
55 72
55 73
55 22
55 54
55 35
55 59
55 56
55 0
55 10
55 96
55 17
55 60
55 28
55 9
55 7
55 81
55 76
55 95
55 13
55 88
55 42
55 64
55 3
55 49
55 30
55 38
55 20
55 89
55 32
55 5
55 67
55 41
55 29
55 98
55 93
55 39
55 6
55 2
55 97
37 37
37 44
37 83
37 48
37 90
37 68
37 77
37 46
37 18
37 36
37 87
37 50
37 94
37 19
37 31
37 86
37 63
37 21
37 51
37 23
37 66
37 27
37 26
37 40
37 74
37 92
37 14
37 57
37 12
37 52
37 34
37 25
37 80
37 45
37 16
37 61
37 47
37 1
37 4
37 62
37 79
37 70
37 53
37 84
37 58
37 33
37 69
37 72
37 73
37 22
37 54
37 35
37 59
37 56
37 0
37 10
37 96
37 17
37 60
37 28
37 9
37 7
37 81
37 76
37 95
37 13
37 88
37 42
37 64
37 3
37 49
37 30
37 38
37 20
37 89
37 32
37 5
37 67
37 41
37 29
37 98
37 93
37 39
37 6
37 2
37 97
44 44
44 90
44 68
44 77
44 46
44 18
44 36
44 87
44 50
44 94
44 19
44 31
44 86
44 63
44 21
44 51
44 23
44 66
44 27
44 26
44 40
44 74
44 92
44 14
44 57
44 12
44 52
44 34
44 25
44 80
44 45
44 16
44 61
44 47
44 1
44 4
44 62
44 79
44 70
44 53
44 84
44 58
44 33
44 69
44 72
44 73
44 22
44 54
44 35
44 59
44 56
44 0
44 10
44 96
44 17
44 60
44 28
44 9
44 7
44 81
44 76
44 95
44 13
44 88
44 42
44 64
44 3
44 49
44 30
44 38
44 20
44 89
44 32
44 5
44 67
44 41
44 29
44 98
44 93
44 39
44 6
44 2
44 97
83 83
83 48
83 90
83 68
83 77
83 46
83 18
83 36
83 87
83 50
83 94
83 19
83 31
83 86
83 63
83 21
83 51
83 23
83 66
83 27
83 26
83 40
83 74
83 92
83 14
83 57
83 12
83 52
83 34
83 25
83 80
83 45
83 16
83 61
83 47
83 1
83 4
83 62
83 79
83 70
83 53
83 84
83 58
83 33
83 69
83 72
83 73
83 22
83 54
83 35
83 59
83 56
83 0
83 10
83 96
83 17
83 60
83 28
83 9
83 7
83 81
83 76
83 95
83 13
83 88
83 42
83 64
83 3
83 49
83 30
83 38
83 20
83 89
83 32
83 5
83 67
83 41
83 29
83 98
83 93
83 39
83 6
83 2
83 97
48 48
48 90
48 68
48 77
48 46
48 18
48 36
48 87
48 50
48 94
48 19
48 31
48 86
48 63
48 21
48 51
48 23
48 66
48 27
48 26
48 40
48 74
48 92
48 14
48 57
48 12
48 52
48 34
48 25
48 80
48 45
48 16
48 61
48 47
48 1
48 4
48 62
48 79
48 70
48 53
48 84
48 58
48 33
48 69
48 72
48 73
48 22
48 54
48 35
48 59
48 56
48 0
48 10
48 96
48 17
48 60
48 28
48 9
48 7
48 81
48 76
48 95
48 13
48 88
48 42
48 64
48 3
48 49
48 30
48 38
48 20
48 89
48 32
48 5
48 67
48 41
48 29
48 98
48 93
48 39
48 6
48 2
48 97
90 90
90 77
90 46
90 18
90 36
90 87
90 50
90 94
90 19
90 31
90 86
90 63
90 21
90 51
90 23
90 66
90 27
90 26
90 40
90 74
90 92
90 14
90 57
90 12
90 52
90 34
90 25
90 80
90 45
90 16
90 61
90 47
90 1
90 4
90 62
90 79
90 70
90 53
90 84
90 58
90 33
90 69
90 72
90 73
90 22
90 54
90 35
90 59
90 56
90 0
90 10
90 96
90 17
90 60
90 28
90 9
90 7
90 81
90 76
90 95
90 13
90 88
90 42
90 64
90 3
90 49
90 30
90 38
90 20
90 89
90 32
90 5
90 67
90 41
90 29
90 98
90 93
90 39
90 6
90 2
90 97
68 68
68 77
68 46
68 18
68 36
68 87
68 50
68 94
68 19
68 31
68 86
68 63
68 21
68 51
68 23
68 66
68 27
68 26
68 40
68 74
68 92
68 14
68 57
68 12
68 52
68 34
68 25
68 80
68 45
68 16
68 61
68 47
68 1
68 4
68 62
68 79
68 70
68 53
68 84
68 58
68 33
68 69
68 72
68 73
68 22
68 54
68 35
68 59
68 56
68 0
68 10
68 96
68 17
68 60
68 28
68 9
68 7
68 81
68 76
68 95
68 13
68 88
68 42
68 64
68 3
68 49
68 30
68 38
68 20
68 89
68 32
68 5
68 67
68 41
68 29
68 98
68 93
68 39
68 6
68 2
68 97
77 46
77 18
77 36
77 87
77 50
77 94
77 19
77 31
77 86
77 63
77 21
77 51
77 23
77 66
77 27
77 26
77 40
77 74
77 92
77 14
77 57
77 12
77 52
77 34
77 25
77 80
77 45
77 16
77 61
77 47
77 1
77 4
77 62
77 79
77 70
77 53
77 84
77 58
77 33
77 69
77 72
77 73
77 22
77 54
77 35
77 59
77 56
77 0
77 10
77 96
77 17
77 60
77 28
77 9
77 7
77 81
77 76
77 95
77 13
77 88
77 42
77 64
77 3
77 49
77 30
77 38
77 20
77 89
77 32
77 5
77 67
77 41
77 29
77 98
77 93
77 39
77 6
77 2
77 97
46 18
46 36
46 87
46 50
46 94
46 19
46 31
46 86
46 63
46 21
46 51
46 23
46 66
46 27
46 26
46 40
46 74
46 92
46 14
46 57
46 12
46 52
46 34
46 25
46 80
46 45
46 16
46 61
46 47
46 1
46 4
46 62
46 79
46 70
46 53
46 84
46 58
46 33
46 69
46 72
46 73
46 22
46 54
46 35
46 59
46 56
46 0
46 10
46 96
46 17
46 60
46 28
46 9
46 7
46 81
46 76
46 95
46 13
46 88
46 42
46 64
46 3
46 49
46 30
46 38
46 20
46 89
46 32
46 5
46 67
46 41
46 29
46 98
46 93
46 39
46 6
46 2
46 97
18 18
18 87
18 50
18 94
18 19
18 31
18 86
18 63
18 21
18 51
18 23
18 66
18 27
18 26
18 40
18 74
18 92
18 14
18 57
18 12
18 52
18 34
18 25
18 80
18 45
18 16
18 61
18 47
18 1
18 4
18 62
18 79
18 70
18 53
18 84
18 58
18 33
18 69
18 72
18 73
18 22
18 54
18 35
18 59
18 56
18 0
18 10
18 96
18 17
18 60
18 28
18 9
18 7
18 81
18 76
18 95
18 13
18 88
18 42
18 64
18 3
18 49
18 30
18 38
18 20
18 89
18 32
18 5
18 67
18 41
18 29
18 98
18 93
18 39
18 6
18 2
18 97
36 36
36 87
36 50
36 94
36 19
36 31
36 86
36 63
36 21
36 51
36 23
36 66
36 27
36 26
36 40
36 74
36 92
36 14
36 57
36 12
36 52
36 34
36 25
36 80
36 45
36 16
36 61
36 47
36 1
36 4
36 62
36 79
36 70
36 53
36 84
36 58
36 33
36 69
36 72
36 73
36 22
36 54
36 35
36 59
36 56
36 0
36 10
36 96
36 17
36 60
36 28
36 9
36 7
36 81
36 76
36 95
36 13
36 88
36 42
36 64
36 3
36 49
36 30
36 38
36 20
36 89
36 32
36 5
36 67
36 41
36 29
36 98
36 93
36 39
36 6
36 2
36 97
87 87
87 94
87 19
87 31
87 86
87 63
87 21
87 51
87 23
87 66
87 27
87 26
87 40
87 74
87 92
87 14
87 57
87 12
87 52
87 34
87 25
87 80
87 45
87 16
87 61
87 47
87 1
87 4
87 62
87 79
87 70
87 53
87 84
87 58
87 33
87 69
87 72
87 73
87 22
87 54
87 35
87 59
87 56
87 0
87 10
87 96
87 17
87 60
87 28
87 9
87 7
87 81
87 76
87 95
87 13
87 88
87 42
87 64
87 3
87 49
87 30
87 38
87 20
87 89
87 32
87 5
87 67
87 41
87 29
87 98
87 93
87 39
87 6
87 2
87 97
50 50
50 19
50 31
50 86
50 63
50 51
50 23
50 66
50 27
50 26
50 40
50 74
50 92
50 14
50 57
50 12
50 52
50 34
50 25
50 80
50 45
50 16
50 61
50 47
50 1
50 4
50 62
50 79
50 70
50 53
50 84
50 58
50 33
50 69
50 72
50 73
50 22
50 54
50 35
50 59
50 56
50 0
50 10
50 96
50 17
50 60
50 28
50 9
50 7
50 81
50 76
50 95
50 13
50 88
50 42
50 64
50 3
50 49
50 30
50 38
50 20
50 89
50 32
50 5
50 67
50 41
50 29
50 98
50 93
50 39
50 6
50 2
50 97
94 94
94 21
94 51
94 23
94 66
94 27
94 26
94 40
94 74
94 92
94 14
94 57
94 12
94 52
94 34
94 25
94 80
94 45
94 16
94 61
94 47
94 1
94 4
94 62
94 79
94 70
94 53
94 84
94 58
94 33
94 69
94 72
94 73
94 22
94 54
94 35
94 59
94 56
94 0
94 10
94 96
94 17
94 60
94 28
94 9
94 7
94 81
94 76
94 95
94 13
94 88
94 42
94 64
94 3
94 49
94 30
94 38
94 20
94 89
94 32
94 5
94 67
94 41
94 29
94 98
94 93
94 39
94 6
94 2
94 97
19 19
19 31
19 86
19 63
19 21
19 51
19 23
19 66
19 27
19 26
19 40
19 74
19 92
19 14
19 57
19 12
19 52
19 34
19 25
19 80
19 45
19 16
19 61
19 47
19 1
19 4
19 62
19 79
19 70
19 53
19 84
19 58
19 33
19 69
19 72
19 73
19 22
19 54
19 35
19 59
19 56
19 0
19 10
19 96
19 17
19 60
19 28
19 9
19 7
19 81
19 76
19 95
19 13
19 88
19 42
19 64
19 3
19 49
19 30
19 38
19 20
19 89
19 32
19 5
19 67
19 41
19 29
19 98
19 93
19 39
19 6
19 2
19 97
31 31
31 86
31 63
31 21
31 51
31 23
31 66
31 27
31 26
31 40
31 74
31 92
31 14
31 57
31 12
31 52
31 34
31 25
31 80
31 45
31 16
31 61
31 47
31 1
31 4
31 62
31 79
31 70
31 53
31 84
31 58
31 33
31 69
31 72
31 73
31 22
31 54
31 35
31 59
31 56
31 0
31 10
31 96
31 17
31 60
31 28
31 9
31 7
31 81
31 76
31 95
31 13
31 88
31 42
31 64
31 3
31 49
31 30
31 38
31 20
31 89
31 32
31 5
31 67
31 41
31 29
31 98
31 93
31 39
31 6
31 2
31 97
86 86
86 63
86 21
86 51
86 23
86 66
86 27
86 26
86 40
86 74
86 92
86 14
86 57
86 12
86 52
86 34
86 25
86 80
86 45
86 16
86 61
86 47
86 1
86 4
86 62
86 79
86 70
86 53
86 84
86 58
86 33
86 69
86 72
86 73
86 22
86 54
86 35
86 59
86 56
86 0
86 10
86 96
86 17
86 60
86 28
86 9
86 7
86 81
86 76
86 95
86 13
86 88
86 42
86 64
86 3
86 49
86 30
86 38
86 20
86 89
86 32
86 5
86 67
86 41
86 29
86 98
86 93
86 39
86 6
86 2
86 97
63 63
63 21
63 51
63 23
63 66
63 27
63 26
63 40
63 74
63 92
63 14
63 57
63 12
63 52
63 34
63 25
63 80
63 45
63 16
63 61
63 47
63 1
63 4
63 62
63 79
63 70
63 53
63 84
63 58
63 33
63 69
63 72
63 73
63 22
63 54
63 35
63 59
63 56
63 0
63 10
63 96
63 17
63 60
63 28
63 9
63 7
63 81
63 76
63 95
63 13
63 88
63 42
63 64
63 3
63 49
63 30
63 38
63 20
63 89
63 32
63 5
63 67
63 41
63 29
63 98
63 93
63 39
63 6
63 2
63 97
21 21
21 51
21 23
21 66
21 27
21 26
21 40
21 74
21 92
21 14
21 57
21 12
21 52
21 34
21 25
21 80
21 45
21 16
21 61
21 47
21 1
21 4
21 62
21 79
21 70
21 53
21 84
21 58
21 33
21 69
21 72
21 73
21 22
21 54
21 35
21 59
21 56
21 0
21 10
21 96
21 17
21 60
21 28
21 9
21 7
21 81
21 76
21 95
21 13
21 88
21 42
21 64
21 3
21 49
21 30
21 38
21 20
21 89
21 32
21 5
21 67
21 41
21 29
21 98
21 93
21 39
21 6
21 2
21 97
51 23
51 66
51 27
51 26
51 40
51 74
51 92
51 14
51 57
51 12
51 52
51 34
51 25
51 80
51 45
51 16
51 61
51 47
51 1
51 4
51 62
51 79
51 70
51 53
51 84
51 58
51 33
51 69
51 72
51 73
51 22
51 54
51 35
51 59
51 56
51 0
51 10
51 96
51 17
51 60
51 28
51 9
51 7
51 81
51 76
51 95
51 13
51 88
51 42
51 64
51 3
51 49
51 30
51 38
51 20
51 89
51 32
51 5
51 67
51 41
51 29
51 98
51 93
51 39
51 6
51 2
51 97
23 23
23 27
23 26
23 40
23 74
23 92
23 14
23 57
23 12
23 52
23 34
23 25
23 80
23 45
23 16
23 61
23 47
23 1
23 4
23 62
23 79
23 70
23 53
23 84
23 58
23 33
23 69
23 72
23 73
23 22
23 54
23 35
23 59
23 56
23 0
23 10
23 96
23 17
23 60
23 28
23 9
23 7
23 81
23 76
23 95
23 13
23 88
23 42
23 64
23 3
23 49
23 30
23 38
23 20
23 89
23 32
23 5
23 67
23 41
23 29
23 98
23 93
23 39
23 6
23 2
23 97
66 66
66 26
66 40
66 92
66 14
66 57
66 12
66 52
66 34
66 25
66 80
66 45
66 16
66 61
66 47
66 1
66 4
66 62
66 79
66 70
66 53
66 84
66 58
66 33
66 69
66 72
66 73
66 22
66 54
66 35
66 59
66 56
66 0
66 10
66 96
66 17
66 60
66 28
66 9
66 7
66 81
66 76
66 95
66 13
66 88
66 42
66 64
66 3
66 49
66 30
66 38
66 20
66 89
66 32
66 5
66 67
66 41
66 29
66 98
66 93
66 39
66 6
66 2
66 97
27 27
27 74
27 92
27 14
27 57
27 12
27 52
27 34
27 25
27 80
27 45
27 16
27 61
27 47
27 1
27 4
27 62
27 79
27 70
27 53
27 84
27 58
27 33
27 69
27 72
27 73
27 22
27 54
27 35
27 59
27 56
27 0
27 10
27 96
27 17
27 60
27 28
27 9
27 7
27 81
27 76
27 95
27 13
27 88
27 42
27 64
27 3
27 49
27 30
27 38
27 20
27 89
27 32
27 5
27 67
27 41
27 29
27 98
27 93
27 39
27 6
27 2
27 97
26 26
26 40
26 74
26 92
26 14
26 57
26 12
26 52
26 34
26 25
26 80
26 45
26 16
26 61
26 47
26 1
26 4
26 62
26 79
26 70
26 53
26 84
26 58
26 33
26 69
26 72
26 73
26 22
26 54
26 35
26 59
26 56
26 0
26 10
26 96
26 17
26 60
26 28
26 9
26 7
26 81
26 76
26 95
26 13
26 88
26 42
26 64
26 3
26 49
26 30
26 38
26 20
26 89
26 32
26 5
26 67
26 41
26 29
26 98
26 93
26 39
26 6
26 2
26 97
40 40
40 74
40 92
40 14
40 57
40 12
40 52
40 34
40 25
40 80
40 45
40 16
40 61
40 47
40 1
40 4
40 62
40 79
40 70
40 53
40 84
40 58
40 33
40 69
40 72
40 73
40 22
40 54
40 35
40 59
40 56
40 0
40 10
40 96
40 17
40 60
40 28
40 9
40 7
40 81
40 76
40 95
40 13
40 88
40 42
40 64
40 3
40 49
40 30
40 38
40 20
40 89
40 32
40 5
40 67
40 41
40 29
40 98
40 93
40 39
40 6
40 2
40 97
74 74
74 92
74 14
74 57
74 12
74 52
74 34
74 25
74 80
74 45
74 16
74 61
74 47
74 1
74 4
74 62
74 79
74 70
74 53
74 84
74 58
74 33
74 69
74 72
74 73
74 22
74 54
74 35
74 59
74 56
74 0
74 10
74 96
74 17
74 60
74 28
74 9
74 7
74 81
74 76
74 95
74 13
74 88
74 42
74 64
74 3
74 49
74 30
74 38
74 20
74 89
74 32
74 5
74 67
74 41
74 29
74 98
74 93
74 39
74 6
74 2
74 97
92 14
92 57
92 12
92 52
92 34
92 25
92 80
92 45
92 16
92 61
92 47
92 1
92 4
92 62
92 79
92 70
92 53
92 84
92 58
92 33
92 69
92 72
92 73
92 22
92 54
92 35
92 59
92 56
92 0
92 10
92 96
92 17
92 60
92 28
92 9
92 7
92 81
92 76
92 95
92 13
92 88
92 42
92 64
92 3
92 49
92 30
92 38
92 20
92 89
92 32
92 5
92 67
92 41
92 29
92 98
92 93
92 39
92 6
92 2
92 97
14 57
14 12
14 52
14 34
14 25
14 80
14 45
14 16
14 61
14 47
14 1
14 4
14 62
14 79
14 70
14 53
14 84
14 58
14 33
14 69
14 72
14 73
14 22
14 54
14 35
14 59
14 56
14 0
14 10
14 96
14 17
14 60
14 28
14 9
14 7
14 81
14 76
14 95
14 13
14 88
14 42
14 64
14 3
14 49
14 30
14 38
14 20
14 89
14 32
14 5
14 67
14 41
14 29
14 98
14 93
14 39
14 6
14 2
14 97
57 57
57 34
57 25
57 80
57 45
57 16
57 61
57 47
57 1
57 4
57 62
57 79
57 70
57 53
57 84
57 58
57 33
57 69
57 72
57 73
57 22
57 54
57 35
57 59
57 56
57 0
57 10
57 96
57 17
57 60
57 28
57 9
57 7
57 81
57 76
57 95
57 13
57 88
57 42
57 64
57 3
57 49
57 30
57 38
57 20
57 89
57 32
57 5
57 67
57 41
57 29
57 98
57 93
57 39
57 6
57 2
57 97
12 12
12 52
12 34
12 25
12 80
12 45
12 16
12 61
12 47
12 1
12 4
12 62
12 79
12 70
12 53
12 84
12 58
12 33
12 69
12 72
12 73
12 22
12 54
12 35
12 59
12 56
12 0
12 10
12 96
12 17
12 60
12 28
12 9
12 7
12 81
12 76
12 95
12 13
12 88
12 42
12 64
12 3
12 49
12 30
12 38
12 20
12 89
12 32
12 5
12 67
12 41
12 29
12 98
12 93
12 39
12 6
12 2
12 97
52 52
52 34
52 25
52 80
52 45
52 16
52 61
52 47
52 1
52 4
52 62
52 79
52 70
52 53
52 84
52 58
52 33
52 69
52 72
52 73
52 22
52 54
52 35
52 59
52 56
52 0
52 10
52 96
52 17
52 60
52 28
52 9
52 7
52 81
52 76
52 95
52 13
52 88
52 42
52 64
52 3
52 49
52 30
52 38
52 20
52 89
52 32
52 5
52 67
52 41
52 29
52 98
52 93
52 39
52 6
52 2
52 97
34 34
34 80
34 45
34 16
34 61
34 47
34 1
34 4
34 62
34 79
34 70
34 53
34 84
34 58
34 33
34 69
34 72
34 73
34 22
34 54
34 35
34 59
34 56
34 0
34 10
34 96
34 17
34 60
34 28
34 9
34 7
34 81
34 76
34 95
34 13
34 88
34 42
34 64
34 3
34 49
34 30
34 38
34 20
34 89
34 32
34 5
34 67
34 41
34 29
34 98
34 93
34 39
34 6
34 2
34 97
25 25
25 80
25 45
25 16
25 61
25 47
25 1
25 4
25 62
25 79
25 70
25 53
25 84
25 58
25 33
25 69
25 72
25 73
25 22
25 54
25 35
25 59
25 56
25 0
25 10
25 96
25 17
25 60
25 28
25 9
25 7
25 81
25 76
25 95
25 13
25 88
25 42
25 64
25 3
25 49
25 30
25 38
25 20
25 89
25 32
25 5
25 67
25 41
25 29
25 98
25 93
25 39
25 6
25 2
25 97
80 80
80 16
80 61
80 47
80 1
80 4
80 62
80 79
80 70
80 53
80 84
80 58
80 33
80 69
80 72
80 73
80 22
80 54
80 35
80 59
80 56
80 0
80 10
80 96
80 17
80 60
80 28
80 9
80 7
80 81
80 76
80 95
80 13
80 88
80 42
80 64
80 3
80 49
80 30
80 38
80 20
80 89
80 32
80 5
80 67
80 41
80 29
80 98
80 93
80 39
80 6
80 2
80 97
45 45
45 4
45 62
45 79
45 70
45 53
45 84
45 58
45 33
45 69
45 72
45 73
45 22
45 54
45 35
45 59
45 56
45 0
45 10
45 96
45 17
45 60
45 28
45 9
45 7
45 81
45 76
45 95
45 13
45 88
45 42
45 64
45 3
45 49
45 30
45 38
45 20
45 89
45 32
45 5
45 67
45 41
45 29
45 98
45 93
45 39
45 6
45 2
45 97
16 16
16 61
16 47
16 1
16 4
16 62
16 79
16 70
16 53
16 84
16 58
16 33
16 69
16 72
16 73
16 22
16 54
16 35
16 59
16 56
16 0
16 10
16 96
16 17
16 60
16 28
16 9
16 7
16 81
16 76
16 95
16 13
16 88
16 42
16 64
16 3
16 49
16 30
16 38
16 20
16 89
16 32
16 5
16 67
16 41
16 29
16 98
16 93
16 39
16 6
16 2
16 97
61 61
61 47
61 1
61 4
61 62
61 79
61 70
61 53
61 84
61 58
61 33
61 69
61 72
61 73
61 22
61 54
61 35
61 59
61 56
61 0
61 10
61 96
61 17
61 60
61 28
61 9
61 7
61 81
61 76
61 95
61 13
61 88
61 42
61 64
61 3
61 49
61 30
61 38
61 20
61 89
61 32
61 5
61 67
61 41
61 29
61 98
61 93
61 39
61 6
61 2
61 97
47 47
47 1
47 4
47 62
47 79
47 70
47 53
47 84
47 58
47 33
47 69
47 72
47 73
47 22
47 54
47 35
47 59
47 56
47 0
47 10
47 96
47 17
47 60
47 28
47 9
47 7
47 81
47 76
47 95
47 13
47 88
47 42
47 64
47 3
47 49
47 30
47 38
47 20
47 89
47 32
47 5
47 67
47 41
47 29
47 98
47 93
47 39
47 6
47 2
47 97
1 1
1 4
1 62
1 79
1 70
1 53
1 84
1 58
1 33
1 69
1 72
1 73
1 22
1 54
1 35
1 59
1 56
1 0
1 10
1 96
1 17
1 60
1 28
1 9
1 7
1 81
1 76
1 95
1 13
1 88
1 42
1 64
1 3
1 49
1 30
1 38
1 20
1 89
1 32
1 5
1 67
1 41
1 29
1 98
1 93
1 39
1 6
1 2
1 97
4 4
4 79
4 70
4 53
4 84
4 58
4 33
4 69
4 72
4 73
4 22
4 54
4 35
4 59
4 56
4 0
4 10
4 96
4 17
4 60
4 28
4 9
4 7
4 81
4 76
4 95
4 13
4 88
4 42
4 64
4 3
4 49
4 30
4 38
4 20
4 89
4 32
4 5
4 67
4 41
4 29
4 98
4 93
4 39
4 6
4 2
4 97
62 62
62 79
62 70
62 53
62 84
62 58
62 33
62 69
62 72
62 73
62 22
62 54
62 35
62 59
62 56
62 0
62 10
62 96
62 17
62 60
62 28
62 9
62 7
62 81
62 76
62 95
62 13
62 88
62 42
62 64
62 3
62 49
62 30
62 38
62 20
62 89
62 32
62 5
62 67
62 41
62 29
62 98
62 93
62 39
62 6
62 2
62 97
79 70
79 53
79 84
79 58
79 33
79 69
79 72
79 73
79 22
79 54
79 35
79 59
79 56
79 0
79 10
79 96
79 17
79 60
79 28
79 9
79 7
79 81
79 76
79 95
79 13
79 88
79 42
79 64
79 3
79 49
79 30
79 38
79 20
79 89
79 32
79 5
79 67
79 41
79 29
79 98
79 93
79 39
79 6
79 2
79 97
70 70
70 84
70 58
70 33
70 69
70 72
70 73
70 22
70 54
70 35
70 59
70 56
70 0
70 10
70 96
70 17
70 60
70 28
70 9
70 7
70 81
70 76
70 95
70 13
70 88
70 42
70 64
70 3
70 49
70 30
70 38
70 20
70 89
70 32
70 5
70 67
70 41
70 29
70 98
70 93
70 39
70 6
70 2
70 97
53 53
53 58
53 33
53 73
53 22
53 54
53 35
53 56
53 0
53 10
53 96
53 17
53 60
53 28
53 9
53 7
53 81
53 76
53 95
53 13
53 88
53 42
53 64
53 3
53 49
53 30
53 38
53 20
53 89
53 32
53 5
53 67
53 41
53 29
53 98
53 93
53 39
53 6
53 2
53 97
84 84
84 69
84 72
84 73
84 22
84 54
84 35
84 59
84 56
84 0
84 10
84 96
84 17
84 60
84 28
84 9
84 7
84 81
84 76
84 95
84 13
84 88
84 42
84 64
84 3
84 49
84 30
84 38
84 20
84 89
84 32
84 5
84 67
84 41
84 29
84 98
84 93
84 39
84 6
84 2
84 97
58 58
58 33
58 69
58 72
58 73
58 22
58 54
58 35
58 59
58 56
58 0
58 10
58 96
58 17
58 60
58 28
58 9
58 7
58 81
58 76
58 95
58 13
58 88
58 42
58 64
58 3
58 49
58 30
58 38
58 20
58 89
58 32
58 5
58 67
58 41
58 29
58 98
58 93
58 39
58 6
58 2
58 97
33 33
33 69
33 72
33 73
33 22
33 54
33 35
33 59
33 56
33 0
33 10
33 96
33 17
33 60
33 28
33 9
33 7
33 81
33 76
33 95
33 13
33 88
33 42
33 64
33 3
33 49
33 30
33 38
33 20
33 89
33 32
33 5
33 67
33 41
33 29
33 98
33 93
33 39
33 6
33 2
33 97
69 69
69 72
69 73
69 22
69 54
69 35
69 59
69 56
69 0
69 10
69 96
69 17
69 60
69 28
69 9
69 7
69 81
69 76
69 95
69 13
69 88
69 42
69 64
69 3
69 49
69 30
69 38
69 20
69 89
69 32
69 5
69 67
69 41
69 29
69 98
69 93
69 39
69 6
69 2
69 97
72 72
72 22
72 54
72 59
72 56
72 0
72 10
72 96
72 17
72 60
72 28
72 9
72 7
72 81
72 76
72 95
72 13
72 88
72 42
72 64
72 3
72 49
72 30
72 38
72 20
72 89
72 32
72 5
72 67
72 41
72 29
72 98
72 93
72 39
72 6
72 2
72 97
73 73
73 35
73 59
73 56
73 0
73 10
73 96
73 17
73 60
73 28
73 9
73 7
73 81
73 76
73 95
73 13
73 88
73 42
73 64
73 3
73 49
73 30
73 38
73 20
73 89
73 32
73 5
73 67
73 41
73 29
73 98
73 93
73 39
73 6
73 2
73 97
22 22
22 54
22 35
22 59
22 56
22 0
22 10
22 96
22 17
22 60
22 28
22 9
22 7
22 81
22 76
22 95
22 13
22 88
22 42
22 64
22 3
22 49
22 30
22 38
22 20
22 89
22 32
22 5
22 67
22 41
22 29
22 98
22 93
22 39
22 6
22 2
22 97
54 54
54 35
54 59
54 56
54 0
54 10
54 96
54 17
54 60
54 28
54 9
54 7
54 81
54 76
54 95
54 13
54 88
54 42
54 64
54 3
54 49
54 30
54 38
54 20
54 89
54 32
54 5
54 67
54 41
54 29
54 98
54 93
54 39
54 6
54 2
54 97
35 35
35 59
35 56
35 0
35 10
35 96
35 17
35 60
35 28
35 9
35 7
35 81
35 76
35 95
35 13
35 88
35 42
35 64
35 3
35 49
35 30
35 38
35 20
35 89
35 32
35 5
35 67
35 41
35 29
35 98
35 93
35 39
35 6
35 2
35 97
59 59
59 56
59 0
59 10
59 96
59 17
59 60
59 28
59 9
59 7
59 81
59 76
59 95
59 13
59 88
59 42
59 64
59 3
59 49
59 30
59 38
59 20
59 89
59 32
59 5
59 67
59 41
59 29
59 98
59 93
59 39
59 6
59 2
59 97
56 0
56 10
56 96
56 17
56 60
56 28
56 9
56 7
56 81
56 76
56 95
56 13
56 88
56 42
56 64
56 3
56 49
56 30
56 38
56 20
56 89
56 32
56 5
56 67
56 41
56 29
56 98
56 93
56 39
56 6
56 2
56 97
0 0
0 96
0 17
0 60
0 28
0 9
0 7
0 81
0 76
0 95
0 13
0 88
0 42
0 64
0 3
0 49
0 30
0 38
0 20
0 89
0 32
0 5
0 67
0 41
0 29
0 98
0 93
0 39
0 6
0 2
0 97
10 10
10 28
10 9
10 7
10 81
10 76
10 95
10 13
10 88
10 42
10 64
10 3
10 49
10 30
10 38
10 20
10 89
10 32
10 5
10 67
10 41
10 29
10 98
10 93
10 39
10 6
10 2
10 97
96 96
96 17
96 60
96 28
96 9
96 7
96 81
96 76
96 95
96 13
96 88
96 42
96 64
96 3
96 49
96 30
96 38
96 20
96 89
96 32
96 5
96 67
96 41
96 29
96 98
96 93
96 39
96 6
96 2
96 97
17 17
17 60
17 28
17 9
17 7
17 81
17 76
17 95
17 13
17 88
17 42
17 64
17 3
17 49
17 30
17 38
17 20
17 89
17 32
17 5
17 67
17 41
17 29
17 98
17 93
17 39
17 6
17 2
17 97
60 60
60 28
60 9
60 7
60 81
60 76
60 95
60 13
60 88
60 42
60 64
60 3
60 49
60 30
60 38
60 20
60 89
60 32
60 5
60 67
60 41
60 29
60 98
60 93
60 39
60 6
60 2
60 97
28 9
28 7
28 81
28 76
28 95
28 13
28 88
28 42
28 64
28 3
28 49
28 30
28 38
28 20
28 89
28 32
28 5
28 67
28 41
28 29
28 98
28 93
28 39
28 6
28 2
28 97
9 7
9 81
9 76
9 95
9 13
9 88
9 42
9 64
9 3
9 49
9 30
9 38
9 20
9 89
9 32
9 5
9 67
9 41
9 29
9 98
9 93
9 39
9 6
9 2
9 97
7 81
7 76
7 95
7 13
7 88
7 42
7 64
7 3
7 49
7 30
7 38
7 20
7 89
7 32
7 5
7 67
7 41
7 29
7 98
7 93
7 39
7 6
7 2
7 97
81 81
81 95
81 13
81 88
81 42
81 64
81 3
81 49
81 30
81 38
81 20
81 89
81 32
81 5
81 67
81 41
81 29
81 98
81 93
81 39
81 6
81 2
81 97
76 76
76 88
76 42
76 64
76 3
76 49
76 30
76 38
76 20
76 89
76 32
76 5
76 67
76 41
76 29
76 98
76 93
76 39
76 6
76 2
76 97
95 95
95 13
95 88
95 42
95 64
95 3
95 49
95 30
95 38
95 20
95 89
95 32
95 5
95 67
95 41
95 29
95 98
95 93
95 39
95 6
95 2
95 97
13 13
13 42
13 64
13 49
13 30
13 38
13 20
13 89
13 32
13 5
13 67
13 41
13 29
13 98
13 93
13 39
13 6
13 2
13 97
88 88
88 3
88 49
88 30
88 38
88 20
88 89
88 32
88 5
88 67
88 41
88 29
88 98
88 93
88 39
88 6
88 2
88 97
42 42
42 64
42 3
42 49
42 30
42 38
42 20
42 89
42 32
42 5
42 67
42 41
42 29
42 98
42 93
42 39
42 6
42 2
42 97
64 64
64 3
64 30
64 38
64 20
64 89
64 32
64 5
64 67
64 41
64 29
64 98
64 93
64 39
64 6
64 2
64 97
3 3
3 49
3 30
3 38
3 20
3 89
3 32
3 5
3 67
3 41
3 29
3 98
3 93
3 39
3 6
3 2
3 97
49 49
49 30
49 38
49 20
49 89
49 32
49 5
49 67
49 41
49 29
49 98
49 93
49 39
49 6
49 2
49 97
30 38
30 20
30 89
30 32
30 5
30 67
30 41
30 29
30 98
30 93
30 39
30 6
30 2
30 97
38 20
38 89
38 32
38 5
38 67
38 41
38 29
38 98
38 93
38 39
38 6
38 2
38 97
20 20
20 32
20 5
20 67
20 41
20 29
20 98
20 93
20 39
20 6
20 2
20 97
89 89
89 67
89 41
89 29
89 98
89 93
89 39
89 6
89 2
89 97
32 32
32 5
32 67
32 41
32 29
32 98
32 93
32 39
32 6
32 2
32 97
5 5
5 67
5 41
5 29
5 98
5 93
5 39
5 6
5 2
5 97
67 67
67 29
67 98
67 93
67 39
67 6
67 2
67 97
41 41
41 29
41 98
41 93
41 39
41 6
41 2
41 97
29 29
29 93
29 39
29 6
29 2
29 97
98 98
98 39
98 6
98 2
98 97
93 93
93 39
93 6
93 2
93 97
39 39
39 2
39 97
6 6
2 2
2 97
97 97
