740 93369 49677 56 38
98 8118 58032 4 50
765 57035 41501 45 51
714 83899 6043 17 33
819 77561 5237 61 13
815 3075 50544 36 36
180 84851 23876 61 12
11 18903 11642 7 7
922 79665 65418 66 38
548 16749 64798 2 53
98 32101 20898 22 5
301 85027 29614 3 15
811 39808 96535 36 29
959 16440 82782 31 41
56 98624 43445 14 21
837 28400 48624 34 29
707 35840 98056 67 22
201 38996 42167 45 6
430 90178 95177 45 10
499 17017 61019 20 43
976 35812 63302 4 3
9 10311 52465 7 53
9 41617 72590 12 27
416 74884 76452 18 46
549 99635 67345 25 36
0 0 0 0 0
