396 68859 76122 25 45
627 79445 78737 30 4
283 73417 86709 30 4
191 39669 72814 37 22
160 8539 17648 25 14
686 69634 72662 71 39
325 41724 39849 53 12
998 22326 5001 11 53
933 41198 72554 40 14
535 60597 53419 2 2
652 69411 49145 53 40
556 24072 34320 23 50
771 22255 29849 63 19
4 33727 15470 18 24
905 20006 95505 64 7
795 42293 51572 4 24
484 20489 94529 58 39
56 44719 44297 10 43
629 56738 72879 18 15
530 27173 8473 13 29
9 39127 5612 26 23
246 28488 15547 43 45
415 44366 17141 62 33
995 93404 57992 68 47
389 19292 86035 44 16
445 62946 86668 13 18
429 3941 7883 10 2
400 52979 3813 23 44
219 40195 98674 2 30
629 11736 9318 53 45
0 0 0 0 0
