815 546 19583 3 47
400 92755 2652 16 33
905 17722 44600 46 13
397 67270 2423 31 8
848 13174 28795 68 44
31 85055 93741 29 25
776 74763 38378 37 24
526 41893 95821 60 17
309 52529 88955 36 42
141 28790 27584 53 12
382 46561 10116 44 15
340 51634 8694 38 5
118 82895 72526 1 23
64 64192 96631 23 20
124 59278 38503 34 43
857 99552 30097 62 5
730 80879 84201 10 45
848 4436 114 10 33
766 48227 93060 3 8
467 20960 83859 35 12
452 71126 57670 45 35
277 4040 30040 17 7
152 57361 80109 71 19
690 19440 84472 1 40
493 91186 8847 19 20
615 26857 92957 14 42
316 13245 61568 7 50
51 48587 64092 65 17
430 48130 82800 20 28
997 27047 46277 4 32
776 38937 5059 29 51
945 65450 45747 10 12
564 14642 84830 61 21
682 5918 49116 53 45
272 33908 24584 11 19
0 0 0 0 0
