730 49158 9189 67 4
50 55630 20505 33 41
426 3191 26310 21 44
356 52275 66190 5 15
75 11389 58026 18 16
73 47284 52041 27 8
604 46082 99182 23 2
369 92736 72642 64 48
305 26344 63134 17 20
352 91500 29650 28 39
937 72026 86767 51 13
282 3760 3135 17 11
22 80551 34401 61 29
468 3108 16250 60 38
806 97699 46287 38 47
79 37127 67138 59 8
703 32111 80745 57 24
320 3869 7987 50 17
449 76251 20425 2 49
188 89945 57303 71 5
364 88614 28280 37 32
446 23612 58875 12 18
189 88475 24310 35 17
542 39235 78492 32 48
583 46308 3166 18 40
831 5739 65724 45 52
184 53047 2789 14 36
203 60091 18752 20 41
173 71084 71193 56 17
150 96073 96004 43 32
663 18705 91027 19 25
538 1095 95594 34 24
854 22591 61154 11 46
527 63908 60054 21 29
88 56758 35245 20 37
475 11382 34729 22 8
190 71055 21996 64 2
879 33462 2057 17 14
1000 1 3 7 6
0 0 0 0 0
