789 47179 17277 64 32
625 6220 64684 12 7
556 92922 93452 21 37
198 88465 8543 39 46
223 5386 47626 12 42
822 27336 54155 6 5
335 21309 47085 54 4
977 41552 51239 16 25
488 92378 1184 22 52
723 54388 74134 29 37
507 63037 64795 4 47
51 55813 98879 9 18
880 91314 73350 21 21
101 30764 60630 53 3
188 63038 69344 20 10
770 15465 65015 56 11
799 47228 19171 23 20
375 23447 48342 26 28
798 62338 26577 39 19
512 99902 65376 11 43
711 65596 74566 51 43
11 61049 82585 60 33
781 52775 3581 18 50
867 59773 75738 32 45
832 12680 47989 56 2
662 43848 42917 16 18
109 54350 16256 12 13
443 81777 57621 62 40
746 30939 64903 57 10
227 59470 94219 71 51
791 58290 32245 54 51
270 71885 15508 65 35
452 31355 10269 57 49
14 80263 56376 33 50
780 67424 273 16 38
627 69819 2074 18 50
410 70497 97566 48 43
940 19042 25722 41 27
678 36869 27598 11 25
877 45144 62287 23 16
587 57678 95623 23 32
727 41366 37201 10 50
1000 1 3 7 11
1000 2 3 7 11
0 0 0 0 0
