493 73318 12903 5 45
184 59471 87744 13 50
322 67373 97714 47 9
210 42591 80525 19 43
153 19126 47687 49 50
946 48519 35218 31 13
758 70479 26608 5 14
912 93500 89745 54 17
135 90033 30298 23 7
932 54553 55200 40 41
762 1355 22958 67 39
834 4314 1878 23 45
794 65156 99356 52 50
425 34563 52161 24 30
270 81713 36354 69 39
452 94466 11383 59 25
482 94058 54674 49 52
72 28781 29091 34 49
1 38321 38001 7 6
686 35 8423 18 37
24 35165 6159 63 8
567 77378 15266 29 16
70 94115 48402 25 6
590 90529 93800 7 5
259 79137 15860 53 15
905 41303 89211 41 36
590 78980 54684 57 29
235 98818 3164 21 40
325 7075 43364 37 13
381 11155 71705 25 50
987 11565 49340 4 35
975 68429 48610 28 9
248 10656 94997 33 32
27 46829 2552 58 6
887 62462 9577 48 24
299 63959 48051 71 49
750 58781 40067 59 26
222 89326 98698 11 40
434 75028 80438 28 3
371 49459 37330 42 43
604 94004 27640 16 28
699 61354 86451 19 7
957 54438 77365 14 11
86 93838 10259 43 35
732 53128 70348 45 23
840 15261 26866 50 27
111 66409 55261 48 29
133 5988 43317 27 29
1000 1 3 7 7
1000 1 3 13 17
0 0 0 0 0
