530 35929 31012 4 47
811 23312 55423 44 28
660 32173 3349 48 22
156 37733 99337 65 47
950 7972 85239 44 40
683 58391 2830 13 21
857 27285 87771 65 33
158 91522 55116 56 43
982 90597 87678 69 9
507 71560 18190 23 46
173 42492 88264 68 44
342 46591 55857 17 18
327 94315 4466 10 35
379 61529 25362 50 30
354 21387 42590 67 15
514 6203 69940 12 14
877 17833 33293 70 22
855 85214 2294 43 22
879 67128 7206 46 36
172 91639 69402 39 34
808 30505 40013 10 22
18 43462 42349 33 19
143 80539 76555 55 48
483 32429 94873 27 40
15 87006 33695 34 5
698 73000 36907 40 20
796 84170 27935 70 41
370 7855 47890 30 15
43 24894 26556 48 46
43 20738 60057 27 10
112 88778 26702 36 28
459 55028 45230 20 42
220 51305 41977 25 17
268 10763 33818 71 40
866 95766 77617 8 4
131 18065 69092 3 20
422 72696 76939 53 25
147 57225 36826 25 50
613 37115 87855 40 7
341 11798 70039 63 2
473 5996 42486 35 53
338 34133 54914 17 37
504 24324 82354 66 24
182 35588 29794 1 28
587 30759 33164 23 17
975 23018 15862 26 1
588 34191 91584 54 43
380 20169 30774 38 9
479 21064 9850 20 8
546 35976 17724 58 35
813 34814 22033 38 51
326 54719 37656 56 20
64 40405 68128 7 6
1000 1 3 13 11
0 0 0 0 0
