136 74068 65124 9 14
879 73731 25662 40 51
661 45895 8934 33 48
755 1962 90614 70 15
461 43922 53415 41 17
889 98988 25434 69 30
460 91101 45730 65 51
487 11899 30444 19 40
263 50263 89160 17 53
290 11791 24394 5 7
824 82934 961 67 52
30 50031 72306 16 26
743 81520 39644 15 20
260 10140 3125 46 22
318 99485 32934 60 32
560 48570 96296 8 28
331 60597 35345 36 39
739 30324 71476 48 38
44 21969 82141 7 38
884 93661 39222 67 32
534 36755 68543 29 11
711 13237 46351 54 33
291 78409 73791 57 9
330 92201 23957 13 38
948 54422 49731 57 45
984 74952 14463 5 28
400 51319 48264 11 43
489 30960 84285 39 43
926 96620 28216 71 40
805 30773 56619 64 50
677 31188 57409 27 45
778 82776 71044 12 4
361 94152 61449 42 41
458 67851 10993 41 3
661 84822 44478 50 3
376 22142 97798 59 31
806 13309 13883 50 32
608 31528 92119 65 34
590 67706 10039 62 52
521 27442 72059 62 37
105 30846 13363 21 44
909 52879 83502 64 16
652 89063 26163 16 41
691 99431 62387 20 47
753 20039 25171 49 41
320 19640 79959 60 38
757 38487 32421 46 15
229 31457 66930 30 38
123 73436 71009 22 44
594 65278 39404 45 50
190 18909 28485 42 16
19 23841 48481 15 28
271 56056 7301 8 19
547 35592 87990 68 31
992 9803 61928 48 6
674 20738 68781 13 6
878 7395 87619 68 22
980 42917 6754 58 45
95 46054 60183 29 29
382 54125 33186 19 21
382 22981 66591 51 52
597 34452 81941 57 18
769 19641 16702 65 40
995 87661 9247 30 40
960 58318 33206 27 13
1000 2 1 7 6
1000 1 3 19 17
0 0 0 0 0
