785 44920 84422 19 39
287 60281 97302 20 37
937 9860 48366 63 20
747 87344 49300 15 34
404 90429 32003 31 50
971 39022 19219 65 21
197 22533 66343 56 20
654 21704 38702 2 47
82 45054 58110 48 33
87 77686 9212 67 20
567 658 60100 42 11
806 96777 53196 1 41
853 67717 31542 11 42
141 85678 75359 30 42
142 93419 12497 24 40
394 96981 75475 69 25
735 26800 42734 37 5
355 5995 54167 30 18
166 86710 19018 4 50
635 87227 68973 18 44
520 60758 42014 18 5
84 802 44585 1 4
439 24644 87640 47 47
143 63180 76506 62 47
925 23294 63942 4 40
837 7058 9588 58 6
350 7630 38148 30 50
141 45191 33721 31 48
493 38603 51736 39 44
834 59135 92162 20 46
675 26096 21118 46 27
565 70211 77725 3 4
573 17044 44665 53 36
996 34854 35248 9 36
762 84097 45108 16 38
3 6072 34464 62 31
851 87583 72785 35 31
989 1643 55149 46 30
527 21289 13065 52 47
781 41307 12645 66 28
825 41729 42062 14 49
703 34496 64031 10 30
611 41883 89197 31 27
545 22038 86035 8 35
513 24562 8020 21 44
257 84130 71167 20 42
508 79601 54888 51 45
297 95258 79000 1 30
773 83089 31430 57 9
436 57621 74864 52 44
984 97005 64826 28 28
144 14088 92931 40 10
28 66084 25381 36 21
652 70983 90177 71 33
148 88371 76664 19 48
827 82410 91244 45 48
469 35206 60412 5 53
761 43990 85192 50 39
990 30305 27460 51 47
208 57052 81852 53 27
821 96804 51817 27 31
716 70393 1071 36 23
684 92820 16135 56 45
59 96383 1490 27 16
607 44299 56959 35 43
125 56625 73871 14 30
390 43701 93590 40 33
728 28628 34605 43 27
102 48500 4722 69 45
527 24792 49731 39 19
0 0 0 0 0
