957 68981 76092 41 45
751 44044 90365 67 18
620 28445 29690 10 52
928 20710 90676 8 30
819 73794 8236 34 16
819 2905 36841 71 45
645 6726 89773 58 36
588 66343 25211 51 38
693 4340 82135 51 40
238 25850 72261 15 45
208 33484 24177 31 39
523 86060 53715 8 9
777 91172 2748 15 9
716 98899 76377 24 52
854 43438 74571 49 14
876 36105 34155 59 17
970 92539 13413 8 27
588 9664 98434 26 28
996 1746 17070 51 10
884 68112 73340 3 31
99 84681 51321 58 32
429 22834 67396 41 6
749 18866 1938 51 4
401 88864 69410 67 45
733 40927 22491 38 1
38 78694 20436 42 26
626 88583 50053 22 47
777 47037 74760 70 26
663 82314 19354 38 8
257 53543 86734 15 53
876 80298 13847 46 42
8 33180 42054 18 4
272 71001 62070 48 41
785 60000 74212 50 1
132 33024 17639 32 37
523 87501 92332 58 12
351 61860 46356 51 1
509 53955 91569 18 21
63 96415 60015 36 34
489 13991 51143 42 21
433 52177 38369 16 16
73 85771 77141 4 16
539 19987 60592 26 28
192 72836 39022 18 3
959 76389 77623 9 29
84 74970 74918 63 43
197 51296 42588 16 20
70 19945 85592 13 47
205 52618 76781 35 37
580 37002 48474 48 29
162 21415 12976 1 17
680 87959 69082 61 9
778 41752 42197 65 11
397 93663 33519 25 39
809 64577 10513 43 7
502 1656 27250 70 23
368 62159 66618 18 30
530 65510 82425 57 53
133 16539 62965 7 30
762 73961 22668 39 24
191 59347 11578 23 45
494 99084 5752 22 52
592 53919 80150 41 37
602 57999 22012 33 26
175 85543 1419 17 43
925 59306 7965 29 50
305 15498 6467 50 33
722 84113 30953 64 17
77 65408 67456 58 28
557 19987 53811 52 48
861 86301 78 7 28
704 47330 53915 68 34
129 63559 77774 66 47
738 16221 19333 65 46
873 93790 75906 51 39
447 9121 19420 49 7
298 53539 70115 32 2
242 23112 42672 21 38
535 72673 33684 60 17
632 31591 83297 51 37
651 34698 18122 49 31
228 37836 59575 24 40
227 78850 52102 50 42
721 11549 44268 13 5
1000 22 11 7 6
1000 0 499 500 1501
0 0 0 0 0
