70
21200 2507 3848 23223 6053 10840 22903 2912 6402 8825 22962 14618 19418 31 24436 18430 18928 25557 32680 21917 26021 5448 26331 4510 12302 16646 12274 2472 9546 17286 4888 27778 29459 9577 251 2168 3474 11519 32312 2305 1656 10509 21267 14240 23114 22733 25452 17416 10236 5431 17135 22403 1730 8063 22922 30612 28195 14559 11300 31707 25679 26518 7564 6970 26290 3377 15279 21558 16585 
12809 27919 13472 17717 10765 4720 17524 7438 30401 28884 6145 8569 2695 30634 19786 29565 20766 14147 30893 17938 8552 7045 17602 3707 31856 16099 18822 3798 15787 27021 24249 28402 8318 4323 28036 22368 16129 27440 1375 17101 28163 27541 14386 31119 6734 14915 442 27517 2859 31981 15919 23556 11817 894 29732 5239 20507 11527 30126 4263 26464 6395 7368 22964 21351 30878 9974 802 13681 
5307 29737 32303 18073 23445 11491 14180 20242 2849 5019 12907 8881 19314 1379 6176 18091 19829 28104 27370 9375 16862 12794 21836 28375 15458 22317 18103 6603 22311 26686 21155 3814 10873 24218 1502 31885 27838 4700 9763 26462 20140 30133 4078 24757 26553 8081 9871 1653 18131 26999 2685 12293 31570 9393 2542 27800 10795 10926 32676 14002 870 19620 5130 232 11218 26233 5247 32743 28407 
6372 21746 21943 19788 28368 20399 577 15018 29185 30584 15631 8449 29433 28632 7252 31562 2077 8116 11564 7356 2068 21027 24868 30787 880 22912 29949 31790 400 26813 13485 22055 1220 5881 16551 13161 6579 16725 14428 20781 30202 16132 28162 29029 27158 7074 1940 1965 10884 19399 12570 12927 13350 4059 17450 21670 20457 31020 2223 25333 31141 17725 29417 14904 11845 866 693 4459 25895 
14473 10255 23594 14534 30043 20693 12649 662 4740 973 2661 28207 1870 11498 28122 18350 3701 32459 23415 2392 3383 3461 2959 27777 28842 1698 22289 429 30034 10858 23482 5108 3315 27233 12425 23467 22180 20752 15988 17472 23845 5896 4441 18790 3954 2341 13623 12146 10136 9232 29598 6917 29640 2311 1380 19436 13738 12257 3226 32580 3059 31308 27326 15586 6714 3162 18226 5106 25352 
3644 23021 2781 2094 15181 20081 18033 25947 25170 21245 11324 14573 15103 10243 1080 20232 13502 17372 23982 25317 8877 24251 15188 10861 26853 31456 19128 16391 3842 15630 10978 24238 23520 10558 1589 9286 24226 6037 919 20016 2297 30100 21202 9244 16035 10127 22585 1310 32305 7776 15246 19205 1806 30044 24099 30696 8381 11398 31808 25089 26466 21251 32197 20926 16772 13774 14864 17942 25361 
26285 13089 21274 418 12132 3068 20172 7681 17704 15951 16435 1769 20566 21333 17583 30988 7269 9210 24459 90 1050 25664 26577 32385 28154 32225 2146 31408 27909 32310 1605 7841 22945 6999 16704 1238 30421 5252 8869 15395 30647 29124 28271 9324 31016 26315 10893 2224 17342 23841 4222 6726 27138 27009 15646 12647 5852 12416 4800 30445 8267 32367 380 23386 12889 5761 10699 32540 9807 
32049 3409 28688 23077 16862 16889 24644 7228 3000 23367 14849 32592 28128 32234 13577 10920 18123 20881 20765 31375 12008 17664 22978 1288 14978 22627 22341 22206 4839 25058 4349 31802 10954 117 1232 11096 4582 12538 30712 8444 11236 14725 1287 1793 20095 24311 19241 30322 2790 6354 8874 27133 9825 14155 31416 13476 1592 12193 17513 20662 4817 686 3840 6910 22040 29116 14700 20026 22819 
30105 23825 21199 1303 11246 21963 14010 2885 11980 2864 25034 6297 2696 24342 23052 22581 17865 25942 11399 2393 12255 18639 20010 11398 26966 429 2307 3043 23243 16619 18866 8927 3583 13590 24860 10520 7466 3156 3684 17532 11410 22438 25879 9901 8795 13162 25510 6570 4257 22820 19994 16301 1476 32381 8451 2639 14083 9612 12465 11506 14669 16981 18599 3680 15443 22927 24397 32176 31714 
31915 12773 11882 23408 18193 23744 16363 24565 16557 17330 21514 31740 18858 24259 30971 25081 29565 16167 27252 20701 27430 24689 28175 3816 22706 6659 20208 1726 22533 17609 15527 15038 28374 26919 4439 655 9211 2351 17176 18171 7143 23320 1179 12289 24177 2027 22797 31013 10711 17024 7997 24587 30466 19113 22528 24900 4875 12461 11221 14184 29183 27896 29637 20581 7903 8208 18829 11542 27883 
3787 25343 24344 20000 11968 15526 6361 29440 22267 22441 1009 6033 26869 3825 20918 8616 1475 18318 14858 29799 9101 87 23672 7429 5954 1233 14208 15565 26250 18259 10798 21610 30204 9831 13298 21601 26514 8562 26283 5855 15705 16536 16133 9909 5229 13274 22277 30625 3109 28033 9954 29647 11659 15296 18455 671 26383 9621 28342 27817 28796 3824 3327 16639 11050 26647 21809 8113 21110 
27721 3488 3479 4207 13217 27400 13642 19154 7230 25889 14708 15417 20129 14707 31818 11663 24918 4204 86 25543 24535 30896 18042 5581 14509 11440 19762 32445 22232 22142 5401 24660 27249 17888 20143 2468 9358 19619 5465 13835 27238 13617 23465 22629 17334 1894 27872 9857 2147 4000 10161 30930 4448 23573 22088 21095 28882 9322 18315 9501 30066 20353 3488 9748 32051 2962 1455 18015 23334 
11389 3305 9216 21658 17502 1737 1811 31111 10850 6297 16201 23597 25562 15929 30104 27640 9102 7196 17969 30631 21332 12947 14003 6829 23521 22094 23710 6615 7902 4639 18442 29488 22335 22018 1689 9506 21456 5979 21162 28893 16400 18046 17103 7165 28483 15732 3458 30054 24003 3069 13587 8563 23703 17617 12261 29009 6982 12331 24794 18853 1005 1928 29708 23669 7568 7852 29630 14917 26798 
7655 10642 32384 27160 12694 8188 6938 22531 21228 22518 1908 7515 3571 1781 22144 10074 26829 28956 30757 12634 20544 13232 10725 743 11634 5069 23229 21529 2288 9559 1612 19488 24309 24114 19256 20001 2282 27062 16590 2113 24617 20573 20456 30975 32262 18367 4884 24262 15632 16065 498 17858 24468 31241 27614 10228 32611 21685 1487 21377 10965 31052 3967 2896 21262 9972 21453 5587 28544 
22246 2143 11813 31409 22048 20619 2902 11327 10073 26488 29187 5153 16698 13696 1065 31535 31947 21721 17210 11493 18476 18805 30833 3684 29061 28710 30563 9913 7743 26886 28376 31842 17013 278 15320 27662 11429 24357 29449 23717 31148 30708 5176 29832 1265 3479 7221 13338 10464 15902 26852 6527 25498 25973 9105 12708 13290 22153 9604 14975 17020 12204 2773 15000 11081 20027 26498 12744 31574 
9598 21183 18240 13982 31951 15501 6350 31308 22783 16782 3932 3886 5365 28952 23738 103 28056 14728 1693 2660 1264 28377 8935 30225 8327 8053 10536 13388 10006 11082 32101 19866 8541 20769 6169 31256 16979 9771 28538 30133 14975 11229 1533 25759 23206 30718 16924 23547 18854 8959 29527 25305 20898 28810 10361 32615 2143 26205 15132 9316 22254 17753 13423 4824 9356 6358 28471 1027 10438 
20538 6932 12179 10465 5834 1286 538 9336 24000 18735 6078 13671 19613 20955 20275 9960 3008 18365 2278 2044 7480 22395 26235 15629 14295 28782 7802 21713 22663 24739 14405 9329 32225 29221 17486 28395 16892 28030 25734 7093 18051 9595 14617 16547 9995 28720 1368 778 26019 12604 8438 5158 1452 22862 2424 19641 18667 32488 10215 11253 17116 29795 7880 15772 13897 32564 13390 11110 28956 
5229 11469 32163 6770 16007 10610 20257 9968 4190 24370 30800 26458 18813 14848 30116 25953 3996 16451 3387 701 24935 19079 30656 3708 9857 25458 4239 17562 201 25594 20761 27601 17116 8150 7050 1458 12251 13874 6314 17653 26734 23207 11521 15886 10504 10858 18751 1537 15725 25028 6619 13174 19826 1474 23033 30224 26372 22061 19857 14331 26988 7100 9934 32196 13777 9865 23220 30830 18687 
4290 10502 32194 8807 6561 23399 23270 7270 11422 32703 13617 6602 26851 8672 27966 11410 15616 18538 14399 6645 27360 14571 25492 24486 2043 18251 30365 7767 19918 13416 9932 3452 20104 24573 20990 23633 25095 20936 29451 9246 24322 24044 17563 20409 29832 26772 1596 7245 14249 3289 6066 5979 14707 10982 24206 15870 14624 8537 10755 8563 18061 13805 2292 13528 26862 29014 18001 10292 7617 
29293 32676 29880 17408 31885 2535 32325 18331 17725 6297 28206 8485 17679 23313 11070 32205 4040 1041 4861 9105 30656 28574 22575 26030 140 23311 10910 15707 25819 25445 3097 23222 13214 15834 30397 16895 18540 24253 14451 18692 8996 636 10170 2268 25300 19715 5543 6104 26585 29508 8489 8119 24904 8983 20370 9241 18829 7493 3667 3383 5714 13791 519 19152 8099 11989 18100 9063 591 
8387 1357 939 401 26126 635 25143 11247 15408 2716 2939 18275 3920 24333 27130 18617 9238 2212 7863 23096 5053 13185 32233 13700 20074 30727 17398 21699 6076 13605 5791 16127 12708 24538 9848 29643 10615 27640 1180 14890 31553 12840 158 22188 32605 30510 8899 27866 22082 30830 5742 4052 18080 8623 6363 17977 16812 20512 16400 1351 439 18072 11793 26436 30470 14114 1108 8476 30430 
1465 11124 31563 24798 10320 17193 20989 11922 18454 20088 24692 8516 2039 28711 23467 533 5222 19316 8249 10317 24666 23815 30583 14832 13206 24612 14309 23186 28206 5157 17610 15467 9543 30248 12571 18350 32030 17157 2462 19479 25676 21891 2639 28867 5192 13515 17155 22085 31533 26396 28491 7926 29373 23745 1435 20876 26790 1856 16812 18927 23557 28885 11806 11336 21545 26654 29026 3674 13465 
5144 25047 19221 4696 1098 9523 13416 28263 4416 24357 5976 31116 8507 13113 17999 17746 9511 7675 7606 1617 25037 26975 14021 19375 22858 16480 15514 20455 26816 9704 6025 18121 28235 21232 25268 19651 2871 16360 24539 23390 22128 23897 23925 26379 4921 16329 17151 2592 16417 17119 14228 24862 4659 26567 5822 31797 12398 29400 10124 2570 17269 3188 18916 8119 11655 26928 3611 16915 32432 
15669 27331 5173 31041 32487 1220 20275 14975 15556 15791 26415 23448 2702 31822 405 7899 18860 25472 8350 32039 20686 27459 10265 10148 14032 4115 8042 20914 17633 3187 21715 22303 21476 20681 17906 4765 6422 11630 29067 30835 9713 25350 30344 18802 8017 3341 9278 29227 28630 6835 24562 27231 31113 18922 924 10423 2754 22717 6634 32437 6729 24803 7048 28907 3771 4500 4511 24427 5423 
15259 16796 4734 19226 25517 17970 32665 16240 20217 14754 23180 3852 15872 21818 18173 8274 18855 10779 15893 16915 5770 22336 31865 12720 21140 24764 3196 19587 12493 3139 16531 28794 22386 26348 12809 20485 29771 22581 6131 15667 27449 26184 2663 12312 21263 3965 1513 3185 13474 23839 17190 27275 16420 4979 14053 26464 27821 8950 20026 16387 13851 16103 15100 15423 27932 15621 25722 11387 19849 
8858 20586 32481 20214 696 6178 12224 25479 4547 15883 6446 6405 4655 30546 26097 20528 32395 15840 11168 32343 5311 16013 28677 11559 9874 30608 7622 11457 21359 6970 11332 11279 3944 2789 32452 11095 7035 32295 16077 32016 21268 10827 13776 18677 29396 32257 27151 17753 15505 17748 695 6842 7326 18909 14159 9624 13388 17206 20054 2695 28080 11186 28456 20612 31911 19787 19234 30085 28952 
6876 25094 12628 15993 10641 26017 23196 23701 24219 171 8772 25996 9512 1262 6397 21787 16530 17579 13079 19741 3798 6969 16025 850 20297 26863 32656 15456 16774 1604 26279 30743 12459 29237 5624 13049 16069 16359 10274 24826 1160 1934 28060 1412 22852 24205 5193 3262 22292 6879 27980 18958 28505 26037 17693 16349 9062 24928 476 5274 13693 26226 31718 22785 26107 7200 17575 925 4303 
28651 20399 17803 16176 12416 12807 7298 400 20444 27589 17936 9675 4275 28638 30758 7589 8979 24124 727 10611 29765 9232 16221 6936 13812 30314 28765 17715 24720 23303 30572 27287 13557 13161 977 16892 328 32301 7820 25076 11554 17050 14232 10528 20721 23158 6254 30371 23707 3613 24522 18135 4452 14036 27313 2111 21265 23386 20147 15549 5197 31424 18798 15109 25165 31099 18771 9298 21424 
25784 29613 25176 24233 32751 19422 16761 23135 20667 24556 31547 12180 7401 7741 17658 31877 3790 14495 14042 12306 29662 14476 7936 24607 18811 10411 5378 24378 3083 30617 24987 21886 31821 30698 3748 24759 20205 8555 13119 32711 31318 30634 20566 19784 5831 14777 20804 19826 1193 16174 1233 21311 19744 9838 8804 16590 28896 14380 12148 9989 6466 9260 22848 2171 24470 31565 5824 17301 7867 
2758 9947 26607 750 31920 16090 31485 19424 25029 32029 28658 29963 2151 29708 22240 14405 17636 24913 1825 7830 3832 25925 18679 4935 6291 20135 17007 11579 16861 20116 11147 8835 3703 10419 3487 6700 4 13233 4604 20571 31209 15853 9164 16541 4688 10868 26941 19064 29811 23087 22498 1094 14359 13659 26710 12355 21078 26938 11554 2020 930 11784 20704 20842 26375 10545 16289 29624 1712 
16321 32653 31841 6573 27932 31945 19462 20212 29167 19614 23775 18853 28518 11223 22423 12946 17056 15466 27229 766 13408 18011 5688 27813 20741 32734 26266 765 31932 8380 18233 2492 6132 17655 27674 3226 18450 25265 32750 9304 14438 22346 3234 3329 26462 20425 21042 29040 21498 4221 32702 4114 8064 24548 735 7405 30577 6347 24891 1249 23483 10167 20567 30254 5424 30596 32685 21047 28727 
4428 18687 27782 4034 29578 15082 15119 27776 25727 12734 23481 21587 17365 29325 4890 32260 8067 31874 10370 1334 4080 1140 17212 25240 8027 20155 11536 13407 16506 23363 7692 27380 6241 6111 30085 11753 8102 3295 1112 3378 24259 14308 19573 21138 18875 2291 22943 1875 32513 13769 5997 570 28053 22382 18581 4538 9840 1549 873 5736 23842 26371 22434 8623 23482 24886 349 27845 28134 
27560 19811 15325 1883 10828 4781 415 10615 19736 25896 22229 19493 25947 26037 6759 19970 9553 21364 19849 12222 15860 16962 51 7876 20246 6784 25041 4893 7597 17943 19005 1169 1134 11960 20202 31504 21149 29033 14434 32337 3363 27453 27634 10425 17889 866 7587 24958 32068 22113 24173 524 16921 9890 23208 27304 931 13871 23747 19027 18923 28089 26680 7665 18520 29920 191 10922 32383 
8111 29123 30609 23356 21862 10770 2691 5634 21629 32728 27730 12911 30693 28878 14371 25124 24977 12975 14869 14547 11829 10220 24868 26265 5710 3232 2124 27791 8290 28614 23281 32668 18569 19626 22654 3469 16684 22685 15181 6247 12557 22765 18119 23547 4743 5396 16588 29116 6168 14640 6741 26318 14876 15539 2903 30815 20955 8540 9707 27194 26054 7782 9389 11161 2814 3071 30817 15931 22 
8955 22749 5047 25882 25802 23843 21776 13520 16295 24269 18569 25405 17171 11438 18875 17771 30850 20662 2020 9834 13396 27926 32386 11669 29446 29861 23585 31254 5802 17026 19313 6061 6292 21755 21147 12461 855 12206 15573 8519 18672 10478 16949 20490 18752 9833 25026 28587 7360 3335 8657 3586 30576 26645 10895 5206 14352 2978 28378 7386 30611 13865 22357 16759 11473 30065 9147 18380 14460 
21170 30323 20084 27989 2553 15973 24455 26783 20685 29453 3171 20180 28691 22221 30380 16536 13615 13192 27281 7147 32364 17772 28241 23970 26270 18447 27390 14104 21510 22974 21122 11297 28277 10514 26335 19775 16564 8387 1723 25113 2340 1473 8987 6184 32162 15233 17007 2484 1709 8853 13519 12543 13771 17792 23940 7104 31528 18376 13770 29394 24193 19277 27860 10798 16192 16344 18705 27927 24553 
20727 11950 6804 16564 26121 28508 26147 3452 26773 18259 28844 8919 17632 11158 28084 28295 22718 19833 10451 12049 17576 30561 32616 22187 21263 9932 8843 5467 27120 1937 13635 20062 15017 13416 6905 31943 9227 24748 2605 19304 31408 20320 14184 25589 11150 15217 11378 14695 27853 5434 8132 20895 28886 14669 24640 21068 20397 1137 10528 21774 6784 26855 29229 18140 19840 26866 4145 22179 5103 
6806 14766 14127 4730 6303 17360 14415 11210 1253 11169 31540 29526 32719 16252 17947 17019 14614 31940 15148 9166 32203 30165 30369 2225 26524 21563 22570 32036 4435 19235 31632 19934 29855 3598 9369 21661 21783 8141 8749 24250 23676 3497 27830 25088 19518 27362 973 29630 26690 8283 20242 13851 32483 25747 1627 12202 12855 28631 25874 16702 26259 16566 11480 11776 31313 1206 15214 27070 10960 
31045 14294 8582 19133 22770 6837 12916 11665 10461 5628 712 27739 31340 8135 28987 26560 30016 9350 20116 11072 15720 9306 5494 5563 2516 16322 21628 27443 32524 30582 32392 13267 8738 9107 5463 3120 30692 26105 25177 19152 9303 7153 12736 7913 7777 4884 17367 3178 19398 1384 26774 26943 6486 8395 31091 16337 25444 7573 9594 15053 17017 10361 17312 32295 4170 9132 8021 4446 14568 
841 29528 16129 11319 18677 1743 3442 929 25279 8343 13546 12299 29001 17625 14013 17416 14637 28894 31200 11853 17306 18724 4264 30822 29246 28081 3028 23975 2665 26791 32462 20068 31599 27417 6446 13157 25678 19485 31104 1428 7312 32290 7495 3577 17523 28292 4674 25064 8264 862 19693 28537 17177 11168 18507 11833 19598 13665 21219 18463 15889 24182 11528 20162 11057 21315 23646 20680 18756 
4049 22682 25506 8785 22305 30089 30071 28461 13504 11860 31581 23779 15516 13826 20431 16729 32022 28990 21852 817 22360 15707 12700 14574 12777 10389 13416 17240 14718 32666 16202 26401 9236 21577 16691 10696 10811 25017 6764 30142 10933 29053 31951 18888 11327 9766 7223 30628 12719 20234 17205 13807 5183 10564 8197 2374 22569 12796 24000 18604 12148 28137 24018 16683 7949 18963 9647 15550 31257 
31198 21698 28783 10122 30276 13990 5565 26096 610 17817 13120 402 22838 12590 22672 12478 26791 15682 20834 2653 15813 3376 5108 19146 1619 12105 28332 23269 19331 31870 14588 19811 18944 8288 2952 18024 2865 23883 17291 343 9149 24797 21878 26857 15178 15533 13019 30076 16779 22330 18314 17838 29817 26914 20986 9515 7136 23189 6890 30147 7710 5384 20551 11968 21031 7470 1873 26230 13005 
2340 10746 6683 22335 9964 21390 10201 21711 26396 24729 12066 28152 24535 13830 19268 12959 31741 900 23613 30105 10911 1326 20944 15214 8886 2154 11480 1628 3860 14353 10973 9119 13978 29649 20453 24048 29868 14032 17036 14668 5602 20882 11863 7158 27904 31517 8262 2239 13353 32091 4520 20101 3663 191 5427 20730 15598 15147 23124 20134 24058 1554 31428 18480 17942 8154 18012 27865 19206 
7300 298 12361 4711 18830 18372 28046 14493 2328 3548 15202 25614 26695 27413 21932 6286 29927 10773 16458 24345 5716 19932 1806 5576 28058 340 16134 31742 219 9513 11521 20194 13809 28634 13646 2579 24661 21521 30919 8343 26175 8496 17167 16916 16655 4652 11799 66 23788 16030 7911 26784 7083 8727 32667 26214 32498 11700 23211 187 15773 6131 15216 18729 18528 24261 30692 3662 430 
12261 18346 9940 11482 11111 19534 26787 22653 13460 28365 8276 18455 17653 13912 7401 8441 30126 31829 9148 24162 13070 8615 24758 20712 20067 10543 9921 11545 25107 23442 5248 28003 15336 22589 28989 2865 16812 14247 22051 21335 1014 8918 30637 22960 29507 1061 9054 20485 27464 13636 17843 17457 2183 20096 3158 2435 31777 31557 30868 20836 20971 30689 30225 14138 23747 7306 18874 17292 15653 
6563 27900 10854 13817 18747 10547 18687 17327 14807 1894 9881 10638 22129 26673 31913 26953 20416 22530 2616 22740 10938 29577 13961 19061 6232 28777 18172 31518 31385 7732 11314 15098 15049 29590 10866 1094 21763 31696 24907 29794 15605 14440 30331 23336 32739 19231 26640 21628 18414 31780 18893 8228 9367 28807 29135 11227 15487 9456 22641 928 19568 145 12140 7252 6049 5209 29763 11396 11574 
23147 478 1924 9991 2510 25972 11965 17826 21094 31407 3399 3475 5411 4875 4539 18915 27768 11392 6722 6110 6415 31584 26354 24601 9915 19330 1627 24756 23982 31904 28764 11485 21484 7678 17212 17813 13055 27980 22261 12215 1516 15566 6867 11062 9063 1210 28990 28582 2115 9186 32212 4606 13868 5010 6588 30620 27288 4796 25142 31369 16891 3154 5494 8959 6970 15604 12722 6696 20323 
23499 2682 14889 4507 19125 18504 24415 2904 4514 1624 24296 2256 10558 697 18022 18865 22736 5285 18687 18962 11105 23822 32169 6057 16418 25977 21156 1855 31240 8463 23111 24162 21177 1009 21760 17754 21675 9421 7319 5470 138 7343 21682 22279 8667 6425 1182 1284 22240 21589 32332 26384 20411 26634 13978 6433 2261 11790 29396 4834 1153 9083 28539 17252 18397 517 25669 5392 7929 
906 2404 28129 27708 1003 523 32720 1795 29979 20527 32143 28042 22901 13707 1913 19984 14419 9702 25802 11062 16604 11928 23819 8105 3869 30539 17873 1280 18268 16383 6311 488 31656 81 9545 17278 4021 3068 13331 26108 3815 24736 11448 20632 10413 194 5431 2217 18192 20 32011 16396 29580 9463 10402 8902 32286 17215 4369 10218 6814 13366 3078 27070 26703 4067 12286 18713 6069 
2956 18616 24591 8870 8569 28649 2000 19108 26107 7729 30158 20842 11693 18510 13342 8133 26874 23696 31009 20133 22751 13452 8803 18036 242 20245 22211 26790 31396 26216 5077 30610 3523 13991 10884 12416 12867 2185 28412 19459 24381 21583 8135 22665 19256 4346 18485 9008 424 955 8706 8923 29108 9131 14899 6534 23100 26044 23873 24534 14107 1263 3705 3828 5033 6856 3747 31900 26244 
7168 13794 15729 23185 3449 9435 8596 10557 1399 4377 24436 27145 19724 12464 24808 31557 13780 2337 26235 26651 30691 9598 29958 28624 11260 30671 16773 4679 13827 27059 3875 17863 13237 24651 13207 14845 17303 14163 13747 19525 14380 30610 14906 4389 2923 19573 13043 5914 9840 31991 1019 18072 20850 27587 4959 844 24565 25245 30442 29348 27969 11518 13372 2961 15634 17918 18204 21388 5265 
7543 25104 27863 8067 14440 7466 23045 13761 12439 1828 6844 5352 22395 19632 1466 25169 88 27145 1046 2372 13740 6862 4552 18792 24010 31760 10092 2430 4805 5290 28995 16975 12687 14288 30587 5603 25698 30187 7088 26356 11359 4004 4018 1186 11894 7999 10633 15977 18309 27691 14518 29775 11204 7383 16572 30562 5472 15047 15583 20065 18022 15590 20780 12986 25059 3102 3257 22964 24650 
13862 8494 24046 8981 17051 13188 23816 27567 24147 10765 7584 14738 20718 7093 20864 21420 28845 17543 18453 264 2184 9075 9508 13482 25722 9550 28600 12475 30752 282 3423 25830 21378 10632 32149 3073 23089 30651 27009 19696 28818 29519 23519 25286 4985 23450 13630 4142 3577 22065 12395 25098 16763 26286 2861 1369 13326 5041 10034 13406 22782 23845 14154 32511 18344 26565 19667 29291 21644 
478 22900 25599 16548 25942 30991 25451 29429 23277 6128 6160 28771 8899 18763 3501 1481 17947 25061 13371 22601 13918 11025 5909 20449 23907 16862 3932 4159 749 30351 30106 29655 11125 16459 5797 15666 21546 6422 28615 29321 12343 22016 30235 6034 19268 20380 27962 14746 13631 28340 4375 468 7004 28987 5928 16881 29274 31619 19143 12016 5641 18865 18647 15928 521 5485 7850 22756 2004 
990 20514 22878 9726 12245 2327 1839 25788 9288 32249 1301 23460 23299 16311 25942 17587 5018 1759 22613 16532 5794 14854 10595 12319 14624 13162 32215 18209 13378 2518 2657 15451 9549 24774 12955 15053 18903 972 18145 30772 19510 20786 21603 5329 13368 14305 15224 10348 20501 19585 54 8345 10657 14818 2367 21562 23494 4251 16605 28741 23602 14833 19538 8647 3405 4602 19817 8489 11374 
27906 25169 690 28750 3117 22443 28750 27581 17758 16610 12430 2195 25176 27323 7919 12010 31523 23597 31071 27786 20402 22898 9981 12453 25794 7518 23585 28613 26629 15600 16284 17410 8064 26919 30017 23928 26673 790 12708 22264 2038 13883 15137 17150 22186 3341 31776 1251 657 13268 2712 19028 29686 23997 18642 14595 5138 46 880 9372 31536 22615 12461 24827 18959 28426 13542 1180 12936 
3788 20570 12115 29552 24620 6702 10557 19392 8275 11444 28150 10483 9693 26348 30732 5296 10215 26443 24756 9641 31593 9148 10172 30659 15047 17125 14273 28535 2978 6827 31394 19576 30452 30712 4660 20374 1884 5051 2360 30690 8630 22833 4234 6931 19439 24932 7323 23848 22039 18417 30496 19279 6584 15629 6412 7686 17255 30922 24764 26240 23192 29591 30834 11082 31671 2054 261 14382 30836 
25043 21719 9560 21086 24097 30470 22967 17331 16646 743 3238 19062 25674 12208 2764 27075 17260 15476 16960 5472 2278 22613 23025 31636 178 23285 22598 8508 5133 24877 7425 1051 12923 8706 12905 14194 19467 4052 14760 11984 16604 6617 30322 11052 27104 8650 15847 32305 7904 31196 19643 6105 24001 32498 18580 4669 30469 8977 28851 12204 25493 31764 16855 32506 10173 10913 4446 6682 26488 
11611 25518 13039 4078 29785 467 25184 14907 18648 4713 28075 11122 23852 14781 30203 5601 6397 1327 17980 32663 30127 9691 13102 29220 32546 15992 16824 22432 19612 18559 1920 10479 1539 21648 31160 20802 18768 10771 7739 27361 1088 2587 21208 14633 5708 6543 7917 976 20188 13963 17208 14193 7096 15620 31723 28484 31679 32427 10494 19500 2523 29204 20681 15608 13364 23832 12498 7138 29604 
32376 20708 17756 5996 31426 19553 3085 31013 4217 17880 11798 11513 22384 14554 12185 530 3959 7690 15996 26451 16953 5492 874 2118 15461 2848 1051 13910 8716 2534 31446 29247 8779 12419 18228 10690 3625 31981 23590 32157 22210 25060 20281 9146 13990 23242 27929 14759 2684 29108 30548 6982 7403 27585 28513 4550 27066 4011 4833 28369 7221 15003 27940 26631 19667 14146 8687 18092 16919 
2853 21885 16285 14516 11832 21955 1929 30452 24751 26873 30557 12122 4881 25941 21760 30343 5262 30234 5185 20570 31634 12753 9230 6235 31898 26070 7142 18778 9031 15127 23952 26707 8624 6169 32526 5781 10749 25660 4301 3875 1586 4159 5150 4955 25160 2054 13802 2773 31874 29083 8608 23182 12286 23924 115 14150 3467 19444 30915 30502 30394 11315 16856 9894 28472 14338 8150 25774 6234 
20778 23533 18939 2810 17397 3281 24517 898 4848 17258 27039 5190 12270 28620 1694 21015 18000 4713 28093 12052 31364 3461 18816 30660 17100 10987 30424 9826 15681 10719 11079 120 10007 26963 17988 12976 22818 606 20961 24294 28057 26345 30379 20609 29467 22700 26322 19204 20719 19545 1162 9952 16528 3350 18352 12429 105 13361 9905 32216 9181 18703 1704 11647 9354 7526 30406 17659 6351 
14764 15095 8349 13195 28112 27074 10716 28968 23079 8561 18414 5593 1193 6259 16021 24863 20061 3326 28476 6802 23826 22521 12354 23518 19792 10008 11926 15372 16526 8777 3460 16387 7077 79 14542 13390 2437 20140 7423 21535 5671 28869 14844 24980 30147 6721 17372 4922 19522 18610 17913 31440 2294 119 31815 18765 10889 20705 22245 5156 32563 25492 23538 32710 13616 6960 23458 29544 20338 
1329 10897 14855 21139 8980 22103 13482 15885 20156 2140 488 9645 15891 2798 16041 32581 27124 9360 17457 30882 23625 15765 1882 27069 10608 1006 32032 14133 6372 321 10339 14589 16665 22331 13545 31058 6823 5670 17315 24561 20139 25022 19505 7558 17514 22592 14247 27495 12856 28613 6290 29570 13721 15822 9270 29845 13989 23840 20762 30365 6833 26066 16071 9104 2603 11172 19148 6222 19910 
13970 30469 16853 1751 10665 1309 6837 18175 3098 27474 23749 19211 10381 1656 31507 23832 30391 11585 30753 8699 17199 2235 27726 21984 2429 22042 20626 15408 13428 30136 24942 18105 14531 27482 11811 14345 15814 13237 10275 17690 18594 4913 18117 31285 7568 16876 4924 26384 19321 6402 12490 22074 5572 9484 13617 5048 12396 16870 25963 1777 597 9142 10906 9159 25056 28969 21314 30471 32701 
21248 29878 20995 29696 7372 208 22909 8567 29429 25573 31687 25403 4609 16120 4649 14470 6931 4654 12675 25284 2482 27522 28211 10733 14028 28090 5945 15121 3323 17306 11417 21813 20998 21335 5377 14429 10667 17999 22188 2794 13724 14582 22406 10534 30407 10004 26769 4894 21466 26670 8327 27824 26887 20545 18881 17380 1285 18615 26455 4480 30551 30099 5513 10198 5072 15087 18782 993 3927 
13992 13194 13456 6632 600 19093 19554 23003 20868 16442 4403 11369 16407 26126 24150 20332 25871 17762 27875 22630 32119 28265 30290 7365 17301 17054 25929 28517 18020 15968 2227 22359 21829 1503 32018 9185 21489 14652 16406 453 2738 21484 8814 30150 18131 7006 3038 24681 24404 24797 17810 28409 29155 6839 16050 7629 27656 6303 32566 12238 13472 22352 15612 16179 2444 14195 18199 19343 26026 
7107 15211 26894 772 12911 14967 29947 19784 28095 3441 29574 22649 28667 29336 31429 12259 28297 966 20216 4436 20565 27460 5137 26761 2934 23267 14452 7911 1550 31048 31995 4972 32369 14728 15933 20196 16010 20725 25360 18528 7803 16183 5196 19940 6788 7326 8658 25952 38 8886 14541 14817 30344 8988 20280 26889 26137 24721 26785 17597 887 32333 6188 23837 400 31125 25562 26297 12039 
24976 27915 20737 729 16727 578 8446 23616 28747 32297 25664 31191 15531 6101 20504 27647 9318 2122 24839 1666 4141 10562 3701 5495 17613 28970 26278 22886 32444 28782 9963 3756 27633 13302 9237 1056 30713 12529 5935 1270 7752 7633 8813 6628 14029 23702 8799 25988 28873 23120 8042 8186 28640 2015 29561 30166 16241 20478 30704 20028 4131 11904 20450 15426 29632 19672 8835 8089 2887 
18399 23008 14448 23356 722 14797 12949 14915 11162 25375 27613 3565 21585 5916 31175 18898 17921 20272 12892 25824 28847 31970 15449 14578 7320 1541 27280 164 16570 20787 26252 26470 8854 30327 28276 24528 9013 26698 10801 13366 23913 10433 23507 1403 31061 24324 28465 11306 22831 24834 11472 12226 837 1379 5127 18514 27966 20926 8288 7750 3235 22797 32320 15489 20638 24158 29387 26796 26881 
