55
2 18584 21319 20626 24730 14580 30212 3630 12944 11765 13464 24297 27450 4774 11447 3384 138 17732 17272 10854 15597 11157 14425 25993 2674 24954 27011 20148 31023 13768 11600 23150 1249 26964 25867 14691 24018 25677 11511 22618 14592 21967 19858 7271 27515 29108 21018 12130 21775 16558 26705 28823 24099 13971 
28030 23999 3297 759 19636 2096 30103 20480 4694 27216 2653 25462 22747 12623 3577 22042 29391 20246 11775 21817 30234 26746 2109 8832 3205 29622 8021 17938 11642 6936 684 9944 9483 14330 11651 32024 3127 31220 24932 21322 5736 3664 32704 2343 22591 23486 9942 3330 27540 9801 5590 16219 5305 12170 
7239 13490 19711 10012 6310 18841 22140 32592 19024 15629 15627 31265 31394 17670 26771 618 16734 20813 9357 9558 26704 28814 16576 16408 12850 2990 12111 13789 2254 27486 17398 16895 22114 15345 30865 14972 3656 874 23262 22182 10454 15834 1923 19996 5764 5097 22099 25592 28236 24498 7117 12874 23383 29652 
9189 18886 3541 22725 18952 31161 13101 29802 21082 21570 14678 20453 26690 17086 24964 28591 26152 16004 26120 29158 19069 467 14193 26344 32252 17672 5368 6176 20272 23572 1051 12576 18231 18478 27527 32496 15301 4549 21819 14758 17004 32441 7147 3127 26906 30922 1954 20109 22499 14417 7596 9690 16384 1838 
10163 32555 15384 12289 13864 6208 1471 28061 8677 2715 9277 28345 20752 3287 30864 16873 17218 24123 19124 15821 10472 4239 15393 14728 2538 9262 17302 10612 16267 10845 5653 29717 17809 25051 8494 4939 9893 442 31361 21963 2044 9836 26751 21711 6199 5409 26736 29197 25992 18769 21946 29158 24343 148 
5728 1505 1444 14522 28873 23383 3949 21528 28355 624 850 22560 29127 16718 3895 31285 23679 10119 7594 28349 30085 30169 28357 11895 26478 11801 14422 9742 519 24429 4414 1007 8414 699 11287 6232 23300 31585 9498 31666 24594 4135 26431 28449 9834 28785 27813 11097 20159 6586 24117 4531 24792 12605 
22147 29568 17808 9717 19444 25501 8738 11976 26150 17992 30883 30976 17036 4913 12752 6906 27737 32212 29706 7970 2976 30727 27551 15135 4025 17103 26699 1866 22758 376 29695 19045 9526 741 18144 11658 17578 13604 15507 27745 22679 30533 11960 21910 8779 15725 22708 12170 9459 15142 10420 21833 7869 2041 
8687 8125 7481 29247 13355 28449 12549 29748 11394 26807 1193 32589 9062 15550 23232 4556 3043 2207 14169 19089 18468 10599 14492 28467 26425 4729 25265 6223 28695 31877 25309 30752 24032 180 3566 28496 12645 29733 7642 25614 15338 6045 29347 3937 1833 28538 23165 13500 32409 22505 9523 30674 15855 10585 
1735 17579 10469 304 3417 32248 12347 700 11849 26020 26620 9324 11936 29611 21251 23872 27308 3887 1981 18046 16619 24009 4657 1447 9259 7453 14141 4777 6382 15025 32034 11862 8723 7679 7491 7445 24755 22728 17193 31191 27466 12716 15563 13645 8215 15608 12 5465 30405 30655 10630 18626 5450 6444 
22662 25387 11280 3606 3159 21830 23890 21205 26308 13637 13258 8020 30680 27537 27785 6504 30440 6079 6182 352 3284 16832 22298 3294 5001 11095 13675 25573 28362 21968 27016 29746 25137 4080 31348 3792 2160 8232 4391 999 20445 24333 31026 12501 8238 22029 5281 13439 3456 13914 18213 15849 15519 15403 
7283 10501 23681 21028 11751 24009 22803 2322 2925 9604 11065 14300 11169 27250 27151 22455 10037 5518 374 28824 17299 32423 12748 10735 4292 8886 15610 21394 7825 5231 25780 31479 3304 23318 7676 24743 31617 13204 7656 25071 7360 26570 9126 10969 28638 12325 9149 17499 26180 21363 14485 21197 30775 30965 
31802 6304 27834 24757 12125 4430 22704 30233 20892 14477 6466 28857 3843 20936 19840 30574 9938 17359 4939 31147 12160 23758 2930 13073 23553 4732 26907 3389 9797 4756 4197 21477 769 14217 2123 28451 689 13686 17356 6160 990 4947 1608 15253 23196 17519 26414 32638 4440 30234 14548 7632 9936 26018 
22182 2653 28003 21122 7811 5781 28555 24789 6500 1951 32168 17 5951 21161 18687 10737 16939 29564 12290 3507 27844 4435 8146 31620 8145 26093 12034 9273 11044 6881 21918 319 15810 4402 26219 30933 18756 18211 11633 4728 13437 20556 22455 20383 8541 5102 2126 31913 18965 17796 16016 3604 14716 19354 
29098 24047 25266 2274 1368 23954 23555 15237 31728 3980 16654 26295 2466 24029 38 31374 27902 8294 5880 11796 12470 26525 622 16283 15014 24453 26068 3920 19473 24286 11578 18451 22318 30360 12057 2694 19939 5518 4409 20068 19920 5233 29905 28181 19855 15874 11761 4223 12090 10117 2589 25886 23598 28018 
27194 26199 19983 10349 13231 5641 10509 11896 23748 26726 19301 29800 6221 20737 30250 9109 25741 9767 29509 14294 341 20083 23739 14765 4460 27805 26926 26814 27443 32147 24999 27270 23689 7371 9362 20809 26093 25303 23050 3916 12514 4666 15703 10821 17816 1658 8117 17168 17352 6518 2135 17827 8928 29434 
5548 21828 15712 30353 993 18682 11140 17306 31911 19521 12579 31646 5174 30721 17111 17121 6034 30657 26206 12087 4109 3864 29248 6425 8205 4965 28850 760 7439 11712 10683 2769 2796 31025 6293 6658 23643 20767 20566 18268 7352 25611 5072 8057 26372 24190 9397 18256 20012 16959 3583 11526 6798 15818 
28046 15112 185 6142 275 16726 13684 1046 31278 2338 771 29146 24019 18073 17317 11798 29426 23809 25953 26444 1111 10500 23298 27302 31183 17739 7777 11566 3212 32079 10210 30017 6858 25196 32577 14401 24243 14136 18831 139 3200 9490 30839 28585 7138 28670 32454 12488 16544 7344 11819 28524 22145 15590 
8762 9826 17516 22011 23735 23287 6862 5561 30482 6247 28988 18800 3374 16280 18266 19268 17766 32520 27899 22987 6610 1796 13705 3544 18118 19996 31400 25233 668 31187 12822 968 25268 16283 6869 22152 4536 20992 17805 28653 15141 11811 31788 28217 20487 23914 19663 26661 2308 32630 15333 26229 18843 12373 
24977 7119 18606 7929 30289 20173 8766 26601 4830 10833 13943 2103 10067 26649 31212 31922 28048 2451 6947 24924 23265 4850 8532 9503 21723 31873 26734 9659 11655 20023 7771 18435 10947 6540 9605 24649 7396 17804 153 32535 18592 24874 11147 30240 10284 28630 1498 10613 18337 25682 12821 252 16548 15809 
3742 3615 6470 31489 11182 14785 2601 22586 25241 3702 28645 2743 29267 29427 27561 28405 17715 26819 30502 23802 17400 9020 28584 5864 23050 2738 23686 1490 3842 32746 29885 14542 22891 29649 10200 23116 3786 10094 11795 4006 5341 10262 25535 30456 14369 23519 29672 14129 19350 12887 5686 22122 30150 19829 
25617 19063 20228 14031 2312 30652 13554 29966 21108 4674 30534 5535 25176 5387 16845 32428 2444 17314 26544 7499 3355 27125 29686 17397 23273 20071 9034 19769 29081 2594 11006 22193 32685 15274 29009 10294 32239 18360 6893 6992 18704 7237 4532 5872 32400 10725 26812 29538 8413 1878 16792 23165 18111 29529 
5850 30749 23027 10432 4053 3795 10519 14537 16808 17626 20678 24490 376 15693 16387 1901 11260 20888 23515 27902 1599 32557 1606 7043 7073 23928 3151 12779 15647 12308 16244 9930 1493 26943 15952 32356 2241 12427 12407 9991 3018 16855 31138 28575 29697 14462 10252 19588 18214 6862 8731 24214 26222 14780 
22339 28812 26243 14549 30760 24201 10445 21112 31234 7152 6640 11331 26950 19322 14742 20427 20355 7558 20334 7056 12425 26800 29045 16432 25297 12452 16244 7642 18201 3893 30665 5638 9039 13225 18795 9571 9392 27735 1833 23057 19761 28277 8242 31249 20510 20523 474 28154 8705 26859 18075 17389 16325 3077 
22106 24266 28955 20854 23532 9636 2589 24833 13273 18291 28721 29570 14432 26377 26161 32382 3771 17224 25545 15870 22948 12177 31776 4254 29975 28799 6074 23009 8026 20694 1437 24263 13115 694 10162 20642 22425 8469 15983 31269 18469 25964 6067 17086 7018 26031 9457 31782 10763 28291 15505 11830 31564 19884 
2707 21756 23252 8388 29814 17678 31666 31795 29784 10782 19613 32347 12126 21455 24960 8979 19286 17607 5686 27479 18331 14341 20113 11581 23865 4213 30626 8235 10834 26306 11828 31048 11457 10604 11930 11312 20476 794 29099 9196 4671 31537 6922 2081 1255 1189 7339 25223 11292 28432 13202 14493 434 28161 
8670 28060 8017 10902 18951 169 21460 4941 3940 31566 10224 24087 8176 9259 5654 28846 2893 18921 31130 9001 19209 14960 30996 4302 8225 14938 28679 27431 27075 4263 7104 856 22872 31410 3969 32175 10178 7267 13279 25469 12258 16551 21865 1828 4702 32285 1674 28274 18081 5139 22705 14125 15651 5040 
12462 10735 30442 10610 14944 28468 13905 6876 16269 6834 11528 19560 26129 233 19292 25539 6459 2810 5304 23097 8820 31932 7532 4974 13601 24845 5550 19536 29131 4198 1502 30281 9341 1459 8207 21177 17006 30049 19138 25251 27360 23224 18676 32423 28488 28523 9052 11056 9903 16749 14062 31982 4184 23303 
3235 8583 2467 12584 24188 24713 6961 19452 28101 10404 8521 23999 3735 32022 21371 15316 3232 22374 28547 28177 19750 20821 2928 18526 21066 11026 21253 17022 906 429 13407 556 24458 18894 16344 19306 31508 25255 16172 19222 29021 21799 18394 28606 10634 4976 19661 17589 5490 19596 29500 870 19878 10331 
11983 20201 11951 32720 26883 19924 23446 25949 14287 5716 18858 4524 26504 8316 14717 2192 23554 13020 16688 2619 3320 32086 19440 9393 8621 22061 12993 31101 28628 19807 21114 2978 25005 2613 17169 10708 1906 10008 5145 18664 22513 32678 12937 25226 25722 9477 23487 11310 1019 27767 16837 14921 14698 19503 
17618 25536 22883 31332 26132 31136 13075 675 22444 10001 16468 17769 19963 3461 8473 5617 30236 28981 26125 27211 13745 2510 28279 20910 6115 19303 23905 9487 2980 15287 27129 9714 22327 10117 3895 32641 25843 19551 24256 24027 19780 19087 31499 4014 16882 29515 31938 26120 16038 18220 18283 18026 8874 14562 
4423 8991 6128 2085 8826 19915 27478 18670 3949 22599 14888 27368 29297 30636 6374 21793 26789 7598 5960 27142 22041 15404 17792 1934 13619 26372 7871 22453 30034 18476 31994 1324 11442 6655 31214 10319 8592 7124 24930 87 28302 13525 6316 19665 18008 14607 8054 23375 6792 1221 3522 7517 10695 25098 
13100 23222 14645 27791 15215 21432 32012 26553 31787 26646 29824 15094 20454 5581 15593 2130 8784 25689 8227 4421 4555 4136 25141 24015 18986 2639 4658 22983 31929 8316 25181 23665 6526 24875 19344 20046 11711 4125 32735 24888 3013 16134 28792 3758 8159 24199 27341 20588 5801 23387 4342 18238 14477 7125 
12624 17431 7819 29066 16747 26461 9270 21323 35 19080 15103 29526 780 26603 694 1484 13076 13521 19278 19302 31843 8652 25569 13412 13702 30026 23283 12231 461 13417 5115 31424 13041 3597 22048 1128 28154 31791 14400 14769 5984 3960 3638 19869 19057 6414 15197 20910 24562 9902 3664 12957 18441 1275 
2548 27983 15195 15381 16313 4100 1905 14958 7964 23506 31328 8665 24177 6738 12713 27364 24799 31641 20574 21096 15788 4201 24710 17758 19642 13481 25539 16116 23634 32275 22322 19681 29729 813 11923 11765 18816 3706 2730 16116 18681 4593 12004 10660 22790 28334 31294 2597 14875 25832 26467 32385 10215 16419 
22548 21636 8152 5030 12237 18894 28893 6960 422 4646 30831 5095 21879 6161 12498 8593 18495 11171 29848 5126 3015 5014 7016 8421 2434 13465 21501 25991 11448 17130 24433 17713 6115 12839 4540 30606 18778 22370 15224 23388 29484 29043 24807 24933 2639 2962 25142 9137 20730 28197 30979 31994 24655 4566 
12062 13408 30013 18665 12940 4446 1189 4812 10962 27645 23227 19952 29552 3399 18864 15320 24491 29695 11150 2928 27535 20879 15203 23967 32309 21314 2465 30751 8514 2995 4037 6797 20912 4230 10039 10684 19921 8277 26481 9551 1168 25837 12132 7047 2555 9659 24087 3929 13566 32385 32402 1220 19057 28237 
27386 10081 22870 21164 11005 16188 11355 8987 4465 26594 29863 190 23863 15803 4562 28245 24934 30106 6965 17515 30885 4755 3685 13776 18393 11789 18170 30794 5121 1559 9109 25992 12125 17920 31777 10327 16854 15649 19800 18969 28826 30718 15753 13426 10503 28558 24217 31556 4810 17110 20809 734 27976 11965 
11702 22128 23613 14363 21798 17090 26530 15379 4353 2342 13013 23203 8990 16044 12020 28537 11072 11156 19593 3336 1505 16137 28781 11740 2094 27404 12262 4138 15698 31918 6163 28588 2295 17538 1162 4523 21258 9042 18751 22366 8383 20241 13224 19058 16086 25617 10014 22506 24860 5750 22663 11561 23348 6123 
27954 27469 22167 1427 258 9407 10714 29250 22479 22792 13616 24814 15881 25319 26671 17248 23710 3232 21719 20783 1054 16022 29648 19183 13086 31772 32243 32166 23514 8841 32524 6783 11550 7818 1502 14019 25190 3005 5480 2052 24388 29307 15207 12444 6658 6133 28700 12374 6536 5250 9039 19818 2689 9271 
6804 2479 12218 26041 1229 30732 12746 31567 26352 1583 4600 16955 17931 3714 17497 5195 12933 18011 13625 18347 6310 23668 15804 24829 31321 23450 19397 11179 30257 9641 16663 11388 16299 6839 19899 8806 27827 16528 18849 2468 15465 32355 20874 21768 15140 16570 11044 20881 26551 6575 13431 26688 15860 12637 
25217 12840 19055 6806 4893 4805 11141 24532 13866 19598 9116 23665 4584 17357 8363 13850 9893 25519 23806 2689 30106 22935 32051 9554 12048 6840 20361 21097 3015 26595 4186 8258 21911 17309 22501 9904 25432 3701 5457 9682 3072 15765 15087 4419 21771 24470 32704 23442 24608 25497 23095 5618 23537 22163 
6207 14386 31843 2792 14464 9455 15855 24124 26846 15880 30791 4485 20035 7506 1085 26469 31135 17805 30945 31928 11821 24471 17386 3945 23799 22496 8536 10121 31132 28702 13911 22178 3153 6466 21349 328 9510 10666 8631 26354 5259 17304 16345 23560 3346 32739 4502 27197 4726 12524 18199 19231 23005 20948 
24399 28908 32602 30188 10646 4520 13494 19565 2707 26732 19824 3178 2144 8449 19458 23810 25065 8622 21606 3546 13717 10061 10201 13259 31529 26532 3551 32215 21737 11763 20103 22114 31744 9674 8688 9374 19489 18461 14604 16968 12911 7834 17316 31122 922 20794 6044 8032 32075 12823 23929 7606 30403 15229 
26144 625 1215 13379 3552 26166 5278 28252 20659 16297 17093 21417 29633 30431 28739 13585 26662 19733 23473 4052 19189 27810 16732 15644 9853 13610 18087 16342 22731 6165 13482 9407 17264 6463 17951 10434 10372 18417 3199 6529 22762 17425 12392 9266 6102 9109 4418 1708 22413 19517 2082 22209 13164 5506 
20974 21455 19244 18122 25795 30354 25444 17885 13459 13116 28495 2460 11027 8648 26576 9457 22228 139 5043 32258 5551 17676 9526 1450 15975 12053 20680 809 3466 4618 16656 18458 22936 18554 3121 24742 21095 1524 3661 5112 20422 31516 19784 18672 29537 32765 18894 8988 8677 14497 24983 27620 5988 26591 
9961 7172 6906 25717 20831 6464 5553 25687 11242 31826 4258 4678 9237 29480 24157 8611 24205 4940 29579 21638 29920 12452 13010 10251 16517 3163 12281 6892 22301 28703 11853 16981 7160 2445 24131 8435 2779 6633 7774 29775 8192 19987 17235 27738 351 21174 11116 328 19756 30915 8490 23458 12705 32286 
20782 663 12797 20119 22361 17556 15565 20763 10035 3604 30570 5419 21385 8888 25283 29838 31067 27802 15708 32067 20981 21983 18071 14266 12379 24715 18227 7492 28138 28825 786 21191 2621 31820 30783 31670 590 5824 3887 14656 8925 2244 8263 10696 23062 27628 29343 31894 19566 31713 6150 28108 12494 4604 
19014 16027 14323 32531 11689 32182 789 14227 7355 13319 28102 1487 24914 18850 12062 13976 32460 14071 5653 29710 29080 22091 25904 17077 2040 26985 4448 21708 14340 10132 26663 10202 5875 26561 24828 8329 21910 15107 7665 6327 26149 2887 24467 5067 12094 4673 28689 3397 28715 15526 18849 5530 14948 19868 
31776 12606 9300 22127 5624 11778 6496 22149 5191 25248 27430 6036 7742 3220 2050 6674 4039 16430 31447 9709 5994 7910 6156 21373 27505 18415 31700 8375 23114 14095 15795 26275 14894 1453 32062 17168 31744 16940 11298 19078 25976 20855 14695 5756 13952 3805 502 971 15838 7712 10841 13667 8468 9160 
17859 12092 23428 22461 28240 7568 14552 9749 12941 7240 20129 21035 31803 4788 14654 20465 21584 30590 8192 18311 10303 4321 17548 30476 29817 1302 8576 26292 30772 20239 23641 8986 22123 27496 3732 29144 18470 20891 10771 13398 17403 3443 31939 27871 16085 3267 6012 6650 27124 30039 7208 23543 4661 5931 
14120 6344 1172 20187 18419 4626 7151 27739 32000 8580 23565 29160 26343 3944 15838 16190 18115 14199 4356 32012 7130 28658 5779 23717 13440 26350 14613 32760 17976 27120 1490 7618 20765 19385 19278 13826 21120 23651 274 27310 2771 10157 23727 20644 23237 28052 14337 19683 31663 2339 11441 20987 5935 14731 
2301 4546 530 374 444 30537 7800 4249 17820 32014 10546 27528 21935 13171 30319 17871 18214 2927 24984 16958 21084 14724 29816 3460 21270 17649 2464 1792 7689 5928 28170 27603 20380 8066 17916 14394 30704 24370 14639 13083 18461 29048 10801 22493 9407 25623 32008 4733 16818 29704 12568 478 11033 624 
21063 13409 24485 21968 1374 4790 24596 31611 13234 27890 22519 23886 6661 24033 17337 24475 16039 30877 14301 7014 4832 29791 11655 2260 17299 19094 30782 11744 32027 31542 18672 9552 9849 27475 25142 4583 22449 4590 25050 20957 3953 26383 17303 1676 27636 18708 287 17516 27430 19528 29539 32577 30217 10423 
22798 1683 15191 14913 9810 9823 7529 18158 488 16396 14167 32641 4946 28576 15713 28240 1636 4404 15501 18514 26626 15014 32146 21626 16427 32141 3829 23875 3383 1394 14962 24717 1116 26173 27037 29095 15223 12013 15817 429 8201 5260 24361 532 24448 18786 18229 5507 9401 21610 2639 17124 20162 32002 
25767 24252 1252 7910 3676 7863 19425 31327 6884 2952 122 21688 26541 17647 23348 31986 24068 19483 24924 2233 3127 18483 26441 23958 23030 31024 2017 23141 23551 19693 13663 13578 2811 19073 18259 24672 24994 18380 10729 3698 9766 7504 4719 8942 25295 19522 23826 10710 20962 19169 30696 9849 16584 27399 
