65
20130 11884 3838 28389 1551 10469 8340 3423 11812 11861 32370 29566 7649 5393 21417 21976 22034 16130 3470 29507 17861 7243 25544 19608 13057 16683 9895 2486 7093 4901 18360 12233 8943 20831 20630 3276 24142 31817 15362 31820 6074 24702 25910 26991 22354 18671 375 12854 18854 7230 22506 20479 22055 26984 11176 26958 31196 10151 3092 12492 14934 11671 32621 13712 
17637 9111 15263 2206 3596 30066 24927 23469 1331 1855 28022 32046 12444 12677 21597 21897 17816 18595 31755 18858 4347 13167 2059 9916 17357 21790 11217 31540 30786 20068 30542 274 748 23003 20930 32099 25648 18345 5842 14603 28151 23646 2522 30401 29093 5915 4996 2651 2639 8953 32154 30028 22313 30632 8472 11371 14909 27991 14982 27382 28515 18388 22660 14038 
3949 31989 6311 31268 21410 14902 9859 21997 11630 28067 12553 4658 1623 22009 18964 20275 15411 24072 25662 23534 11672 18267 25336 21986 27285 26651 28890 30232 23967 49 4151 12132 206 27051 6645 489 29514 10337 7835 10203 768 7384 23980 32649 32409 24166 18228 22170 25516 151 15264 31382 15666 18384 32210 12969 17979 4402 2933 1700 9440 29121 20366 30533 
20857 20678 25428 3000 32272 370 20802 22621 4629 8131 3690 25292 3666 13484 7692 1815 27938 25968 4967 16975 21214 12879 26063 1609 8857 2148 19200 31393 19213 10958 2994 20224 24532 14094 1646 667 21212 18608 21663 17660 25109 46 17900 21509 3436 28945 9669 31538 10493 15193 32572 6174 24452 21535 21271 18505 14613 16761 29731 9240 31246 19870 32203 11037 
28233 30026 6376 17817 29846 5476 731 32575 24168 7135 2778 24379 30670 16350 31111 371 19365 1307 5831 21773 30733 3721 16849 9265 10009 1080 20357 18704 32715 4217 8960 13349 9023 14404 13421 10170 2598 4822 31261 19631 22134 9374 26587 1143 28000 24922 30841 7267 28035 6526 30127 17955 21855 22229 29222 31114 28172 27754 10703 9105 20011 15785 15481 18079 
2334 194 30371 28679 24180 78 7310 9938 32167 8245 27543 14272 12810 10703 17860 649 2813 9033 15261 11368 21603 13899 26685 23514 29526 27095 21416 24996 31513 13173 20319 29459 3661 9101 306 22919 24680 12564 4182 15155 27492 26730 10423 24862 11700 387 18575 7789 1148 8518 3128 15589 30209 18994 27711 4780 95 16455 8633 9551 16506 25636 9434 32265 
1334 18797 31171 4931 8939 3183 16284 27479 6931 11015 13795 23705 27718 25791 11267 3736 7785 26171 3881 8353 24354 17364 2643 6533 17038 1922 27818 1180 31799 22015 18961 24586 9280 28457 2558 16449 23779 3497 22664 19656 27678 27090 11714 31290 7592 25547 24392 9617 298 6385 28695 29860 22700 26743 4770 8175 19277 11087 4386 2451 12344 9038 4141 17821 
1491 25995 24458 30603 26938 17416 19780 10509 8683 31380 12029 32264 5571 8943 5509 27104 14633 13360 24235 18935 20361 4452 6483 2417 4100 27512 28617 12859 613 31321 3157 3915 10327 20825 11280 17449 18134 21205 21493 32174 25572 1812 23611 8203 19581 23155 17891 5646 14028 1727 3725 9633 21663 11235 30351 28052 27161 23491 27976 28828 15526 7527 6066 20891 
28212 11100 9527 9505 6305 29015 26310 31795 15727 3356 23589 3148 23999 22174 11145 6306 20093 13160 14180 170 7384 14651 18046 6110 5877 25593 29255 10942 19684 25281 20332 21781 7635 16476 1192 3453 9601 27352 17373 2597 7670 24178 22883 25298 2418 30650 17823 5156 14499 12529 5336 18459 282 20150 26951 2009 14336 16354 27501 15018 17669 13488 5290 5697 
24986 12577 2058 25669 22624 7838 28002 16652 22752 8415 668 14246 13180 12813 22351 24349 4517 18979 26259 23803 32335 5530 787 28941 21154 32581 18787 28263 23283 4474 3220 17832 18418 29298 28934 1151 16421 32754 10622 28270 9621 20011 2680 4814 25543 3552 26559 1044 23021 7622 28730 5202 13662 19248 31753 15105 20548 1515 209 2045 26772 2919 8275 18385 
17220 19736 1348 15669 4024 5660 600 5077 8061 13342 10145 28756 17977 10106 16919 16785 30178 7842 31096 14121 27439 16576 82 317 32332 2973 2653 15733 27602 18625 32015 13636 10742 24028 3691 20846 7681 31844 17946 26312 17920 29824 5308 16447 10940 12069 30080 2588 11756 4990 19954 647 2218 23442 21 4937 3620 7201 25266 14550 1684 974 5103 23178 
13938 5508 23075 30771 26087 25106 1769 20688 31878 1304 4212 26264 1335 26919 21794 1086 11891 5924 15699 10100 6839 5357 12155 29870 5426 5951 2678 6184 32449 2776 6684 14378 1822 14552 14870 23691 1621 2669 6896 28532 2679 12207 23918 15206 28049 11721 30756 2686 2015 6234 6977 19192 21054 31259 1708 23795 3296 12481 1618 28019 15939 16421 2238 684 
7780 24738 1002 7550 16944 19646 7252 5180 6971 4621 16981 2737 8116 26963 14766 11109 11929 23017 16228 1564 1063 11362 16847 14240 21141 28781 24301 16064 21249 6653 7420 8857 25259 31144 4423 19988 97 5197 26944 17584 15930 7674 2511 5250 31623 7181 14570 10618 31495 29337 1382 26087 10586 24843 24844 9277 10168 12813 8432 1558 28387 8874 22526 13432 
7770 17587 16342 30038 19408 24674 9178 14937 26332 6462 644 3296 1266 23102 22782 31557 10642 19761 19692 27490 24255 24925 10380 30291 12723 9575 23810 12670 26577 30835 32493 2257 32731 22155 28990 3659 21349 17477 12874 25278 27786 7584 32542 7123 25565 19504 16658 19278 23202 10363 31137 2963 25919 2722 8311 13673 31213 20036 10188 8959 14259 19871 6897 9261 
6549 6136 2856 2043 27145 26429 16057 24423 2730 6378 22082 23907 25648 11817 23631 30750 4768 5949 29482 12164 8640 20000 5365 7432 28110 1131 6645 12449 31857 26743 31025 16146 25072 17858 30524 17775 1698 1172 14159 1501 24742 19682 25242 24985 30163 20594 23004 5180 14834 64 9522 13373 7467 12577 5676 7351 24254 29606 20518 9324 30708 9027 10966 17931 
13140 28848 8993 7598 17433 27536 20019 24487 29156 20305 718 11388 11439 5971 11490 26160 7426 7756 32607 27332 1129 19691 30791 22526 549 7099 27399 15465 4130 27723 1287 22941 19497 32140 128 23488 24919 32634 31118 10829 9678 2558 6534 13844 16554 31507 3209 26755 27703 41 30041 6179 10337 20166 21356 9829 29035 20595 3903 10911 20196 17878 8429 20050 
20183 9500 1280 16046 16707 14234 29575 22360 18378 15027 3433 27242 3501 2044 29688 18876 15352 2206 32457 30050 32250 30716 964 4981 10744 14742 25975 5399 25123 17965 23471 11441 16838 29737 10826 31103 27332 7991 14919 3151 1858 29494 18719 10629 5025 24148 8792 27747 1199 28276 5975 12167 7710 7636 10614 24245 3381 21228 6742 5591 7109 6041 22135 12610 
3935 19322 28165 13115 2244 21914 4085 8890 30621 6480 15185 18286 30316 12900 6864 26368 8899 15475 16042 26524 17844 10645 10410 31662 24712 27708 24197 15081 29107 30816 30314 19598 1544 24537 20954 1771 27178 3596 31418 10274 4163 26313 22183 3115 32248 19572 9353 1052 22172 20835 30827 12968 21923 6280 10634 4582 19802 10576 26283 1620 32214 15050 25778 8988 
22570 14860 23409 918 478 4051 17598 24077 11420 26985 4552 13254 5675 2252 19115 16958 17570 24588 19521 6580 21205 31733 6203 31975 24852 494 27505 28193 32277 17697 3703 3444 7214 14044 5233 11332 26311 13879 31784 14854 3088 760 26461 28230 20207 22451 23645 21487 30013 28470 17877 6599 26161 31012 9448 19513 3356 16863 10623 23639 21591 4523 9440 6175 
19578 1809 2691 30717 21455 28802 29472 26002 20999 26941 22029 24500 23595 15731 27847 8118 21717 22952 29903 9193 23711 18780 17335 17250 9948 2283 24956 12030 1670 11954 7446 932 18296 12147 20302 20938 10205 16890 16336 15931 1513 9729 24705 8215 5575 21074 21266 16411 13266 20011 27862 7458 9991 14822 11472 23020 26554 19161 22545 14367 16009 15996 12353 17547 
20367 2249 30843 6322 26074 16873 15454 21896 4894 5900 3424 15223 30634 17049 10854 934 18076 20359 17810 24187 23121 11274 23644 15199 27936 20339 21989 15809 19016 30545 23431 861 2854 16349 8113 8126 13484 7061 1778 28929 18702 28198 26451 12765 8638 20111 20970 27872 9627 13444 6828 13563 12134 5392 4739 18241 14453 12927 10145 31212 7083 9083 24595 7329 
1191 21877 25241 11765 24380 3655 437 2607 23329 12567 32002 30543 22506 19070 27847 12880 19767 10217 3020 25003 812 32320 21356 4380 12065 25542 7660 6824 18586 8513 17163 8415 10873 7770 25306 32351 21618 27974 21198 20121 24768 14758 24852 29656 534 7852 25124 15999 7641 10368 15513 6545 22156 1250 26432 24695 6796 10000 3439 16894 2813 25322 19864 21664 
20228 17236 17949 16388 10038 8156 25702 8136 21841 13725 10802 893 11306 18274 23850 12275 23527 2319 21692 1463 20078 23101 23078 12507 10270 5157 20177 1525 16572 28351 3297 12394 10416 16683 13834 5613 3697 8527 25765 4930 6206 9922 29443 30280 1551 21736 19713 22838 12235 28767 32732 17189 13243 17306 31815 12751 26943 5836 16059 28822 27583 24328 21007 24776 
20965 26790 24648 5921 25865 232 17842 29329 27885 25310 23088 4160 25515 27526 25808 16592 9707 22840 28066 25314 29529 6721 25035 18139 21335 28367 15829 32744 12782 25101 12873 17983 18699 24206 30336 20136 10728 25071 15798 15164 31432 5048 608 2413 15591 17284 7103 8519 11953 4706 20918 27126 7730 19322 25305 1927 16334 12276 12486 9715 23858 14869 1720 30041 
28810 7083 11865 15243 32756 31660 18136 7884 19765 14106 4668 3544 11692 10537 11512 26917 7812 16036 25535 20841 26925 22669 7065 16220 27660 16900 55 18623 23409 15721 27779 13981 3786 27845 16764 20689 11799 6502 8001 712 21406 7882 13419 15752 30176 31935 6048 15089 11723 21703 24422 1603 11569 22209 27700 28129 31097 24774 6351 16981 16021 22098 17620 1683 
20020 29348 28048 30082 7992 6759 18712 184 24938 28817 6038 11397 31084 12940 7906 27956 30960 8084 1106 27021 26408 28512 30930 18079 28029 7172 27447 24764 15492 790 13520 5572 15662 8719 29758 1191 25151 29173 2694 26149 11777 9783 28261 25304 16441 21209 18916 2677 90 15824 5675 20559 14329 24496 10650 12572 12673 22404 27670 26108 12072 22013 9633 18615 
20001 17360 6958 19782 10771 10073 28083 13462 21707 3460 28543 23688 30254 31213 25550 20796 10353 8774 23707 911 25740 30970 10933 18658 4843 19215 5141 2078 5223 30033 17519 14324 22390 29869 11271 4714 19870 21979 16582 8595 21808 18496 21901 2461 27442 22546 31689 13330 14749 5053 9032 16471 21961 8325 27723 23929 17189 621 24540 28968 3627 7000 609 12292 
5011 9583 29810 2840 18375 11458 5608 5796 4760 19506 24374 20000 4911 12686 25853 22909 24646 11516 14810 14254 6296 20379 8835 29287 22421 23910 20498 16165 25179 5724 5280 12654 8418 6878 17942 25178 14198 28504 17216 12626 21611 25379 20259 536 1548 24234 13969 7175 11476 23756 29690 3741 24033 4994 17797 16182 18853 4034 26975 1050 31455 18595 29779 28858 
457 28097 30364 14135 24467 29923 25335 17188 17937 10971 27644 29069 32689 19374 19373 2616 5039 26101 10576 24106 31372 3459 4474 12141 30396 8520 13421 17937 26015 10357 24227 22129 7346 2785 24491 7352 9991 10412 21300 20899 30450 5410 104 23688 24582 30946 17275 26263 27967 24383 13699 13152 26497 29414 1674 25237 8257 28097 15841 32529 21634 16412 21688 32538 
15364 13063 24300 6627 6328 2555 13856 5717 23158 26560 23311 30479 10994 31373 288 10156 30189 13170 30780 3908 16808 3315 26844 11317 27550 9462 5734 7459 7538 11743 7097 15165 3623 31481 22022 10690 25487 11288 29155 32452 18438 15484 20122 26925 2144 30969 11207 30719 19999 8533 21794 26336 18921 14578 16537 5077 25146 19116 21154 590 14935 9221 15567 3939 
9603 19328 10914 15197 23156 13898 12452 11384 31496 287 12721 20199 17461 12396 11926 13849 31294 15281 13278 9019 25901 26666 23016 21758 29053 13998 2877 1178 18711 26839 1313 13331 30848 24931 18024 12730 29776 25562 24715 29944 4838 30577 24315 14407 20058 28975 14517 29825 25267 26958 23 8541 7258 8164 17650 24374 27343 5315 23776 28175 2971 22173 1496 5589 
24966 19820 5887 25571 19465 1040 13249 25036 4870 13626 13601 10580 15031 8074 15693 31167 21477 25844 10614 12879 7258 31080 21982 22024 920 25778 26675 31926 26571 23455 5147 21809 7933 29793 3600 7392 8329 31284 8302 12412 25298 9282 5834 6678 16692 13252 29574 16476 32315 15723 9122 6936 13843 8702 9429 4345 21824 31300 20957 25238 26511 31268 18707 18096 
21325 3851 8514 7095 21686 15758 24761 21136 19888 593 27295 30358 15802 14887 22151 30431 30239 21882 26180 5312 24175 23278 3583 7059 23855 32065 17031 17847 14544 18550 487 29401 1246 10802 19006 4978 28538 22886 29387 28049 778 24878 6984 7899 12335 21241 9593 32720 13304 25579 27908 19536 11861 31103 12675 13661 31950 26993 26328 16418 11636 28891 24512 5684 
7704 9886 1708 11033 7100 27907 6348 23303 5703 9890 5996 26349 15485 12931 25475 29112 5165 29572 14217 25295 25260 26362 29578 20959 31107 3739 28537 24542 15205 12700 18374 8522 28004 14614 22578 32178 10340 11182 22755 10360 32463 3189 20915 5845 10890 8461 22478 5917 22312 25358 18812 27973 23646 8359 31803 6306 31927 4233 4369 9971 31881 23808 25376 14498 
9512 27235 17531 6727 2137 23727 32056 5998 6154 8303 16583 27290 26176 31455 3458 28298 8528 25936 10884 29882 8274 14286 14271 25901 5075 26369 1097 2922 11978 22865 7927 13509 23501 5965 21805 991 21125 23374 5108 7536 8544 17495 24397 4676 32645 12352 21446 10884 31501 276 26186 30263 22384 20919 22077 18184 12349 24012 1481 30538 13327 8405 11378 8761 
3004 28828 6129 12675 16847 5843 28479 25607 15929 11767 11248 12764 10819 17786 15810 12693 20679 4384 3190 25283 20128 10154 19422 444 10079 5298 22072 18587 4671 16854 186 16776 4956 31512 7790 3642 13599 4741 9536 18617 30205 26389 10582 24937 15969 21203 8863 7748 29414 17469 12463 8039 30410 1774 20682 3280 12960 32634 14910 20838 29508 24218 21750 1849 
13588 3977 32333 30988 12125 26029 4128 23825 13332 19834 24103 11507 14279 1172 7557 16153 5586 7475 27293 1322 25814 20684 24872 5068 28519 26094 31364 22450 9477 11626 9807 7125 5966 23222 20789 17665 22385 15251 19974 26260 18406 4846 21772 5251 13917 6916 3483 5789 20980 29386 21993 24852 20908 31372 15648 30265 24350 25556 25522 5511 6506 30861 13805 23523 
17521 23912 13519 14626 30788 21375 16667 24268 25819 15673 7340 3103 32267 27245 5642 23383 9138 28618 4667 29741 6709 3446 26844 18334 26412 26869 18032 14573 26203 7757 2295 22507 10981 27751 19139 4214 188 185 3975 29504 8796 9762 18353 31698 30393 23317 7673 30672 27509 4858 17210 29566 16215 9937 11393 20355 20729 14617 30564 25581 17856 4336 26774 21622 
7441 12411 14520 31237 962 10888 9073 1400 31695 31602 27840 16289 11343 26949 20625 2702 28070 12067 4239 2062 26107 30695 5178 2416 18925 27655 20281 11406 5505 22207 25073 18955 20831 9836 10326 6360 14399 19510 11009 11005 20638 16113 9860 10134 20149 9541 7418 26139 21163 27405 9698 20197 22282 17918 28717 9454 25456 28041 10901 7385 22407 2562 17969 25906 
25142 7937 18246 1014 31001 29961 6241 11606 25647 18023 5026 30648 12755 13149 13915 4351 9966 16768 13018 22796 32618 27231 21634 1412 4842 32101 27169 13012 12728 22785 10877 1651 19966 16131 18224 18023 17722 18506 8630 2571 24044 15260 22213 26639 19857 19413 5084 17856 23253 324 27423 11146 28677 21074 6498 17083 12739 12132 29316 24713 28157 1539 26622 16983 
30496 32571 23995 24372 16264 32064 16683 29349 18748 7256 5779 9380 15832 15092 28839 29416 17098 19744 1626 16231 24001 32542 23285 10266 32099 27470 11366 3072 31295 26450 7131 24933 9218 11374 17552 16740 12013 24373 13541 19627 5510 14946 32180 19838 17038 24836 19425 15103 5940 7134 16435 428 8584 1549 31074 13609 5938 27883 1137 3904 26724 26420 10045 24614 
32525 26471 14679 21503 32336 19823 32527 12709 5684 15235 15057 30373 16285 12875 26805 29835 29819 14404 22609 21344 14401 4197 6354 7536 1177 17411 27467 14417 28245 1010 12108 28448 5801 9453 32183 29198 15512 15159 26063 28443 685 6531 146 10274 15595 14098 20041 10774 23302 16667 4701 2443 17108 23407 8556 18552 12030 21597 21916 18747 26107 20435 7471 29405 
23871 11719 22360 27288 7343 12245 29517 1686 30297 8746 1438 24060 26210 2976 18373 6695 12095 10538 13822 27957 1576 14451 16217 20936 25546 21954 15373 30726 19773 28961 7695 997 10549 7870 4067 165 30076 18065 30131 11678 28832 30527 1182 2107 3049 24639 25682 14151 14733 14139 3805 15207 27431 3257 25280 2280 21606 21498 6981 28347 17922 8738 8979 28350 
13557 26778 29952 27454 16871 11955 32550 19897 21738 3724 15417 2792 8551 31029 30488 10236 9816 1556 27809 9513 32440 20872 16330 29025 5688 11981 29677 19298 5684 12576 24932 13298 7909 20515 22614 21865 8408 11138 26064 1137 27295 12759 28440 15882 16070 11979 5950 18129 1545 1150 8947 20353 29123 5162 20126 17082 8874 6659 19117 8193 10170 97 21033 2057 
26991 28192 3982 24112 21815 5191 17369 9037 23847 32489 25570 28073 8173 27977 8172 8779 19718 30017 2427 21369 6449 30181 19302 26747 22307 7523 10284 29346 2172 1582 12939 21385 31482 12123 29775 6299 17900 21579 30569 12245 15338 26506 25920 22989 9412 13559 12364 31988 21432 28453 31712 15896 28136 11266 13895 557 29963 5302 6419 15692 27234 19662 946 13052 
7661 21658 25666 2993 32224 27347 8870 25490 31313 12673 16858 13951 20787 6684 11139 19795 22151 23794 22987 4198 3281 32712 21355 25431 8649 12228 11785 28168 9044 29323 2757 30441 178 29350 16655 12922 11257 27434 11195 11275 28610 30360 19543 11206 19746 17666 14524 15856 30172 32111 1763 16236 14036 20097 11002 4993 26311 29269 31671 26333 11578 10667 20717 9177 
13744 29255 28765 31742 8992 31895 15566 10952 22438 9365 23392 21931 25721 29167 17181 11604 13853 25445 27345 13361 20698 2419 2331 20019 12652 13361 6853 32211 9724 14455 9041 29267 13135 4164 23508 19270 23102 23137 17416 13650 20838 32065 18844 17461 1824 28972 31182 11782 32692 30109 28988 19389 25545 13800 32247 758 21280 8479 10202 31986 20354 31031 4890 20191 
21495 23911 28957 30553 27705 21457 29584 21808 24680 5732 30132 31596 18687 9985 20472 1678 7943 28380 2509 22297 7307 27942 23990 21841 331 14569 17310 8771 4020 23091 30063 23045 22032 15990 8672 19263 6139 19503 16783 18410 27670 22982 16975 29528 25087 2997 31939 12661 17536 24045 10284 6988 19462 23669 16511 7373 21845 20309 4795 8141 28795 23986 25465 26702 
23554 27706 25540 1537 16490 15043 26668 32521 16343 1326 5654 6146 11782 11154 31574 23874 1157 9623 17408 20830 26404 17695 634 25840 19623 3116 15830 7064 8125 6654 14943 577 27702 29563 12402 23206 27760 10964 26000 8212 2834 10854 23472 18801 11517 9950 2778 27773 22400 31905 22769 9816 1739 31851 17361 27973 18599 27445 29082 12205 28516 14685 6986 25703 
28946 13569 1426 28726 18164 15275 31714 1171 24881 12084 455 23469 717 12770 11894 30127 6616 28116 26281 15169 26597 27552 26793 10577 3774 15418 24236 27155 21846 31256 27490 32582 14591 26003 25803 25018 7901 8337 12619 14863 14747 19809 31488 5823 30556 5350 11603 17247 3061 22520 28877 9505 27481 4103 6445 16542 18516 8961 14775 19666 27517 11894 21454 30568 
30310 3579 21445 15928 26389 8396 20467 527 28600 4789 15877 13998 30356 11314 4760 21525 21055 28117 32520 27905 5647 31464 16770 3763 722 5972 15201 19955 28607 15553 16823 9557 16301 2815 23593 2235 13955 6052 26113 21019 17136 24823 17790 27522 4188 26637 11630 23129 29982 13874 7423 4072 4335 20875 4563 8984 12190 25849 8274 22397 17414 7999 26180 5523 
3902 3432 2975 14408 18447 29795 17821 21435 22187 28145 4114 22852 30875 19649 4349 15540 24826 3032 23133 32478 10465 19767 32326 16726 9250 11192 10547 18296 28217 25658 13982 2220 17279 6653 29646 14313 31393 14927 1265 25720 12881 17257 8298 6139 1851 29332 5228 5549 26171 7568 19144 7915 20173 15157 16131 24820 6597 24411 6828 28653 6208 11768 27628 29480 
7898 2440 10847 26277 20769 178 32290 5593 16714 16168 32046 13231 14371 1487 21220 13261 14665 28192 1512 18712 6043 31950 20531 11642 11758 18344 15716 5859 4099 12994 855 32141 18358 2255 18681 6021 29303 29394 20315 11623 21246 4854 12549 11368 11067 18105 11148 6554 29324 21584 10087 19052 15411 1863 29182 1648 25095 105 24068 30306 18281 15583 15879 1125 
18554 6300 27973 4495 10636 20472 23234 9384 6870 17562 19095 30255 9323 2460 16781 32158 3693 31466 20202 25584 6525 25579 10379 32607 7031 31076 19763 15474 21596 10905 8483 6199 3984 3509 14571 4045 25926 27499 18047 10534 12344 11742 23693 30987 2971 14014 31758 19041 27986 24756 8220 19114 12386 12289 15363 24527 9126 30306 24474 2844 28868 28214 30164 32140 
28511 4322 20882 16711 14478 11381 31931 7273 3725 31880 32143 4357 27827 19049 1592 7786 21412 22648 17058 10148 9672 7376 14477 9030 10236 3882 28129 30823 31367 3583 18753 11499 7759 7917 24802 18692 23117 3676 11166 5111 5438 12897 18500 3620 30619 21731 20275 19521 27084 2300 25127 6118 17049 28577 28242 31054 14817 12166 21679 3676 29582 9276 27795 21212 
14024 2204 5253 15884 9577 8297 17743 22874 1969 9521 23381 13424 60 31348 2598 23150 15408 27913 11857 11382 29627 444 29050 17774 20157 5948 29868 19201 449 24373 29937 20455 14130 29369 7712 11111 6348 1508 32759 27162 3408 32448 22889 15345 32380 29542 11833 889 15162 21350 23240 27230 18968 16489 6700 7983 16376 23061 12929 8288 28424 305 15236 14485 
501 22026 13150 4126 22364 30229 21949 30653 12674 15573 26921 20656 3652 3071 30358 13803 15185 24285 7989 19110 31382 11504 1168 21015 19194 24537 30422 29825 10572 24698 23923 21869 23929 32600 3556 24375 10243 15427 1226 26573 25518 12602 13629 4788 28541 9353 25186 5196 29916 1588 14144 14932 24095 23704 4303 23984 4395 25680 11858 8554 17011 26454 15335 8952 
29735 3946 27485 32701 30119 14264 3909 21458 30526 437 27724 5637 1549 12618 13512 29986 1093 5172 25232 6770 29082 30891 25361 30082 6132 30529 18846 29989 28775 5134 31752 20924 21605 31498 3439 19637 20274 23482 15191 2386 9113 10255 16638 25260 23006 14987 29934 25335 27123 10149 25806 16391 21998 15983 25469 275 18619 31862 15714 12730 3342 30953 1789 17987 
28828 2814 14786 5417 26507 12178 4904 2519 1063 29200 27133 29872 5846 23699 28156 7250 2638 13135 1441 29724 20485 32557 15932 7150 28905 11189 581 3375 5714 15409 2543 6421 7989 23567 14847 7200 5530 20104 25823 2792 6224 383 8686 15385 3295 18348 12059 5052 11710 32249 4274 29624 18630 8236 25461 5528 16871 4295 5359 12686 11802 6188 30213 5816 
6806 24325 23502 6307 21575 26595 17061 30222 17276 19493 10108 7408 12256 16412 2931 28604 171 8813 21929 28643 19737 6838 1873 29082 20764 2932 30217 15583 6733 23332 104 16310 297 22696 28886 13753 17018 16109 673 26831 19731 7115 15693 28476 6080 7724 6699 2778 4989 3953 10285 3493 3558 31761 8696 26493 6127 20355 10811 16680 17621 26463 8767 18583 
21845 25024 20160 4714 8987 10988 16124 13494 24701 3639 10761 32517 105 20004 13931 29598 23196 1998 24550 26119 24597 25990 28561 25289 29642 25790 14892 17523 15257 13094 6323 6625 32129 26388 20275 16830 23826 5929 21981 24392 3362 5426 14425 3155 18882 20556 32605 27793 11889 8780 22653 1552 15503 3165 28741 772 9748 9963 12933 16583 12417 18624 25836 20510 
17431 10605 20440 19134 31559 748 26989 8719 18027 30339 14053 19247 30643 14571 22566 27706 19298 18866 29082 28361 16442 14814 26683 7096 21556 17875 9197 9261 31093 18039 19473 15317 22398 15763 12887 10353 11427 381 24531 27282 25534 19444 30804 25504 12836 12363 26609 7457 20952 15562 3812 5432 11263 19281 24476 13420 1940 17726 8973 20651 4189 24209 22347 24975 
18974 3150 23639 18912 17420 14883 25400 23129 8324 843 21326 29103 17661 29362 6628 24015 17980 3674 6148 25191 25799 12797 8847 2217 11675 31988 18573 7244 4897 22359 21441 31187 4703 21094 14208 4625 14443 26663 25028 18157 7206 24145 8829 1379 8230 20585 7463 16587 4340 9515 30881 13150 29560 29483 16701 2038 6065 6332 12564 20757 17322 2833 21148 28969 
2729 8354 12668 22542 9385 23249 3486 14805 23050 29390 17542 8900 22408 11704 25827 3229 32362 15365 8292 22820 1275 10275 4045 21979 31550 6239 32074 11536 2014 26631 10499 26649 29028 23499 15344 26335 18348 30057 23791 28825 16794 10890 7188 16858 8969 742 10304 15310 16132 25007 757 6336 27193 32301 9832 18912 29098 20390 20952 25156 27046 28800 28703 13100 
26872 15529 19591 32138 1118 12087 2526 23746 7741 17228 4045 20142 24210 23613 25189 31973 26412 30963 6139 11069 6169 13969 24886 28558 30814 26198 22374 5817 5867 15046 1303 23273 30669 20484 23783 20249 24998 4995 4756 9175 8026 20189 2649 10567 2572 23043 21115 12906 28489 14487 23327 15776 10114 9878 24670 1644 28864 22586 15003 25720 24979 28959 2324 7129 
