24
30372 27320 659 2667 16788 14649 8032 22619 13062 31329 9645 18781 12417 31657 29414 13250 11108 19464 28915 21854 14213 2057 515 
8249 29977 11296 22920 16263 20948 24894 26242 26843 25937 30627 13057 19863 27827 1012 23781 16551 10637 21133 3049 25711 10239 9496 
2272 29953 12322 28254 23102 660 26278 94 2521 12338 24762 24732 30705 19120 12076 14012 24430 19427 9426 2383 28522 7697 23592 
15597 7663 13222 16442 2436 6146 18216 7365 23023 29408 22381 31129 18891 647 13324 17729 13702 31096 11793 4838 4280 13756 16629 
28529 30391 24357 18381 4592 10598 15062 4801 27451 29261 22533 28864 22743 6639 31232 370 32538 26967 25454 25454 3728 27125 26328 
4782 30878 22440 24680 2879 22373 31004 31984 1085 3305 21078 29229 22271 23923 25997 3150 26255 2356 30268 13488 7005 10538 629 
21996 18228 21320 26232 16659 1388 18897 24196 30776 27490 14853 23277 559 7461 19967 23151 11157 6770 5598 16066 22800 22499 3107 
20334 20184 30819 14682 24289 4471 15077 15101 17855 17357 28758 12693 10361 9814 3535 23074 15137 7088 12048 22205 30589 22103 7466 
27260 31066 5044 11643 11414 29986 2134 3295 30407 31921 24959 19237 4854 1637 32738 15040 27670 27252 20395 30911 17994 19075 25024 
12544 16972 6004 10822 29344 12303 10623 2152 10421 29859 7812 31571 2880 1882 29343 10373 7261 18985 1790 5960 1469 16720 2799 
17785 27222 28221 31549 31118 89 20910 11197 30168 1893 22807 3876 28932 28410 15171 12571 30696 16688 2109 5782 7293 9641 28785 
30817 5671 4292 1807 3067 14141 29459 944 20136 23493 32016 18236 1730 13695 19211 10251 28496 6438 3431 18762 16858 12530 262 
417 4731 14433 19458 5394 12855 9527 4766 17957 2959 25027 22652 578 11603 31845 528 11614 30648 28749 2644 20698 8106 27525 
16573 12711 31843 13874 9070 4527 21309 7959 10669 8304 5572 4442 4755 24298 17936 14219 3079 31420 30034 20450 17901 25738 4268 
5576 17818 9633 28742 25753 3467 14558 23710 30633 27991 27340 32287 27525 3555 1292 27382 25723 3541 18682 18209 32348 16971 32141 
10952 27008 28620 5247 17105 22795 3967 10926 24495 9839 29850 26563 26234 20018 26142 273 22597 10738 194 25536 25516 2982 29996 
18986 13484 7718 30311 16517 30392 12014 27794 23747 15624 17694 16341 11702 17717 10694 20378 9592 18435 17761 27129 778 19581 30367 
22387 32571 12616 18024 20196 16587 24625 7453 26035 23505 24584 23841 20556 24666 14513 1688 1744 15443 23928 18542 8714 29865 4517 
8859 1190 31150 31568 32166 9373 6847 22647 23400 2292 23844 2638 1299 20390 14903 27350 23155 20447 2248 8369 9843 11370 5569 
25909 7394 27245 12294 28863 25975 24660 11167 330 22547 4363 8217 12096 20039 18288 26153 1167 11798 1544 6291 2560 4604 7920 
7242 16069 12847 2071 29657 11856 29476 16299 25089 6252 15701 21713 8100 24454 578 26777 10466 12619 4789 15153 25985 7545 10827 
6489 12434 3822 21552 15894 849 23302 3370 31915 18254 23331 18137 18117 5066 17549 12349 25334 23140 12925 26488 26468 18165 5748 
30933 19651 22200 721 20234 11648 27310 931 30906 1343 22848 31164 26430 1160 17191 11271 2725 19645 12169 795 28409 10320 13156 
8975 16068 4914 10288 22416 20179 10127 13760 1586 5946 17080 13162 6916 15769 30305 9319 9063 5277 6668 21372 2848 13513 4293 
