55
12203 4726 5904 23876 15826 13592 11552 29039 3455 29636 29001 2222 28623 23279 32440 20431 9063 8057 9314 20799 25355 17130 2106 23413 17005 19707 2727 9870 19778 15960 32309 32053 7323 8356 1931 27846 22131 22461 14749 16563 19332 6210 16930 19750 10080 10067 14921 19688 26300 18328 28583 22145 2063 30597 
14708 11425 10844 25820 11768 28094 3659 14707 19520 26367 11647 9527 28181 3673 23588 18801 5679 26616 10439 26952 28325 23264 28267 903 2984 14548 19673 14753 18033 32118 31543 10227 17528 2225 10460 4936 32487 22612 24675 4002 24142 1279 8446 1080 16024 1603 8717 12475 28478 517 29936 6109 954 11043 
31001 29460 2111 29531 22117 5019 28327 5224 29100 21691 18349 13421 3991 840 7260 10647 6577 24174 31687 8446 14785 5550 4347 11469 16216 26659 21810 32163 934 18698 12873 19257 16273 11649 10612 12356 2057 26511 21041 32157 25749 12901 17786 18591 13362 21475 18751 14544 21598 30558 20499 22724 15984 9633 
8486 28223 3882 32305 15475 7578 11409 5590 20282 23656 32252 7766 19633 30553 27244 15236 32503 12126 4379 10617 9289 12813 28760 6178 27768 29000 28305 24571 27290 7705 31154 29721 20224 19169 12462 13678 32105 30898 19290 2889 21365 5113 13442 25884 13149 9312 2615 2434 9952 13298 30822 22144 11905 12672 
8623 22283 4335 21060 2675 20939 16069 14021 14895 13599 7795 22266 1801 1121 21628 31154 16297 10859 23523 15156 10058 21850 735 26402 30737 16274 8150 10659 24477 2562 4745 23488 10719 2985 25997 28431 3628 14936 9210 15503 21136 4282 14183 15060 14694 5523 25109 24420 27941 26693 10602 12128 24189 30360 
17569 17255 18595 16314 25537 17079 20457 18565 25291 6549 28305 9473 15672 28400 9187 15146 21922 7489 6525 8947 26050 12981 13035 18314 10906 15502 15223 11742 8435 25030 9794 1119 26122 4342 5268 24580 4231 17783 5745 19091 5550 10183 22893 1565 3801 3374 14785 10695 29478 6817 27037 31697 6509 3814 
8896 11472 5749 30713 5703 22590 19303 22447 3778 28213 14466 31641 30861 27256 26641 3115 17502 31923 1434 5917 22554 1540 30041 6418 493 4025 32748 19064 8601 8028 26192 13231 31758 3053 29196 19565 27964 14446 21932 10849 27685 22437 29041 790 5430 7453 20551 1307 11991 32622 28919 19553 23617 28606 
12190 30180 29327 10888 25438 5773 9240 1436 1107 6487 30205 24423 28105 18610 13310 4981 4268 1829 22162 6196 10815 31542 3894 10747 21265 12942 28421 10058 31278 89 23433 596 8338 6892 17873 27578 26851 15530 22467 6810 20319 19496 2996 21960 7699 20367 25142 8795 29005 12098 10801 15212 24661 3009 
3894 14106 7768 10958 25103 31953 10149 16334 20379 28877 20252 4977 31193 30937 16354 20117 10050 15965 18266 27752 31836 20887 31569 6093 29580 4649 4217 30722 1835 212 29977 12415 16861 24195 1026 6177 10526 15499 25541 27527 13854 25137 26147 32445 20687 11117 31685 12823 316 17645 4142 11872 19228 26973 
25069 11316 26535 998 11031 19115 20904 23540 11764 14648 22484 11837 31225 14544 10586 22271 31990 14414 4283 29064 13457 4118 20700 4348 5107 8440 22618 30291 29121 23128 16157 26529 4686 27532 16944 3226 8719 9350 12751 29781 13391 18867 1474 10320 6691 24354 3050 28853 9633 12009 25882 11739 11597 3781 
17448 27408 25556 10496 9027 3734 22525 19608 25478 19179 12508 2205 2766 13645 31305 5851 5065 9598 5520 22969 1104 17093 8810 29025 15863 25141 29740 11297 15586 6705 26431 22033 14554 12080 10960 11255 23711 15806 21192 30055 1920 17860 17919 2607 19754 31496 23724 18162 10174 32503 17185 13586 4134 26531 
29877 27091 28840 14344 25345 24766 9659 11667 7503 21828 282 1765 3151 24484 792 10196 5644 22799 15923 16050 15903 19209 6379 20178 5666 28178 25045 17481 4712 31622 27115 29938 5867 22210 6438 12981 20614 20872 12623 21256 11877 4005 13074 20405 4025 19920 6484 25822 31152 4054 24262 20543 27044 31220 
442 5556 6035 22916 31286 27899 15567 8413 22087 15546 13046 23156 28824 18116 32549 22343 30019 27032 7529 7291 10471 6955 8310 21571 9723 231 31132 17925 1122 18675 31990 6584 7999 10421 30181 27281 27914 9365 24508 27870 7652 1284 5821 11058 29735 7357 5445 7874 2882 17483 4419 9999 196 11980 
3566 9413 13238 31732 13752 15331 3630 11093 4221 285 3361 21725 27137 5759 31353 19104 31897 31570 3431 2007 13352 4931 25851 4393 7501 10434 4338 10794 21723 28329 7375 1058 2954 17694 20781 18959 29164 17850 8019 11757 8354 23275 27401 23348 20687 26262 9898 29347 30925 15361 30075 29500 8479 28913 
18491 13456 1447 18959 10235 22076 22297 18064 9008 18612 12464 3861 4359 21311 5664 19408 7928 15171 3531 9705 23710 28867 11063 30752 14790 25638 7616 29363 10950 26938 6026 13954 26384 19320 8378 11121 30214 30602 10982 5646 32272 24074 30921 12404 2540 29581 11836 19055 14406 29152 7266 13536 2441 16017 
7714 31843 16372 6833 6362 14128 1520 32729 30033 27199 20129 20075 9454 18864 9403 12570 1832 22633 23447 22957 17214 11009 22150 31487 27176 20957 23141 9291 29901 11928 7537 24998 29302 14504 2397 17869 31619 30015 25506 16673 15453 9840 20503 27120 11435 30099 25025 6646 18121 7402 11756 1316 21365 21637 
5498 11680 7628 1634 14460 22796 9078 3545 18431 27403 5405 1591 10792 18689 15139 27818 9348 11035 4756 6493 153 32400 13913 21475 24257 15654 26799 1753 11064 24055 20696 22215 26995 17269 16656 8264 18867 19116 6339 8555 15579 24519 5885 21080 31358 15318 12578 12599 11581 12238 16863 1357 14672 8401 
9312 23912 20834 6576 4036 19838 19874 5551 18126 12177 30999 26760 28637 27605 18739 26546 10526 3093 13228 14562 11520 7763 5767 27091 6888 10927 26230 13635 14375 16522 5987 6462 15657 24298 29517 8862 750 15392 21331 4563 9406 12457 28430 15584 27161 18771 13860 21158 3310 17568 26650 25445 12301 32623 
24170 21120 6621 5337 15574 5504 1874 13658 31739 25692 11034 31025 553 16120 11543 12809 15986 27627 15890 32728 31233 21637 5038 11528 21422 25105 24730 5589 6607 16471 7435 7926 30288 10597 13162 32639 8454 7823 25929 25094 3136 12981 31900 8452 16287 18884 7462 8831 21800 29055 18993 5862 19608 14208 
29826 7997 10487 8313 9356 7801 3184 9408 5348 14894 18016 22027 20725 20071 1965 4728 11253 22741 12633 26832 9240 7981 29015 4620 1539 5323 8605 9240 25731 17307 7546 25048 14463 15417 298 19561 15659 20823 1960 22953 23679 8800 31427 29689 16360 14682 26996 10049 22845 16401 6255 7989 30708 4210 
24824 23255 16022 9269 29176 14653 3184 10175 10064 17301 12172 13382 27501 22630 29407 30006 22300 7193 23748 15571 928 21175 12713 19488 17155 1780 3848 20992 12969 8813 12954 26012 23595 23342 16839 4 22626 6775 9568 14617 10433 16576 19856 19370 15080 27386 29200 9437 19063 7448 8859 721 5408 30158 
15266 26241 5377 20376 4928 23788 13616 29439 29296 25459 13463 15896 11902 27522 11010 25933 30395 16754 25718 12639 10869 23214 1733 24236 19238 20245 13663 430 24300 416 10091 5317 22329 15429 25622 4918 20428 17179 6443 17779 14816 8894 16357 8861 18339 15861 1025 27463 11241 24210 8470 24957 546 19866 
10793 16900 29321 13990 28540 25316 26271 23177 30376 6948 25048 21811 14571 22485 21140 31446 7107 594 28496 4167 22460 7109 29726 25254 16774 12781 21586 577 10570 4383 13439 9398 17470 22411 16546 29272 21624 19905 12956 17108 768 10356 7398 3349 8232 6013 19840 3684 15904 17954 23850 27860 22981 12441 
16087 22749 1466 29384 25439 29255 19386 29775 17780 29769 14380 5576 29143 27891 17400 17229 24523 969 4250 4155 11723 5041 10869 16438 5752 7183 17769 24942 12757 19758 10151 23584 22198 13282 14020 7007 12406 18539 23309 13076 23785 25757 11547 10052 9873 25918 8615 14481 12053 31408 10143 23044 7662 27855 
27768 13321 10084 22045 15047 22715 32697 6685 9995 3426 3748 6908 32461 19770 30465 29302 11756 26999 18118 12792 3634 27269 25401 28162 21802 5780 1376 6352 5174 16724 23225 28729 32476 18685 7724 727 27489 25747 15678 4200 16793 10088 23943 18804 19453 24034 22118 12849 7934 10110 29427 11427 2713 29205 
4149 28167 18988 14943 27542 25458 26248 13749 13715 18870 32327 18715 15544 31877 26720 29053 17612 16601 25848 313 24137 3730 20603 22238 21007 7521 3308 28979 30040 14566 5497 1148 31215 8213 28755 29944 3741 29662 29372 23214 25572 30989 2914 29290 26864 12655 1771 8194 21707 4150 721 26077 20432 19870 
624 30134 20834 7633 23133 16030 1502 20232 26106 7232 20685 4852 15175 2921 16223 30556 20731 1992 32533 20999 19156 30450 11453 9180 24619 17576 4003 14152 4299 5213 5382 32224 7171 11251 8137 29000 28154 31686 107 31571 30531 26603 10553 10603 8881 14010 29378 12084 23917 18569 1164 31852 25925 31931 
13829 27158 20807 26618 31676 17111 2191 16320 13521 10912 7005 7964 27819 10637 12907 2227 25832 24077 2173 18949 31642 6724 8761 9201 16816 28845 14393 23675 21938 29700 1887 7630 22194 11875 31592 18045 895 5035 26564 3854 23067 29477 17061 10425 19311 11369 5719 14701 22334 11135 7375 22804 9304 28741 
14726 29720 26896 9488 17800 14118 14319 2198 25031 26674 1194 12044 17334 20667 30034 24203 12307 7504 21451 2744 6148 22099 13183 13220 3174 22013 8019 11249 31586 24482 25563 2615 27713 15414 18889 18853 11649 17 21676 24044 10536 24047 22999 15960 21336 11067 926 11328 26404 31117 5321 14497 26018 26993 
66 19718 2881 6762 10513 15275 12125 23606 24202 6881 16913 1364 26821 28596 23629 4804 14671 27596 5672 29966 5151 17041 6007 11909 17612 22931 5790 9933 13309 22568 14758 22427 28960 23127 3472 14012 1119 19188 2025 345 7375 10509 18079 19577 28395 15493 531 32455 22338 32255 25967 6038 5484 13821 
16698 26402 13122 5961 19498 7192 27727 22677 26169 19033 10625 4446 4602 20219 25892 24086 6190 13713 2833 3969 2451 685 10531 26976 4860 1955 1003 13389 22438 9103 25509 9958 17866 5529 11626 27181 6511 17527 7335 15663 386 7988 12493 31716 6952 31536 9034 3415 14163 4969 31161 32006 7828 3320 
2133 17292 18224 9439 30900 637 12661 27393 10418 14226 24142 11890 30123 11014 5142 32497 18413 7487 26026 26547 29292 30641 12226 18275 15032 1280 129 26982 7469 29796 7498 17507 8553 11346 6870 515 21252 12377 15235 13301 12923 7754 2031 23094 12908 1691 21958 7823 5385 9229 12504 26975 15815 13965 
23151 13210 19286 1368 21215 14866 3542 19555 8542 30197 11592 6394 19990 32407 5186 22951 17017 14450 29415 9557 981 30060 28183 32181 31784 27224 20195 4321 17717 7614 17988 15936 10711 13279 6412 25257 20886 15348 18460 12235 19064 25271 2264 4812 25881 11812 8664 28208 5886 9857 32736 11005 22311 4252 
5907 25884 10467 7508 25699 14083 18665 12890 9036 26769 12451 12345 3010 1337 25549 22932 11368 7523 15423 16303 13570 14095 10247 22578 17709 12732 3515 8233 4942 8584 19214 28750 32712 26008 416 26251 26738 32186 9755 2235 20552 25417 1403 1201 12128 26962 13485 12667 32544 26612 7772 13799 22191 14093 
8968 30791 11177 15379 32600 15218 2839 3903 27825 3339 24222 31729 12295 26886 4598 24656 2803 13927 11422 12336 17158 333 13262 7994 13150 5680 26798 13894 7286 25191 14021 22540 9794 15853 26292 30972 18556 612 26916 3690 3385 4954 19965 30958 25023 15308 15320 28171 27034 1256 31672 9486 2029 27159 
27892 19257 4871 3643 30072 801 26166 22069 16942 29525 17888 3243 27574 10304 18895 29448 21341 19793 16845 25540 19533 345 18545 27109 25857 18996 30776 29126 25852 27563 30423 30487 21179 9625 19152 21541 5608 7501 12100 5723 2512 30256 23048 31753 5143 23975 26619 32613 5034 3643 25494 4816 15350 3576 
6596 29274 12376 11282 12532 11911 29652 463 13933 21588 265 31392 5602 22133 7780 10129 12103 7137 17045 25060 32483 22416 7487 249 2981 3459 6132 10098 4027 26886 25440 27540 3937 18482 25796 24303 20983 8373 6055 14657 29015 8662 14280 10904 29541 14259 18262 6327 8680 21453 17763 19387 5272 7879 
10391 19966 8567 30571 29217 828 10085 25326 27891 15092 26351 21109 27951 16913 23913 25047 9180 14282 22076 29605 23262 10695 9856 20072 11557 15237 18126 7977 3876 23803 16207 1335 15237 21630 6681 2852 22555 8162 20412 12561 26392 28898 25111 27691 22656 18625 6513 16246 20445 30514 6085 20938 29237 118 
13916 9499 20537 11972 24993 21245 16575 21229 26418 29286 16242 30784 27187 2742 9160 4011 29159 14326 17461 22052 18049 25693 22943 31303 4151 15129 14097 17729 27801 14412 10675 19180 28193 31316 5370 25915 14859 14415 7964 32473 14438 478 455 28941 2668 11306 21266 30945 15119 4133 23220 1923 24020 32275 
18291 29163 4068 2632 22752 17342 3937 5939 20802 14707 23798 16539 17360 9652 7090 3113 4899 17927 8982 807 13290 19117 30572 6535 2016 5578 7259 1575 25851 30151 30137 28755 7398 24309 10912 5772 6322 26739 16068 21127 23753 4177 22019 7801 2339 2805 22078 32658 10684 8638 23400 31175 27461 25832 
12764 28885 2073 13488 19188 6787 372 26040 24535 26151 30943 1196 13970 32107 15855 32038 15723 16977 25647 10191 28785 28277 30043 968 15704 14227 5071 8008 22916 7496 8510 29574 15972 17437 15783 14297 16385 449 12933 28701 29143 32406 7751 14938 19939 4207 29695 8096 20989 12953 9054 27701 1896 16152 
31968 21235 10408 19762 9796 24555 22931 22834 13119 32334 9643 6502 13937 5518 14507 9322 24216 448 1376 19624 29700 27461 20154 21792 19019 16809 18211 25445 31293 24011 14863 21224 30746 3902 29653 19833 23043 6384 23485 19723 25263 24841 29786 27320 9311 22550 13850 7941 20500 23399 30747 22374 1279 5813 
23360 1285 13369 10505 27525 2239 27828 4312 27535 8303 9074 9075 32392 14704 19444 5023 9257 19549 21750 19327 15128 9755 23897 7611 32117 16922 13665 4571 11183 6615 32 20468 22941 3494 2354 28551 4554 19118 8875 11686 17168 21045 8014 20056 11368 1566 15616 11583 15104 24239 4988 16760 3726 11672 
23367 6339 6117 4657 8423 3556 1477 772 14416 15945 29688 4235 1183 748 4250 17723 26634 28795 11193 18113 28695 8887 25886 7307 4621 22298 27753 16266 2984 6844 1892 22326 15377 3959 21137 18387 2317 3145 28677 30195 9333 7419 6265 25405 17894 9472 17055 2156 11449 10656 21682 4251 32310 1878 
5201 22975 21508 5750 18573 24181 3812 786 16961 27902 16800 23583 16034 20359 18493 7636 22550 18862 24440 15187 31050 3907 20593 27531 1662 6219 1185 15709 12580 30283 5649 14077 10666 3779 12238 1180 9108 24312 21144 31300 24525 11510 20954 27907 12607 18902 7391 10059 12193 18749 10306 31897 3216 21029 
2982 16469 16098 27872 10152 9209 30775 29273 26642 16502 6352 158 30289 20180 5541 6299 28714 21528 1201 18728 30376 17514 17297 2887 10585 24951 27725 13222 25018 22549 3190 7532 17135 24869 21105 29234 29111 27070 9490 13134 2208 1672 22893 26712 7287 13925 31464 5863 25859 14423 22933 26524 24051 30878 
21183 7266 29716 22816 1987 15347 4807 22798 30497 5791 9651 24517 11219 2121 25271 12018 30430 7090 28706 16378 26406 29434 15143 4249 29574 6499 4747 8905 2848 8793 22945 13285 32754 14767 26488 28430 32683 2348 26195 7886 3772 5958 18265 8699 14769 813 7822 10206 28866 16907 31490 30613 16805 16778 
3913 18102 25511 5016 15914 25397 18939 1895 24475 13448 12370 21431 20974 22536 21932 13911 11077 23707 22893 11497 8011 24976 28339 10983 27942 7370 23015 28899 27047 3105 27794 26899 31172 22021 29554 11532 4425 7524 19150 6350 2506 19662 3334 3841 26076 7384 3950 21118 21637 22974 8540 6417 2288 11340 
16768 15229 14949 27134 15732 9921 24697 12390 28564 29338 32642 20430 3856 16713 6478 18719 17984 19606 5653 25345 823 17429 14763 6724 13978 24744 30970 29055 29875 20805 17328 25590 11457 25850 5685 32705 27282 5678 26592 27435 22100 23337 18794 22873 26281 24535 18339 12844 30969 3272 26211 29031 17420 32636 
18372 277 22744 22494 21390 4901 9623 32526 29427 15960 12061 19299 13437 25181 29801 9649 27716 5946 12410 5063 9316 11245 28260 19516 29102 30803 9122 14188 158 1610 17582 445 28301 22034 1999 8999 17192 16890 18994 32755 7713 17720 19261 1730 27941 10776 12832 28626 15885 25433 4525 381 344 5331 
24169 32258 20697 3934 2787 7816 3757 17392 15940 16224 28784 29189 22824 8587 19120 5444 15532 25980 12450 22111 1992 8990 15380 827 16096 17177 4515 21073 4501 32082 29998 30036 13025 8368 651 16147 30563 2086 24184 24738 11767 24814 29652 436 26250 9746 4367 14412 6957 30001 31199 9109 28519 8320 
16692 11789 31184 8719 32623 15081 19419 21582 14542 17078 11252 5071 2091 9020 13771 11853 25063 9895 21743 17134 801 1513 19870 30661 24875 27226 18396 10395 11582 12961 4290 29423 16492 32472 1561 17211 983 18411 24615 18297 10529 1601 19913 27366 18211 11167 5826 16134 12002 29769 14419 30184 3262 21354 
12300 20907 10733 32437 26849 11585 25128 23885 32384 627 8612 24034 19170 4389 32580 30749 29216 3036 18189 23871 24713 28029 2266 7173 28401 23640 32593 15310 8523 15972 25365 4863 13179 25292 32317 23719 26725 25771 5126 20831 20298 11028 28868 18293 29524 10838 13855 7753 10607 19070 14203 30966 28763 5917 
31416 3125 5887 7243 12572 895 7425 5355 15501 16754 403 20017 5380 32630 29840 25698 8766 4256 7623 15579 23989 19415 28311 24917 20686 24885 12732 8295 17236 7855 19816 5964 11813 26617 27541 2279 17963 26020 31898 9732 13198 12170 18429 10977 18728 30315 32649 30189 20538 28888 2208 31695 15453 3920 
28626 15530 23483 15274 15022 7840 22398 10162 3031 20885 6281 28439 19803 8245 25702 4229 21825 21048 18048 526 14433 996 6547 25806 16249 5844 17760 7119 12924 8185 1189 18986 28205 30430 18252 31855 30701 18992 1251 327 977 23933 4940 13656 8440 21564 21942 18025 28 11790 22476 12743 2150 22595 
