40
487 11911 30880 3354 3916 16900 21855 21109 18603 9425 32376 26603 17998 8482 7199 106 11446 20862 1678 23510 8836 20245 2820 2049 23962 6739 526 11736 2941 29109 6917 16090 6397 2780 216 5839 7449 25056 15371 
26038 27421 4838 30208 30207 4109 29173 374 8954 16198 21765 19535 5008 29283 17497 7830 3377 16478 1295 19136 29453 12279 12790 13106 17799 2394 22175 18692 13798 27388 16567 26629 8782 9670 31635 13311 3568 9333 10765 
23356 27005 25153 12943 25160 16352 13500 29037 23801 6956 27902 25976 14509 13779 5119 2768 31699 19482 17988 22521 7853 8649 29374 4401 24915 4135 239 26113 17148 12325 8782 3347 32377 29914 21229 21059 12290 18991 19801 
19192 2101 3036 30145 9397 12380 26771 91 16875 17391 1402 22276 6418 858 30175 551 2551 9215 23336 6367 7512 24959 16648 31840 25262 13365 2553 25235 24650 20740 32742 29696 18851 22099 23847 241 28655 19029 25011 
4564 8432 20110 18577 22242 26641 11411 12688 15102 26033 8209 21304 7648 12479 528 2304 31090 30343 14713 4546 30330 19659 5334 4715 13434 27158 29018 12535 18644 14413 21281 23453 14642 30087 21176 4166 29989 22302 992 
14404 4877 25351 14735 27713 21560 29534 19256 13429 13390 6213 16204 6429 2028 19439 32513 5928 28303 11512 30546 19763 7092 13048 19271 29879 15165 4439 31606 31617 29975 15459 9930 20835 21530 17567 18563 15914 5168 31838 
6014 21455 7098 7057 27319 20722 9263 21982 18188 1923 22022 5874 31300 7107 23511 22807 26447 12139 12477 18953 26575 19754 11774 12805 26328 10325 7150 20772 6388 1243 18960 9959 30059 23415 29311 22547 21697 3625 27788 
9919 22655 16614 29353 12459 55 10895 32646 26579 4034 29216 1657 31044 10956 27690 2851 5679 18835 19587 23633 21308 27371 8251 30240 4640 10118 9171 20325 10610 2674 18858 5707 16058 21219 1208 8254 1740 819 11134 
4360 24660 24871 1853 32058 31921 19316 25447 3022 2823 2177 12627 23306 6543 29295 5172 11432 8498 9303 26956 7475 28503 3282 8285 27316 25081 2495 30817 3726 10748 28992 29818 11943 1985 11270 7468 10696 13816 17615 
25034 17223 30389 4396 11822 12771 30406 22408 2221 5615 31557 5734 19531 6835 3433 20714 21290 18191 6305 1179 9545 16737 12004 11367 32619 2729 26434 29928 18004 29931 2752 1509 14907 22741 866 1308 32381 20130 16777 
13886 18831 28222 2943 23612 20790 23211 27473 16321 18170 7331 11997 32511 30936 4223 11819 2735 27191 27479 19457 29779 31005 7019 25777 29119 25507 1985 7990 14807 16806 29456 21631 7834 18112 1501 267 2144 24694 17380 
29878 13919 1203 28857 13523 26740 17526 10159 17530 22049 30407 11001 18211 5842 4079 11791 12660 24420 30952 8020 31832 14567 31507 13557 3665 5283 5161 16660 20239 24922 18036 4390 6465 1485 14655 23705 32427 25729 15755 
1722 4729 19651 2819 14295 11731 31978 18738 4512 25265 6620 14580 723 4337 16340 4650 32281 20903 4194 27058 6187 11444 25011 13207 20792 19610 29458 13700 3467 9358 19119 32127 361 15567 8351 12499 5176 6455 31525 
18254 32487 28175 24624 1709 10633 5928 16420 21077 3139 1319 32221 9028 5993 5409 14322 15430 26340 1640 14134 28268 17623 676 9861 442 16258 27685 30653 5664 22118 26231 6666 4268 681 19767 25959 26877 7869 3366 
24417 27387 28989 4988 15646 16581 24343 18303 18079 22763 2288 16979 32578 31966 22468 14612 14219 11172 15565 19746 27683 3280 10407 14012 5665 4018 32177 32209 20617 2763 438 13586 30482 28547 4813 27468 8749 26143 9085 
18165 9282 26093 16933 5 27709 7617 12187 11271 29001 16549 18708 4207 3035 2765 18756 28462 24563 4809 9414 388 15519 15102 1469 5397 5312 22359 10940 32576 29968 23352 11491 23212 7012 9140 29003 17187 4911 12799 
18853 932 31560 27174 2077 27315 22765 10749 2693 14580 7175 19545 175 24056 14511 27776 29210 30551 31218 32222 18129 17919 29137 3066 22417 3531 10892 13992 18730 4952 32033 15999 14119 11284 12559 13709 29105 5271 18783 
10314 21169 311 8933 21195 28213 7382 18372 13880 8725 27135 7216 8832 18646 14898 18552 2123 5070 12155 1091 10033 20617 31817 10009 27689 7532 21886 8742 5188 20888 19139 18235 26523 7186 31006 278 8325 7712 19398 
24803 21262 1270 16182 9475 26789 26257 23168 7435 1045 26084 21220 3856 25015 25138 3489 546 2021 13755 29707 4630 23473 18330 19934 12425 28119 29934 5586 30497 5105 5432 31855 28438 8682 7684 3363 29169 22453 10700 
10642 1940 22335 26137 20269 25979 13986 11499 23302 29505 667 19803 16354 30822 17726 18303 25232 22351 25832 32654 4218 31118 28534 11332 17530 20836 9652 1160 11759 5252 23320 28749 11791 5146 32177 16566 16255 22028 23130 
13181 31777 21376 28979 17813 13613 158 28242 6414 20867 407 6837 29242 26175 12518 22907 4110 15758 23254 1364 25546 16321 21060 16951 27613 29344 17062 5971 13826 769 25420 25927 19632 3225 28646 3221 5041 5137 2631 
22612 22544 26460 26984 294 5945 22601 31152 23658 16732 1364 21106 2995 31506 9410 9400 16504 8771 1517 1855 26637 6727 15580 17346 21457 9035 11286 2427 12714 16631 24760 10472 26798 29774 29894 15563 11811 19669 27583 
25716 26282 5367 15732 29506 10167 7592 793 14696 27972 27977 31389 18925 22471 21963 21559 25079 1633 13848 32322 21832 24920 27310 25418 9225 26823 12685 20071 7622 23444 1364 27081 13755 19107 13223 2965 27726 27721 13011 
17648 29148 17412 31413 26456 26296 29289 25816 29755 23665 16733 22493 10946 31828 16520 16928 10222 30514 1543 10136 19687 8804 26465 18175 24465 26123 16061 6707 6495 24732 4178 13789 6252 25501 9246 19536 26312 11689 26587 
22452 3087 1466 11567 12131 23873 7080 6179 3219 32461 20972 20950 16950 19695 21674 21363 11294 7740 8687 23904 6501 5244 26423 28344 13836 28599 22578 20732 14306 6035 25287 3077 21159 20189 25690 22077 14194 17765 17482 
21775 9040 31759 6078 16796 16686 12071 12962 17840 25337 15093 18924 9460 22019 11921 2852 1637 22185 249 19747 29188 26419 7265 15899 22223 3579 13258 13015 11505 16082 5846 31556 2102 29599 30683 24625 11969 14409 22582 
11859 2049 11735 3810 29324 30689 18646 7497 19308 31295 20219 18009 29689 4768 22538 7131 27563 25634 22006 30208 24507 1458 26698 2365 14750 26238 32455 3673 30412 22189 3919 12485 11717 2126 25346 14123 25686 7311 16038 
6729 6936 4400 27212 32256 12859 8759 23600 16552 2945 29668 2786 5287 3469 6375 10915 22594 27742 18641 23058 8115 23319 23241 520 9595 2817 22656 27840 5369 7122 15719 22587 25404 24880 13855 2018 10774 8561 29744 
6510 14705 12709 27135 8453 21222 4822 762 20645 17292 29838 11286 11974 20494 16538 16507 8251 9985 5134 11901 18778 19828 18825 26831 2652 14792 30906 30707 6919 4290 3875 16373 2442 14558 26141 20057 8360 14310 31261 
17490 31000 3780 10037 12597 14892 1941 3806 28972 19890 10750 2804 25647 2840 18883 20994 4400 7635 25493 12480 2454 11008 15404 31962 8429 31308 30102 9459 19676 9746 3791 490 16727 5828 401 19804 7445 19852 29293 
24938 14917 16947 10011 9660 30589 22593 14095 19909 3315 12134 10828 19529 16879 21272 31357 8221 5760 3454 10818 24111 13679 24973 26312 7366 17009 28785 26524 9226 22688 20014 193 1990 19756 2439 6912 3693 2638 27423 
1663 2395 5758 12254 23445 606 7142 17046 24029 25205 1046 14566 5513 30167 31737 5983 4857 28983 29704 8422 4237 23623 28861 13657 26295 1403 16203 886 1620 25359 25228 4600 27964 1355 19515 25602 18711 32262 13923 
15553 15475 24937 12567 17998 31252 17397 14436 8145 10891 22983 26244 5868 20491 6939 5716 4183 7287 4624 2569 25543 28095 13739 27166 12053 25709 30237 12432 25756 18555 24137 21582 6371 12392 28289 18667 21372 7819 5264 
9879 26411 2214 25854 3661 5451 32190 31119 7758 110 24106 6413 2765 12868 23019 3143 12012 14526 10555 17498 10727 7794 13160 13871 23695 16962 6115 3909 23291 21048 19860 10161 9850 28085 19569 21859 17355 13003 30031 
1194 401 15079 11256 14843 769 19123 22397 24814 25310 14650 15566 3209 679 21070 26503 3265 23055 14374 5389 32062 23213 2124 21978 12639 15349 18359 22805 8574 17255 23091 5734 15733 23814 2314 18952 18528 6156 23773 
30496 8613 23516 20179 25677 7986 26936 5366 18048 23814 31668 3545 3598 9715 8042 3966 2563 22946 3824 7544 21946 29655 11655 19021 17578 6390 29077 18462 16515 19399 21334 27786 19834 12406 5070 11215 10464 222 28674 
20274 13818 5638 5223 27298 11533 10988 25755 21912 16568 15490 27475 11073 11654 10999 1685 5599 26564 55 9255 26989 23440 32693 8775 20865 29491 25448 10396 5751 22449 27155 3437 15820 8094 6858 6929 2504 24626 25010 
18854 7264 21664 27144 16646 16730 4004 22885 14071 9138 27483 20544 32162 29245 11096 21428 22087 14220 1268 1155 23598 26899 485 18268 7137 29066 28947 16985 10904 14996 22951 21452 20981 31135 9316 26171 9201 17419 28474 
17833 2839 11918 16152 23063 10992 31703 1027 27467 9406 7793 9061 20944 5228 4587 31911 14654 22982 20278 7169 22460 486 24654 3985 16066 25838 22300 4779 10532 19453 11164 881 27212 13147 17723 22179 25286 31991 13187 
32184 7683 10004 23033 29485 32086 23359 4934 24861 5187 27012 3990 5650 6649 993 29246 15387 5149 19963 29345 1566 7881 5392 1108 18288 30165 17453 19072 10659 9045 26785 23176 29855 30562 23217 4588 7412 11550 24205 
