79
3183 24818 20867 16243 22764 15386 14195 31659 23914 31076 15491 24052 26981 10036 32531 28284 31328 19148 13812 29990 13249 18634 1748 17968 2273 14066 8445 16914 19812 31534 28736 3241 8134 23507 31787 16276 25143 25894 18307 7135 13737 18463 17390 32478 11047 5741 11759 7772 8040 32697 25879 20470 29860 29743 5242 24513 7846 20539 16225 14899 13603 30096 1598 27968 74 30063 14309 17603 13212 12326 760 1568 19198 3543 23459 3879 15884 13434 
27018 23612 32177 24357 4608 14773 28660 14987 29306 9348 24085 27332 24387 7702 2265 7756 14961 30587 22306 21069 14103 22470 21186 11297 23740 439 26513 3090 24332 7319 6334 15717 7630 1124 8290 26520 24854 25902 11611 9447 9660 9665 13143 25109 3596 25988 303 27496 19135 4513 4471 19190 4139 21862 18771 23583 27574 27116 6539 14427 3472 2294 13794 24886 23202 1819 22180 19352 23233 22824 14463 12362 22312 2240 20115 17846 15653 23621 
23244 18158 6418 13820 24688 27632 15751 28267 9460 14121 27342 11782 13076 15415 2711 2571 5155 17395 21485 26795 13215 29103 27497 28778 8456 19900 21414 1736 9202 22832 16884 8737 22106 3813 11089 29394 14646 30149 7573 10141 30543 10309 14572 20815 19027 30000 23945 10655 13862 32166 24985 16730 3706 29796 25462 22973 31391 25158 3102 27938 27548 5129 21987 10976 14462 5462 11108 27244 21744 23804 29371 22980 22028 3710 22776 27405 14705 29901 
29135 17786 8854 6742 32653 15729 606 8767 30544 6121 23788 18158 5496 7447 8632 8652 5721 15945 18914 8264 26418 21266 12487 18974 25443 12711 23251 15577 29146 9865 7830 150 5839 3940 25625 6668 19889 7479 28274 32201 16224 438 25494 18622 10396 3053 1647 25086 1214 30757 22318 27075 20645 30475 3555 6578 31220 12303 9034 31328 20091 17163 23528 4628 32754 3365 2391 28879 4077 13558 30175 15753 14348 16876 11846 10430 8818 17132 
7656 26665 1657 18492 12554 8144 32164 13473 29035 23616 9430 10692 20764 538 24001 5082 6034 22222 17568 6276 9466 1703 11817 27892 32716 19464 16829 22354 24739 7157 995 24414 12364 31700 25844 29270 11292 25717 10264 32282 9351 22097 13936 18318 2543 783 12949 64 15290 12365 24642 24395 19879 14236 13389 16763 14178 18380 8412 5297 8790 19307 29141 4745 18882 6280 19862 3643 8463 19900 11751 22975 13409 108 25900 1589 30572 8264 
992 899 30345 13335 12862 25408 7688 21431 21057 17105 3016 863 32207 8401 7942 21544 13617 8631 14963 28108 20935 1970 27785 26029 4346 25048 29214 1817 19313 13952 18234 28876 11400 11500 14886 11190 32254 31276 13509 7935 23533 5438 12327 1353 25856 30330 1628 18229 15072 26158 5766 24360 26351 7813 28466 10831 30521 17581 29417 19168 26536 32056 11009 32675 11127 8131 15545 5298 27368 19926 13446 20861 18746 28940 7079 2064 18133 25716 
3071 10649 5065 19766 13860 1060 26230 26234 3508 3498 10892 17541 4072 24650 7223 21285 22635 19414 9107 4944 30828 8337 1126 23560 17394 5943 13838 8833 2415 31294 30648 3462 26521 29788 29907 22553 13685 10313 3525 18266 12468 30150 6364 14250 26179 4062 12167 1295 2334 18540 23494 21210 11109 13533 14815 30344 3505 4151 25171 2535 30888 32346 12304 26746 21711 5255 14056 7197 29856 19230 32322 31980 17629 15532 21519 2146 22307 22052 
19456 13246 31426 23661 16118 15787 22476 27421 24251 17183 16492 20613 12783 7044 11385 27373 3141 16406 4939 27424 22255 17036 6094 8236 15702 5882 15060 12387 4623 13558 1968 25509 10 21498 28416 25314 23565 18185 17354 4314 10849 15253 3787 24615 11468 24481 11275 19070 3263 13091 26293 19762 30159 2220 1830 3833 13417 31050 1860 4851 11458 20398 24849 7400 15886 11914 11136 10962 26098 30269 31111 10139 14395 11698 12149 15143 32464 29317 
17030 23445 5605 13416 5812 962 22642 16326 28369 13071 12516 23462 8915 6757 8722 32465 4207 6774 23666 24631 31209 30533 13197 26255 18218 25832 1968 15166 23827 20876 30693 1146 32529 4283 28705 2735 28401 19418 26559 19745 16118 23542 25645 18900 2601 28864 5094 31913 1777 10453 5536 22985 10211 32579 16326 18246 16091 12873 31784 23040 22092 1887 3058 22982 13524 4214 18394 20670 16148 22145 12446 10759 11198 3380 25518 9116 15855 13324 
18469 6012 31168 18575 2046 24584 1816 28117 10629 23468 14020 11591 23819 21441 24009 13479 21214 19122 31480 13649 11641 30046 23236 18624 25591 25534 11601 32339 10446 7368 17101 30289 10425 12691 25091 11820 13814 3003 27949 25090 13234 31495 18698 10089 21954 17993 14897 9580 2195 17286 11429 3537 5476 15191 6569 15262 22194 7055 32726 6875 4340 15646 8554 15768 17289 16694 31971 16946 1519 18860 13261 28371 17717 4256 21464 9784 30131 9056 
13869 6583 3320 17546 26882 23680 22532 14705 22380 15395 440 1730 9077 594 23946 24680 26223 1000 19069 20652 19336 8491 16977 23201 14494 6990 26870 7103 31060 25403 12359 12494 8293 17807 25589 25094 4920 6117 12737 23156 29621 19287 495 28319 23640 2114 13303 13932 8835 14154 4989 32319 4889 7070 6531 21347 23880 25213 19934 12204 8102 19450 23782 2138 19328 20732 13682 17473 21102 27272 17156 23847 21035 24131 6208 12398 12964 13362 
7587 17139 27215 14789 6257 31797 23742 13844 7663 7354 1908 13160 18131 29614 28919 509 14073 6094 3623 22534 19799 10116 4557 13042 4147 21587 23159 24046 10643 15734 29316 16811 2038 24004 22139 24929 30529 4311 30113 10516 17916 29549 8394 28950 19134 8974 23407 23245 24038 8432 17153 27318 7052 23575 125 938 440 9920 30785 10080 16081 6912 11294 8244 17496 12969 942 30758 29142 5741 28391 24870 27666 26694 5873 29327 29832 3349 
4405 24561 21783 14729 18615 3347 13306 17986 4517 9016 25593 3894 6960 2978 1248 25172 13210 29525 2097 16744 4752 15389 28182 31551 7611 32466 20121 24587 23442 731 791 5384 2162 20209 1010 19296 496 14117 20103 24141 31854 3109 26464 7293 14060 20411 19626 16570 8481 4758 27881 24010 10186 24397 30186 16788 6979 22177 4089 4997 25684 24835 22869 12850 31565 6486 13793 5183 21845 21749 18204 12415 15359 27896 8275 12636 17182 11443 
2838 30586 20699 2432 28648 12183 27652 1983 14138 32694 17575 28954 13979 3964 10976 16398 32297 28634 26607 25766 6731 9708 11661 18058 7586 23841 3969 10297 1852 1181 15214 20371 22795 23515 25327 6042 29334 12951 3045 20345 1007 24555 15120 2758 11493 13496 11485 18180 7290 27975 4223 2668 17560 26160 31041 24557 30207 6267 31259 21617 30850 8454 8067 22882 29555 22310 15237 12396 14940 13969 14358 17541 20975 8316 25510 5163 16704 14336 
27636 4333 818 24002 31526 6189 11311 3795 11033 26916 6173 10965 17142 15399 13453 25952 29446 24360 15157 26276 711 31615 28832 24399 9535 26859 15140 5041 26512 12755 9749 8733 28109 11474 9528 2195 29196 20339 11386 11677 14780 7737 28642 28791 30009 24035 24517 1138 15774 27117 13625 7066 9435 21594 8907 9367 3079 12977 32117 8145 13303 15430 29130 20440 15375 7610 6516 18690 856 9669 1248 9302 8147 12083 3384 22952 24589 27693 
658 1286 2804 30394 2663 6995 20969 19078 16966 21042 10518 3041 31433 16166 31234 16394 7881 29175 25698 23214 6862 3671 307 17580 22729 10437 23557 16411 9222 27314 5786 19854 2396 16866 27311 30358 1959 7958 32282 8585 9336 2024 15637 21122 14602 32758 11994 32169 2936 3394 30832 20149 2094 23513 452 2479 12189 17587 28923 26872 3124 15323 28679 7309 17547 27087 28792 20106 7649 29738 24981 20717 712 14720 3244 22685 25119 1162 
2982 27051 31297 31363 3550 22743 25724 18641 24372 1622 29893 21992 25949 13778 16809 31084 1917 10163 26759 32661 13303 22429 25085 31704 30851 1081 31392 11972 24706 25657 17392 810 3471 11414 4491 26240 15959 19484 22176 135 14250 41 30631 3628 17362 9906 25679 25516 15395 29062 3512 23036 20691 24279 3299 11112 780 6902 3431 890 1344 12126 20581 17949 30141 8948 23485 20994 10113 28557 10626 16963 27983 28849 27564 29511 6914 12191 
14349 20197 12578 12432 12423 9164 26293 9536 31611 3106 1367 10411 8324 10091 19341 26644 7526 11181 18775 23884 18241 4561 27396 32305 19467 24909 9802 1397 26684 24320 32150 14497 9419 9053 19873 20313 12634 23500 6468 24545 11950 15181 18317 29920 32097 24159 2066 12388 25819 9760 20869 8231 9854 20149 11913 10001 20769 17644 19652 8189 26816 32544 566 7616 13937 23902 15561 27751 21658 21701 4137 14273 19298 27187 21973 31518 20837 16414 
4983 7765 1196 15295 7025 25612 12252 1398 7096 3379 28589 26730 3813 21970 19614 21872 17289 12037 7400 3374 28097 23108 17072 13696 30475 18920 6784 24090 88 27371 11768 14447 19043 15344 32449 1746 30784 21891 32195 1755 24632 18337 664 23309 24276 28795 22336 14261 24632 12407 11286 22293 5042 8056 2050 30914 32147 10079 2289 28747 23358 10194 2178 1819 3454 1852 30978 13729 32029 21780 3739 30638 11698 24931 2248 16414 29370 28032 
12300 20410 31466 23070 23524 29533 9668 30345 5370 27990 22377 21805 10139 3598 16046 18776 14955 16363 16753 29249 15704 2675 814 30536 17612 20661 14797 22911 9511 20196 17598 32362 25196 6982 14920 22531 18490 11852 24350 19969 15871 13827 15412 19546 11112 14507 18128 6919 284 19108 20196 25351 14761 23442 10139 1190 26302 24249 15922 8959 7836 21161 4873 2240 24007 27680 18682 18989 12545 26668 16105 18536 15224 18832 26524 31215 27967 1385 
21453 7270 32251 25361 8830 13207 32735 4932 19341 31159 7898 17025 30856 9450 24590 10931 24514 9738 30085 26641 21927 17572 31263 5443 2124 15428 10703 29382 6475 16115 27143 7569 2509 253 13937 6393 11496 12792 17888 12242 5164 1793 31622 28887 10872 14921 30823 19020 28946 9169 24845 2273 4855 20337 11134 15834 17008 13343 2411 20589 5350 28782 17066 15979 20727 12373 5095 20515 25290 8242 26006 17284 27295 4366 28459 12929 6570 12835 
6798 14522 20769 923 15305 7256 14228 26267 28932 32312 14461 28288 16052 21837 8728 22377 15375 14655 21876 17909 25539 16472 15562 13390 23783 29857 31759 12390 20530 9288 4037 20352 7531 4421 19990 31475 1312 17469 32291 31274 6811 1703 31130 24048 4626 18477 3206 12522 16158 29525 1900 4453 22382 30048 14227 6227 19901 32115 14755 12687 22785 14068 23154 18793 31718 823 31258 29534 8314 30298 9551 28199 7210 7021 22767 10486 12269 17366 
9179 11772 22719 26100 6918 5678 1105 20227 21451 27209 32255 11328 22660 5395 10242 12109 19288 19172 21735 20950 11092 2662 21823 31861 28605 6809 3481 5331 28069 10778 10413 14097 15293 29604 14810 7782 2154 3031 25555 265 5659 15416 22421 25425 20953 3962 16284 9754 14368 29436 27478 21612 31725 4498 20184 29783 9240 19336 10960 24353 4836 28644 28858 25764 11221 6892 14167 15857 3009 24040 21339 4921 1834 5161 26726 6382 25291 2378 
1590 2085 31345 21686 9755 30271 18956 3690 7339 20424 3334 16637 21430 31391 26579 15581 24701 25431 20426 12507 18974 31198 9523 11242 5203 24924 13217 27683 25180 22366 3202 7949 17978 5684 28660 30492 4126 13975 14298 14967 12833 21648 31023 12030 3125 31637 20379 1932 13404 7668 1860 13945 3864 7029 6375 18788 19490 6970 11303 12847 7006 15595 5157 8522 11791 25872 31312 21813 22600 10430 11135 832 26275 7286 15165 15766 31796 2634 
29027 31353 3264 21313 13805 8399 18219 32765 28422 15838 1072 17563 1381 18516 3413 31707 732 5258 20509 23937 32558 24073 20863 29691 20258 2638 30103 5443 10709 2250 28572 25351 14420 29741 28178 5640 17258 22756 22336 6336 29623 17632 10725 13639 22530 1178 22055 23159 9681 12628 8908 15439 26678 29857 29356 21397 4331 9511 32358 191 8097 8356 22099 22036 21398 1839 16568 19727 7014 15297 18496 27396 14115 19955 3753 6405 16551 12553 
14269 13063 3625 25648 132 4673 8975 28676 22200 5845 8963 23893 1145 29874 31561 2347 17474 18361 13904 31239 20764 13087 11655 6764 18193 4114 3441 31902 26596 28575 24572 2986 6143 29651 4367 19878 10157 17440 8546 6970 15497 8451 31634 28768 28471 23268 8053 14951 29009 12350 6059 18238 20388 22271 28021 14831 9373 13618 3786 10346 20222 3291 23208 18052 213 7970 18345 16959 15023 2740 22742 13644 1801 26983 21695 20430 2567 28957 
29388 8289 14697 7146 29390 7515 20666 7033 21209 21330 21962 7083 5974 23774 16735 6274 22868 1951 8232 19262 3871 19074 16370 29381 17172 28993 15646 31560 11443 8489 1107 18724 24566 6944 7280 11014 1761 24294 19653 14163 22875 5019 29570 6343 18236 22914 8303 3676 2215 26884 18398 8813 2202 8952 8671 23835 24003 30241 2482 30192 17814 15864 29058 18626 21916 32428 15952 4570 22286 8808 8237 13654 162 7124 15020 5580 677 4574 
12695 15920 6474 30906 28129 25336 6466 15399 11996 32381 10892 24309 15276 3237 9615 13252 18684 10687 18022 4878 26351 6318 10875 12904 2905 29770 19543 260 3120 4099 29112 11643 7741 19400 16356 14537 11287 24359 27198 15001 6482 24501 12055 15044 17908 1712 5830 17428 26152 31203 10491 5197 567 7114 3152 3438 12979 9975 17441 19508 27894 6324 158 2016 29643 12010 13598 7994 16490 32065 26807 30422 30634 23945 29963 3222 16242 16217 
10084 25712 2160 6901 30724 12913 8206 2933 19382 26114 7842 21540 29609 31339 1509 21799 24446 12437 9127 13151 13728 5652 3265 14224 17876 32100 17482 10434 2577 19315 25358 9703 10641 15968 21307 17087 12840 4483 29790 27641 31701 8877 15246 22171 27287 31921 9191 32419 641 27427 827 30958 529 31583 5891 7258 30398 3789 23964 17960 32720 25188 4016 15780 13172 12141 19954 31495 23056 18826 22286 21916 29652 24054 23007 23842 15506 14350 
14307 25202 8655 12049 19437 29537 24346 8484 2330 19944 13468 8089 1542 3714 27633 12400 18496 7638 7990 18718 25595 8598 30307 26254 17414 29863 20187 26214 11774 27266 322 1419 22210 25050 14735 10215 6951 27263 5474 19818 12525 642 31895 22606 25586 11930 26651 2208 13222 29126 2814 20732 25791 26676 4554 26776 23342 2402 27668 16003 20561 21891 21584 12847 14698 29220 2538 13614 29264 31247 29074 14905 100 1135 4055 5494 455 10038 
4599 12795 7370 30908 22773 16526 934 21672 15085 17326 24686 26644 28325 7384 15681 18668 21860 32515 15556 7319 5895 27245 14031 4570 17489 5529 3431 12793 29571 26520 19949 19743 2860 26505 29332 1535 12099 17756 22553 16572 1139 24539 15278 30982 15798 27626 21815 17287 10277 8461 25016 32381 10511 3884 12814 30120 25160 403 4574 32102 28867 4925 6860 18717 31075 22610 18413 217 30735 16622 23934 23094 1285 6436 30934 14465 1136 19011 
23705 6170 29756 16727 19759 18716 19497 7923 4468 15680 9246 5166 27569 27903 5313 4332 7884 6135 1604 10079 21435 25744 24961 18637 29502 8927 22346 16275 18382 14027 12794 2666 31696 28014 25936 31977 18447 16830 20606 18763 26217 21612 26236 22387 7369 6924 12450 3373 29781 2679 24438 27575 28904 16493 24003 9856 23746 28799 6635 5935 31870 6188 31101 13031 16197 15947 11018 25801 16194 16809 18997 29115 9813 31474 2570 18792 19212 13781 
22929 26760 6607 17763 13986 12386 7770 14264 8954 22415 16753 27870 28559 22528 3790 5358 21025 32323 5983 22904 30994 32257 17326 13861 4471 12236 10913 17563 29551 23575 16483 32673 26804 14214 29090 16772 16751 29801 32507 441 11089 3459 11442 5571 32479 11791 6823 31064 30477 23301 22661 25023 1807 16793 2621 8316 17004 20228 12467 6447 2900 30088 27318 20154 31539 17070 16950 19362 14726 10963 22961 27064 13550 11746 3567 15608 29314 14691 
24559 9649 26474 27573 15137 19942 4266 7319 27606 5620 15675 20206 23028 13430 15968 28610 23534 3430 29239 1673 13811 1157 23694 15016 6502 20220 16889 21047 14479 2115 31009 3588 17040 3650 26207 1755 23450 26806 21898 28677 25952 16343 9741 25359 11212 9784 32060 6349 18929 14830 29416 13213 23362 24820 27696 32496 19713 9422 6299 18439 25594 29037 17764 13307 19056 15187 31509 14080 14936 20727 6487 4330 6085 23403 25865 29425 4004 21052 
15503 12977 3753 26266 26221 11893 9353 10680 11796 18100 10090 29302 17147 4316 11159 17982 3570 10063 9081 18731 28852 15019 15299 31089 9147 18511 18412 14841 9816 6683 21218 28747 29954 29558 10237 14769 31215 3990 26673 31641 27617 21756 32649 21308 3907 25149 3792 10365 3444 22536 7569 26644 22115 1125 10307 10475 16476 21307 24253 16584 23073 10261 9968 3117 9021 1317 14292 28029 7829 9098 24739 18271 29504 24782 20550 30311 3992 9651 
28940 3572 657 10799 11426 23636 32586 15029 11328 31279 16098 25270 26912 26914 13453 8296 8500 1450 18407 1478 1048 20548 2440 27352 11334 20946 5592 5428 14473 8001 6692 30917 6580 16489 12274 30155 26771 32308 658 14371 22562 23555 29430 7113 6141 16461 11716 15003 15128 4233 26536 1887 30384 17487 13295 6664 19841 13242 10578 4405 31546 9488 18703 11515 13358 23973 23615 1764 3404 14844 15203 2871 8273 4400 13376 6010 16444 26514 
493 25142 20994 13460 2858 4090 7556 16358 23283 6562 10942 23006 1877 26585 32577 29469 31361 18397 20451 22384 21023 7555 31413 4084 18660 30330 23861 12414 24167 25299 23237 5177 12592 14017 10076 19857 16146 6558 10876 19792 32700 1583 3684 1287 3466 8233 20358 2224 20641 756 24635 29585 24634 28078 13494 5220 3646 28787 19254 9396 20756 32476 1152 3978 32694 3013 24717 2889 5131 4692 29568 2775 26481 12343 9947 18941 7576 13612 
6897 30993 12695 19399 15519 19410 22841 8048 25399 28563 12952 9131 2749 11420 28654 24732 32342 14029 30119 26826 1789 29060 7867 23587 29304 10945 6970 7232 1674 4488 7465 5611 13419 27527 18316 17374 8309 19961 5060 20174 21024 24010 8475 28328 8240 23292 8862 28955 11565 31561 24363 2390 2068 22538 30666 19731 17740 29527 26688 724 9179 6256 30178 9580 4826 7003 168 16578 11046 15311 27266 3026 29017 12113 2287 25588 29689 5789 
21707 3425 6639 25159 19560 23795 13626 27298 15329 12076 11748 16097 24491 20602 22837 28540 5485 15033 20776 22486 3858 19450 24603 11036 15388 23171 21706 18544 23867 18967 21118 6727 30238 1655 29058 1295 4489 1832 17367 10518 2984 16503 4648 31655 22179 9659 25856 31606 28018 8410 11835 1085 26867 8974 9915 1448 27449 13033 13404 8559 21799 7063 27689 29889 31294 8548 1232 4329 18100 24445 19795 26412 3014 13051 31745 11248 26191 22301 
27045 29988 29592 5845 3325 6107 18546 14215 19053 2362 24194 269 27637 18069 27613 1790 21857 2261 22741 5936 18623 18205 18450 29051 20246 19629 25828 11456 6485 26118 27607 27946 28042 26958 8584 20404 29780 7671 11192 12012 31387 18332 159 9462 31614 22571 24706 28371 1677 3401 3464 5348 22073 31986 13770 31913 10888 21856 17321 18383 15374 21551 2148 9322 23320 14526 29930 29311 3882 13784 21740 25285 19116 9876 16439 29356 1760 2681 
13889 27039 23575 3302 6145 15238 27173 7089 29700 29840 9490 20751 22718 4655 23058 13492 8478 28004 183 6203 28517 6716 11366 4807 18999 24731 12808 24555 4082 12856 22017 9671 13376 16873 5734 26228 31720 8225 25962 8355 10986 182 26650 25472 22730 3560 3403 23005 24364 27808 4304 4236 5793 22005 16112 31756 21953 27124 3095 361 26234 8097 21707 1629 26023 30265 23010 19643 16612 19386 19698 7437 18081 31909 266 1148 31862 12547 
5023 10737 12214 31398 8649 32378 29767 10417 23984 19695 1457 29787 6208 27861 15988 27375 4901 7298 6559 14615 12019 18050 29342 15195 18852 13882 30548 30693 24904 32715 106 25991 20216 7994 17382 9215 11788 4813 5631 2425 17294 29880 11311 10581 31214 22520 5771 14379 17654 27776 25424 28940 513 11923 8382 24587 10344 9585 12585 13820 24126 30005 9549 2428 17725 18430 4322 10546 5119 21069 3440 25428 20338 30382 24421 26220 14470 19611 
29029 8028 16936 3741 6625 14495 9076 13236 24299 7891 23078 14329 11336 11892 12626 22658 12231 28395 8278 18054 20434 32455 5644 5569 28739 5450 1092 27162 31097 15655 16241 10372 21930 11402 1698 12066 22650 24153 18356 22702 17613 20665 29638 20251 25818 3285 30702 29049 26754 23515 11818 20762 32223 19782 23194 2547 22559 29283 2284 31300 6291 29454 24087 7548 19971 24509 12876 3671 32325 25793 1833 29769 28173 17096 11825 24607 6919 12453 
13177 23524 7203 2644 24739 12801 23601 28984 27664 12201 25261 16808 10322 26228 7900 426 18400 12618 26904 11518 2318 131 11879 607 24124 12620 31315 13829 26189 29773 21238 11630 18779 1929 6997 10334 19880 18309 28655 31525 14552 23468 12693 15904 20830 498 12923 5762 5173 15800 14736 31828 29392 28143 20491 8635 11603 3713 3398 24442 7427 10476 21712 19127 763 14384 15038 22530 12066 1004 577 12179 4953 14020 27262 5843 5881 13317 
15769 4895 15996 28812 22035 10696 31610 21220 3671 24926 14552 24238 20111 26670 30524 12102 11452 1033 3523 1443 21254 12103 25335 28031 8272 1804 12795 15800 14096 28362 12297 30711 28254 3335 9759 19343 22859 1377 21236 16296 22643 5071 10545 18588 27094 27945 15838 19617 10979 2283 31514 23465 16598 14390 27408 7814 6980 11799 12070 16722 17652 23820 30583 23822 14065 19908 3716 9353 25053 21287 19750 22659 24968 16278 2760 18195 3778 32628 
24018 23110 25453 15589 16488 31241 25814 28885 27989 17737 2117 1341 2370 26200 17874 27809 27692 1683 19835 21214 7957 9538 4724 19234 25081 21951 8382 7996 19971 10459 28923 9238 26625 17789 11905 14207 14102 29836 9133 19246 13230 9231 16505 8452 8887 9619 28497 7314 12559 11213 11299 19931 25400 19329 4534 6491 11603 931 20796 8520 18252 4283 18474 21527 4434 3982 10311 17474 7306 13050 26115 11593 11268 4386 24843 18935 16878 19403 
31514 24550 3335 6150 4370 9285 19031 26896 2635 24025 28446 17014 29227 26690 12042 30076 20471 31872 12972 19904 12520 25269 4653 28955 6274 28972 26685 30408 19233 31899 4429 31176 9941 7589 27390 10884 32367 28579 10201 9141 10972 11428 2880 1665 18098 19122 8612 8678 18441 32344 18681 10588 27788 18017 7527 16054 11216 25825 7747 21322 9188 27002 7997 9297 13353 12504 23003 22161 14947 32126 13094 30009 9745 3525 2467 22540 22010 21281 
8068 13505 29705 11943 29984 24490 17242 22220 10145 32661 5269 19056 10236 14576 21627 29979 24103 5168 26814 26758 3206 9075 20246 20317 1958 11107 12945 32067 5677 21342 27435 16407 3345 8405 7070 22133 31753 16882 24955 12160 32321 27518 19322 22495 850 19969 2574 14342 9329 26155 3645 1975 23014 11378 2735 6856 9409 26621 2821 27430 200 10433 5484 1050 12979 11498 2673 13003 18076 13692 14103 8197 21169 3642 19750 14136 21036 19655 
13767 32452 11397 2827 29262 17779 15589 8408 32599 18759 28127 8397 28180 15223 15707 7291 10213 17844 15570 29639 4137 29872 25025 13199 30805 11233 14935 18321 6723 1667 23153 904 3276 18908 5321 18327 26264 19651 21610 17387 821 30819 10856 8093 7783 17981 25549 1749 14783 24428 15318 25653 111 16685 32352 18805 7517 2718 11933 19274 14198 22470 1547 21645 2117 19926 24487 13465 16580 15534 25438 27893 12402 31139 1476 563 25253 22400 
12296 21527 9762 24522 9256 16636 13035 12617 29025 6260 25176 10179 3306 8495 11625 12555 25313 13854 25947 29499 29574 16087 23161 10301 20647 1852 25909 21136 3931 14935 1399 12104 499 1161 3125 2391 20014 8420 836 21004 13228 21973 18286 8921 5797 9478 2244 3161 8923 12930 9525 22161 6861 10011 4448 5751 10030 4617 17319 15536 14997 3539 21893 414 23926 11379 20257 21146 30289 28341 20771 9342 25129 19168 4294 20327 28984 1688 
23086 22457 7137 26627 3325 18531 998 555 18209 612 5595 8355 12783 9614 24283 5742 9590 30345 27257 29724 5645 26140 15609 26934 47 7592 15809 21724 18057 13557 9738 18861 13904 30001 18395 2279 9688 19766 16696 14543 24931 23308 28567 23124 23095 11951 14227 16879 19443 10770 29924 6093 19490 8803 9871 9008 30737 9873 11098 25875 13534 3852 8835 17933 13778 15052 17585 23415 15600 7572 18731 2001 18894 888 11080 31330 10916 11677 
25639 21023 9123 11328 27807 26574 8328 6649 7033 875 9328 7233 13277 203 27630 19763 14347 10111 30043 29327 21580 14843 25453 9732 30247 32760 28171 21167 25559 20502 21856 11231 26621 23750 2863 283 26003 18535 1638 4966 26657 17583 29941 20417 1075 16717 16352 4850 7178 28108 5523 23172 23698 4795 28279 1807 1684 1547 16322 5049 22573 16056 20627 26365 10879 19372 25918 8363 6054 12768 13540 2352 15597 30148 23880 1560 27970 21473 
18653 14289 26600 27836 15140 9394 26476 26622 30516 5435 7386 21203 13466 1439 27440 15760 22116 20607 30483 23704 6265 30457 24257 12416 10028 10721 11847 31089 21776 30798 25588 31182 25357 18265 6413 19479 3763 30497 8898 20494 23247 22803 16225 29464 17980 23400 9162 22501 25852 3566 32035 8531 3975 25612 15053 25744 7267 22528 13462 1663 22517 21356 304 2142 11927 273 4322 1957 15595 27610 24701 30001 14958 3868 22674 18337 29264 15388 
11490 11521 16003 30930 20502 32678 14610 15340 20400 600 6068 10774 11330 10167 26017 14457 477 26839 4004 22657 5325 28462 30321 4324 5763 5552 31546 10208 14035 1336 14973 17092 21856 28714 26912 7857 26452 12630 1983 18082 25940 21024 24645 27306 21939 15326 441 15485 18149 6274 11867 30002 20023 9849 28656 26695 24254 979 18010 18406 3213 13475 9323 32358 4139 26793 12027 16661 7749 17454 29240 16437 26527 12336 318 6212 21840 30143 
13288 26753 21807 10407 30437 12971 19081 9551 25102 26636 30485 9697 2294 18358 28713 12971 14787 29197 29741 29126 7741 21893 13393 6645 29477 22701 26235 3279 18888 25965 13187 23585 2004 14731 21923 16014 6505 8308 31529 14200 2419 31290 16751 30244 29752 13273 23565 12312 2093 5310 15437 31432 2318 1418 19680 26738 2349 13331 5583 27719 19723 14507 23732 18891 3365 8358 5417 4990 2576 534 13697 31932 9928 31961 17334 738 32070 19670 
11939 12722 8528 20867 18291 1785 1429 11947 28506 14702 14073 27246 19843 26334 25134 11401 8521 28038 22404 727 1193 29889 258 20248 13047 26851 32437 16882 10193 28260 23880 1845 10834 4161 6869 1891 6279 11679 28155 25200 1831 27313 817 1990 2430 10461 9305 3980 13739 18970 32409 14632 14603 17309 31334 13058 4341 17332 23009 3979 15272 28402 4455 2943 30081 30860 3683 2407 22130 6659 24679 26209 25519 11779 30844 3107 27050 29324 
29366 25662 12866 13903 7691 4256 27447 30043 13924 3421 20706 10488 1269 8111 28963 20179 23242 13883 6810 27484 6563 7829 19482 2925 16130 13319 14426 2348 9602 27534 12782 6194 28778 24870 4982 23789 21890 19015 30742 4930 14630 29104 22566 2167 20632 8291 24106 27729 16027 6129 2052 15737 24125 503 26728 21796 12276 30953 7313 22003 7404 3598 18994 536 1184 28876 14768 15547 18600 6950 24718 15004 19153 10115 28713 9721 4467 13233 
15525 14770 1535 29993 4135 6059 472 25237 15940 24178 7524 5775 3002 16930 30050 20396 15966 11399 23166 12729 26966 10370 7970 11332 18824 7343 30608 10847 18002 6470 8238 28576 27260 15679 15904 18028 26987 30394 11804 25461 1175 8861 13690 8834 25919 20351 18827 111 15963 10181 24876 30324 19154 18186 1179 6826 31725 32453 3977 10698 27659 20005 22896 24120 27031 4416 14374 14401 11832 11117 4275 7073 5703 12526 27232 26185 27782 21459 
14352 25695 7695 6170 19411 17797 27274 4891 10425 30558 25763 14884 9956 2382 22204 1120 7649 32130 24542 25597 2361 11057 23798 23181 23362 5665 29246 11437 29243 24428 18681 30949 25496 13188 21859 13776 4507 22901 14568 23421 16164 18282 5268 15380 5578 24691 24523 20413 21034 16261 5946 30653 2687 13251 22541 31970 17268 20987 15202 19746 18230 16244 1534 15487 29388 6631 63 19758 28075 8395 2642 17143 32645 981 16550 1503 30819 31424 
17569 6149 24307 2634 32145 8906 22819 6783 26085 24372 750 16953 14493 23957 10102 27624 4863 28775 4180 14223 24204 15995 24364 15887 5938 16467 9604 6568 16835 11468 11990 22461 9894 6399 12515 14295 9421 20330 22091 23533 12518 8779 22363 19939 21718 15693 5414 32336 17251 14950 27351 8324 21552 32256 10565 1994 31727 7767 28872 27114 5330 23074 23884 10994 2882 25205 14499 5686 17108 31718 10016 10390 18297 15087 609 20479 7925 24467 
22124 17461 20114 5188 13566 23759 26901 5125 21279 2179 14577 31692 9466 18851 23227 19242 27628 23528 23518 22573 27355 26479 12688 14982 13513 25857 7172 29159 18856 6039 18913 19375 30064 16157 20468 19401 9584 26743 18721 7377 10209 32450 12960 19321 2497 476 22630 20780 1759 1574 26080 12785 16434 24968 28391 12689 11374 10678 1265 25596 30425 26546 11396 7401 16475 9363 18161 701 30421 13188 17470 18606 14004 23823 12644 21544 27334 20380 
30395 20847 7756 31028 23218 31623 13648 11915 7363 6993 32569 17214 15526 502 22428 30553 16837 648 18773 24092 5873 12007 26583 8703 20051 23522 21184 18931 24997 12447 6065 25579 17058 17725 26204 14491 20410 5303 19166 27775 267 17932 25168 12832 24973 4253 15768 29075 10380 16342 26245 2370 1884 6672 15132 3055 32584 11958 4908 8181 21451 20391 25641 25553 27907 14812 22326 31714 15970 12619 1412 11629 1447 5131 20187 10980 30220 10424 
32374 30056 9153 11289 12820 30604 17306 25088 14156 15708 4869 11634 21281 28062 31806 29704 10198 26711 19142 20629 11524 11921 1041 22793 28137 30556 14462 31638 515 5651 24717 14097 29661 5600 6733 12954 2602 11906 23315 30847 10000 30286 26993 22622 12742 30068 13158 13450 15969 32388 21715 16048 26603 28721 25134 26555 4278 17492 19322 1780 31983 4148 27511 31854 31606 23044 5910 21153 4333 26541 16687 9045 22800 27342 1654 17346 4676 11777 
13740 31733 1906 10081 10258 19829 19477 5193 32291 3367 32402 606 5250 21615 1225 27087 17714 3480 30441 15579 18693 8054 11400 4244 19799 31817 8179 17123 4603 6117 7106 16845 9078 2320 26288 22516 1387 23084 25002 8801 24919 19734 19494 4992 3455 5709 8886 10092 38 21335 19421 11629 770 16480 1825 19136 15089 28965 21089 6806 22505 4368 14697 3934 301 28324 17348 31047 20935 22044 29905 22017 31026 32591 4634 19908 21591 4823 
9184 404 4795 2674 25595 3779 15350 28840 3809 27575 10599 17327 19204 494 18470 32651 6753 10558 14138 4985 2645 26722 5644 18062 5555 7858 5916 20380 27925 31538 10995 9301 6511 25806 22361 17331 11498 14308 3783 32663 30191 32003 7199 2480 26753 31987 30363 18334 12753 22005 4611 12887 10764 30283 32548 17610 6264 8187 28797 15811 32191 22993 30523 14607 22667 29091 3176 25568 6226 29656 14943 20595 12916 15403 31363 11503 3459 941 
6960 24977 14049 4105 16882 23046 5777 26636 24053 32280 5447 12645 7869 7565 26817 7081 17175 21324 31322 31898 21584 9154 7133 424 8612 23172 32407 6840 4089 27446 8368 549 4558 22955 9403 1540 23406 27981 18315 30381 10089 13248 26696 24183 8004 5826 22211 26306 15472 2390 23559 3643 13689 4129 12593 5211 19328 10516 22657 15921 3051 22091 3248 22626 23131 20533 14980 6766 22238 8950 14499 20276 29799 15113 12709 26297 21371 9514 
29804 21797 13612 1395 7864 25358 6731 2501 22006 21241 25306 23401 601 30 448 21495 16428 23148 6336 31095 31591 25549 4268 1479 27008 4779 470 32061 21891 15795 200 6284 29285 29913 9013 1516 10134 27548 20783 17781 3029 22667 13977 9420 584 28168 26848 7682 11724 20556 5350 7609 11914 11435 18751 29833 24011 22041 12448 30626 31757 2798 20628 5298 1365 18406 8305 23817 8136 19564 3211 19451 22645 13336 14759 19589 8822 18806 
7347 16948 19511 30217 15028 6467 24341 29583 9471 8707 7467 8839 1452 15232 4456 10737 20552 4450 26085 17493 27338 28945 29814 24070 25288 31261 17792 26792 747 11740 28938 2032 23713 8789 5654 31659 6673 23644 23601 27394 11348 5375 13129 29948 10722 28193 17855 10820 29002 23141 20669 21549 25639 15438 22218 11507 20047 164 24731 27972 19789 14361 16428 21246 19474 29740 2576 1339 26343 27470 14598 31115 19366 10307 12236 16000 27178 18636 
3384 20336 2308 3971 1668 21878 4719 19718 15338 31162 11655 25687 15216 11506 30645 28291 9734 2089 29294 16770 10958 10943 31005 24159 19643 14770 21341 2713 9821 25627 14188 6344 8187 4348 20700 9347 19427 6712 8076 17794 23806 14563 17111 32256 27559 1724 1291 26723 31933 14584 15133 26655 32503 30786 19611 25048 12920 31231 30689 16071 11940 16086 9872 16222 31281 6768 26172 24879 27009 26748 22885 23562 14127 4855 13481 31333 2792 19882 
7223 20737 25212 10996 30087 6603 4404 28105 329 13825 18791 15611 20891 7061 25672 7096 28798 12758 23554 19285 19083 24909 11271 31305 12770 23269 2980 25725 3428 23120 14042 18627 2082 26533 14697 22435 21780 23630 28717 32606 23311 12065 13485 14637 23793 19405 26354 15306 29215 31096 18837 14129 25393 5286 25628 32168 16107 8285 24455 15869 15215 29319 4389 13071 14258 32663 10156 27791 28973 2415 11913 5384 16853 13697 23413 22813 31308 20021 
23113 21523 11353 13195 2835 9615 31126 16130 26217 5280 14952 7864 31741 25599 4404 27602 16242 15254 15824 30 5998 19264 17720 20215 25329 2768 16771 17770 26853 15188 28181 30103 26102 3483 17429 4441 11427 4596 15138 30761 2965 21817 577 23615 28208 20236 17690 17147 27497 1377 20837 25732 14039 2365 12447 11951 10252 12476 2561 28450 19493 12889 24754 26809 13728 1386 572 22568 32366 11242 14653 11234 12361 18811 6239 29498 1864 11179 
29065 18632 17073 10103 19799 15375 30734 28686 30408 32348 7299 19159 28471 22257 14430 17588 24205 8803 30960 19593 21428 24897 5276 22264 26959 6646 13613 28527 8872 4593 23660 23141 5353 8707 30451 11488 12432 10760 4412 32059 16157 26569 25341 4390 26893 13601 9400 11502 22540 29023 25485 26623 18791 6636 18260 10919 9408 22062 32488 14620 27397 31403 18117 28609 4515 18290 15830 5285 7670 26039 31880 25164 5380 26813 8739 12211 4972 22009 
19546 22926 8601 30836 11553 20692 6203 881 12990 29309 10488 18512 30243 3211 24414 946 25467 13383 11805 1502 20739 20941 23667 14947 30747 1226 26599 21247 1181 18053 11834 6592 11885 27932 29595 11881 4433 29712 6426 13079 14083 11780 5983 11300 1925 17346 4508 5964 5045 9343 5312 32270 28193 19296 22254 1877 1564 32317 2861 19544 14610 27044 7521 29887 3608 15905 27258 24071 20423 12988 18667 21031 30795 4292 30045 4468 9143 11467 
14245 13250 31899 28914 21492 9420 22233 23655 7246 16342 27828 7211 13886 20112 29226 8473 26823 28478 29316 22308 1693 9750 11307 25056 18582 7657 24253 580 11355 23558 16224 2478 11107 27484 1879 32295 24098 17118 20691 21480 24445 27436 13835 24606 1154 10095 26254 26859 15446 9604 9944 30381 11374 31070 28196 19074 23810 26533 5762 7692 2495 17315 21289 4209 27325 25697 24846 25766 2480 29965 9654 29934 30562 9375 12360 32669 30049 30909 
20710 12578 26612 18395 14909 3908 9300 7846 24923 10668 28441 5283 4033 13220 16115 21523 23482 27422 6042 22811 31467 28920 4360 11297 9002 30334 24293 7033 28052 25649 27715 14401 28633 24007 24459 6793 32731 18290 6839 12472 21880 12389 3010 7722 32419 18069 24925 27934 22970 14268 30692 6096 2579 9124 4752 11490 6873 930 13550 4864 17430 11104 12432 12228 1552 18144 15106 30167 3801 31166 8191 7770 7714 950 25573 4484 23376 3685 
27239 17036 20946 2132 30082 713 1969 12594 4274 4120 25192 15201 15461 25214 19959 9909 28080 32014 23091 14456 13889 17933 16992 13489 10389 10837 4865 15525 19563 4087 25071 30367 14200 23588 19625 25325 7772 4174 12523 555 29141 17034 21378 12484 23602 30009 26974 23477 13067 4583 14057 29332 12592 2931 14743 15057 3295 27504 4030 26685 15930 20172 4777 7880 2551 5551 22248 16783 9306 19110 1769 13078 96 1281 19405 27345 7998 19066 
14452 1002 29705 13335 27354 10558 12215 23121 22439 681 2374 19573 29697 1923 22075 5963 12709 23146 1870 7926 310 4674 23908 20507 20180 5243 27325 27717 11505 25746 13423 30088 8544 3291 2067 32101 18607 1149 22974 23278 17335 14014 15923 3114 9073 3969 21846 18107 18188 12556 14564 31678 24636 14095 17250 21235 4564 10978 17235 24862 23703 3343 28334 7597 20043 6160 10895 23450 10000 8282 31533 18835 26864 13722 12300 15705 1463 26942 
8308 20070 7941 24119 3105 978 3233 1533 29756 6519 7440 11988 138 8276 17511 18255 17636 32303 11613 31506 31463 4222 24740 3291 1004 30344 30330 4548 18234 18120 1659 29122 16507 13202 18873 20850 21101 25337 8974 18709 12762 32239 433 3288 31946 15022 21000 27226 20983 26199 28861 16232 31873 12761 21524 19979 2019 17941 24444 4548 20518 25408 5476 31254 25173 3976 6991 11845 16688 6394 17451 15966 25124 28323 5342 25975 30331 5365 
30499 16696 21713 14701 3732 8858 5831 10611 25607 23535 16123 12418 23326 12323 31543 8584 9754 18241 22248 3984 11248 19512 29138 31134 5279 6112 3843 28122 28608 3384 4101 26609 10591 2802 12376 28345 16649 5681 5407 13588 30502 8849 1306 16918 25738 7016 23764 25706 12358 4683 4894 29937 22468 14036 25019 11437 15635 31651 26205 4574 28543 3235 20433 16490 25189 31374 27510 4482 1605 16308 9971 26243 30745 504 23081 6938 15077 13851 
