11
537 20278 25784 2194 7950 2028 28940 4211 4124 27894 
8859 15873 5118 16873 28465 11819 6395 11461 21093 25983 
27510 31282 4297 22162 12992 30473 15203 10146 12336 790 
1889 31610 29814 16669 19976 16790 32556 2074 18670 20872 
31918 31181 24169 21914 5676 25206 4679 18613 2045 17886 
28351 2945 29238 15766 31144 21710 6012 3203 2537 307 
32278 2971 4401 1524 10054 21481 11752 2857 20698 18903 
6501 28957 29950 28076 18017 17653 31828 5460 17323 26770 
22087 29536 14110 29112 27548 3917 1233 1135 8009 4873 
30349 11433 20875 4531 30596 31526 6451 11170 14399 27029 
10048 13226 20185 18940 2227 14746 10091 17753 15007 7689 
