28
11658 17536 4947 12649 9834 19661 12254 4266 27197 23505 30114 24631 11598 16566 29416 16834 25814 19683 24657 17655 29984 22920 24603 14770 2795 19318 17056 
29295 9232 2357 29727 2818 2916 5968 30655 1928 19424 20212 5073 24477 24319 25273 4950 18895 6760 9664 16577 23379 8397 18686 32254 20471 23059 727 
7602 3672 14003 21743 25029 15445 16992 25661 17182 30659 18922 5985 26285 1890 6242 28471 25519 6160 3967 19884 16173 23101 8000 7888 16582 5023 24787 
6189 1199 31015 22710 600 28408 25907 9244 16581 25617 15877 5522 3039 27276 8308 1250 4440 6692 8929 22071 28350 31743 17517 31875 14928 16432 23657 
31518 3599 27776 7695 10928 18712 26734 1135 17744 31536 2676 15019 32237 11937 2700 21607 9965 1093 32243 27260 11285 21984 16429 28652 25513 21170 27977 
21275 31444 19021 20838 16188 329 6565 29046 4617 22571 28262 4418 22967 2091 21642 23215 28457 17136 16938 2623 100 5051 5524 17626 8003 843 14751 
31439 10347 13054 25659 31766 5762 13114 9036 8664 5532 6411 11193 12592 27382 5901 7871 23348 1255 7565 14732 32303 18195 17899 8969 3121 26338 3394 
19447 15050 27697 8779 5437 24594 10823 19071 12416 8428 17674 8828 28405 21644 5746 15786 29299 16695 2111 26910 29901 5706 13799 5567 6494 18302 27347 
11687 31973 11626 20682 22732 30612 3914 25262 29919 17763 31230 30566 17524 2218 2134 31003 6500 23279 140 7335 32367 24572 27410 11594 9254 3893 1678 
16543 5385 10025 15652 26319 29932 32615 32499 11013 20383 11411 9698 30754 15053 10937 18076 13745 20261 480 4825 12573 15544 6371 12512 10017 32418 10876 
11337 385 29165 4258 25608 7416 21426 23061 6567 11121 27265 24119 1491 1658 24323 17181 5658 1525 2014 10726 14323 12048 11481 30027 21759 20344 1345 
24184 25742 22730 30091 19482 13925 4171 20538 8122 23231 26328 7684 27977 19345 3360 12592 20732 15122 6160 2114 22362 11131 18831 17370 11155 13323 20844 
13274 19 5967 6804 16327 25943 3744 30857 11890 767 28397 18703 4311 26405 2747 24105 21573 24558 30057 17475 16319 4958 3001 14513 24739 18801 25996 
25688 10889 7271 5357 11947 20078 863 22097 15578 3346 27431 5661 28997 2206 20819 28521 32567 22922 5516 2052 26321 27326 29995 28088 27972 24823 25863 
22735 25924 4461 15754 30677 23481 19379 27915 10400 31927 31454 9303 17038 17584 25065 12689 22030 20968 30552 32061 1378 27178 9244 23959 23203 2234 27063 
13353 16133 2186 13216 2460 30556 16048 22505 7119 18911 6424 2847 4646 12588 5494 19314 19493 16525 9343 1813 32317 7546 19801 488 4325 12895 9552 
15957 30189 32415 28618 28023 26639 10200 31357 10882 18632 12393 2527 1375 4198 30513 27102 8342 1121 25754 30418 26225 10222 26838 12976 6495 6866 12137 
14976 17302 23156 11240 12305 18940 6455 25600 27627 9800 8198 6841 2949 3172 28209 16636 12216 32534 2935 20308 32628 6112 16484 27889 17074 1573 10461 
2034 10665 2444 21753 17124 5189 27562 27666 23429 28117 15579 1564 28366 28932 22640 12086 15921 26634 29712 18815 23072 15651 15960 16683 21966 28480 20677 
18134 26681 16125 30932 1047 7784 10196 7271 32345 753 31120 15723 7142 24255 9732 24760 32581 30482 5884 23608 11462 27847 8308 20556 11867 8410 25352 
20587 10665 16937 12972 32525 7263 26747 21917 8391 12999 24768 12184 27319 27803 3739 11593 4130 1049 1821 1030 21340 19289 18644 6589 7656 29663 13572 
10539 25569 29805 11828 30287 22168 282 32748 10015 10879 18856 29630 5241 29766 29203 14211 10076 24899 31078 30951 5720 20247 722 23080 5955 1679 13569 
9242 22830 7624 9128 22895 23191 17815 30556 3893 28641 1575 18342 11936 3585 12004 23385 1034 11641 32152 17187 16184 22922 16596 611 18655 16293 31122 
14906 4454 21284 16408 2789 15598 22839 28704 8010 20624 28961 24629 5840 17637 27812 10336 16756 8652 3257 15364 25114 1895 30341 23303 27424 18535 29833 
7730 26937 31114 22553 8923 4217 6753 3855 6593 8108 15191 16832 15671 3564 17647 3375 29317 13939 17485 11649 6795 30381 24824 11441 21927 29329 24542 
27013 16089 29490 22425 2753 25125 5009 31216 12954 29241 12214 5793 1645 336 18943 15198 24241 16726 23223 5397 13099 3917 15850 30324 5984 19951 13176 
10157 23376 21397 9577 25462 9313 28503 10368 9556 4762 18805 27411 11546 17937 8950 1562 23468 22695 14478 25733 19721 8178 19653 13523 21385 19323 7510 
6368 14435 13098 18389 2046 25969 27134 24981 5960 23608 26881 18121 7219 7715 26236 25833 23910 27151 11623 1112 17868 29452 2339 21827 19943 29794 6508 
