57
3943 18131 8841 22376 14075 23328 11717 8581 18535 15823 3619 32625 26839 2090 7502 13175 9074 25227 17615 6475 23603 31703 10114 31144 25844 6729 32587 16695 26828 10609 773 7859 8603 27004 26811 19531 3043 9141 22555 2119 3290 2124 24871 239 16061 6486 19246 14248 22374 18198 20475 8033 23841 8571 5964 31277 
7612 17129 1670 14897 7133 22589 14502 27073 26264 27147 12923 24262 3905 19241 10003 15715 12671 20594 24691 3544 16802 13764 8330 27046 5431 21579 3688 1012 23001 3586 940 4401 28234 4726 20027 20987 20930 24782 14904 17727 7558 11016 30768 17826 15549 32389 13204 5664 22143 21960 28013 8691 7728 30587 28491 29623 
32268 18098 27262 10187 20482 26740 6025 24058 6342 25208 27092 28251 31010 5932 11169 25973 18829 17147 5697 2983 5118 24272 14984 31688 24578 3030 19838 3338 1293 27779 11607 5156 30477 3796 12966 16304 16709 19418 8653 5073 9049 16501 20664 18714 1189 17248 21707 4779 12755 31853 19736 3997 6317 274 7382 27553 
30255 6693 10766 29411 10977 5860 29848 7477 10596 20792 6470 21609 13130 18235 5471 31230 22571 28151 24143 28672 27380 8561 8604 10537 24963 21990 16668 1100 21105 28244 24422 30452 1327 23612 4230 19272 18517 27814 757 30001 566 26215 13512 17087 12216 23967 2343 27593 17763 24709 20993 17620 9911 24935 8702 6454 
10179 492 31413 28796 19699 9117 11040 17160 15658 24995 29260 25087 6672 22482 14933 5730 12974 23271 32658 15226 17464 1550 14349 22650 15657 16808 20278 32096 13973 10058 2520 26396 6075 26377 26187 12020 6107 4597 19692 2343 4679 28131 9418 22224 24763 13936 8354 3854 12273 28482 22542 17250 625 11153 249 17240 
21927 28390 23894 9066 7479 2851 12561 11041 2197 8132 21574 28285 18128 7780 13746 5783 15534 30851 24935 7557 24830 23174 24515 382 13098 6143 162 13118 12 11567 26323 17324 26882 31178 26569 5307 24901 6393 5011 4494 5494 31397 30991 12767 29050 8691 31322 19617 14472 11531 17802 32228 25472 2590 17824 9210 
14719 32167 8120 14296 22192 24049 4227 1214 5477 10201 15863 795 3430 20693 20805 23211 7560 31285 27916 20450 13186 27049 21452 8333 17917 27396 21149 5047 13546 32575 17441 16585 1048 31937 16311 20982 9222 1245 18673 17878 15606 29341 4937 29777 12354 9918 11791 23231 17395 21755 11430 29517 11408 13967 7920 7075 
26932 17909 28167 20164 9699 26610 28974 13877 6174 9685 20231 22113 2485 23806 32518 23100 1501 1949 32549 16935 23682 700 4569 31252 28639 30080 6213 6890 75 15787 23726 23339 27222 1382 24880 29396 2836 26174 1711 30340 16057 15724 8208 28129 11622 5465 17832 10551 23107 18529 31988 6755 10446 16599 2187 13552 
19571 31306 29778 6527 22108 10247 12783 4204 21898 9439 22912 6062 15653 4139 25228 2047 1296 15373 26937 5438 14529 20728 21440 11793 26704 19058 27679 32462 12237 12568 16910 7068 18647 13795 26931 5589 23146 4779 26521 175 31481 21481 26719 10524 6333 28609 1709 1262 15436 20032 17644 7487 22893 9954 1079 30736 
8747 22359 4108 17712 4136 6022 4680 21088 6196 11987 850 2740 15390 3741 27286 1340 28362 30219 821 26340 32388 777 6394 7065 31124 21645 12689 10925 16659 8735 22003 10877 15869 27800 4133 5969 27783 11306 28962 4483 12722 8096 13078 18148 12064 8423 19404 2907 2342 8910 874 25807 21284 15370 25436 3655 
5649 25469 4494 13904 9562 16824 27614 31904 13805 15294 30673 29432 27536 6922 31364 9551 20600 30420 19686 27948 27415 17041 16421 5204 26165 9657 9830 2725 32578 204 21433 13122 12011 17303 11084 3312 16363 30900 3295 14784 18468 10832 13943 10735 14318 1072 28247 28170 29615 22262 2348 29781 11180 24737 8328 13678 
26142 32340 3473 5166 28553 11096 31739 29904 9545 29027 10547 20309 20077 11803 9181 16678 30409 20950 8065 25084 71 31652 12417 24573 24190 5775 1103 10024 12422 23585 27100 6130 11530 24615 15956 4401 5278 2485 4616 20794 7763 7530 6572 29254 4745 15605 16322 1563 2053 32728 27222 5352 30532 2412 18668 880 
6158 16422 16055 9322 15694 2584 15627 31016 8992 12987 8725 25976 25388 24043 28618 23240 819 11315 28445 16013 20967 29771 4981 4069 1536 13791 12894 4218 21388 10642 25470 29866 27526 4675 7372 24294 6571 13199 24316 10840 29833 4503 1597 18633 21465 24067 4903 14273 270 13895 32751 20720 22062 5924 30174 31180 
16097 10610 30465 30332 20424 19486 20513 25589 26639 32623 26357 7523 4422 5517 14487 4298 4460 19523 7221 18157 25421 13316 7689 8815 2319 2092 1675 6712 27911 23689 25061 29466 17617 17434 7079 15540 10911 21782 700 5527 24785 11824 18845 31400 29638 24858 22212 9670 11762 26184 31076 16300 4657 32246 22103 26904 
20571 8812 8535 24365 26649 28545 30322 16149 28151 9054 26552 11500 9914 7300 4919 25049 27891 30993 21801 25982 5332 15166 27243 30355 16963 5933 5937 26317 25901 19938 9721 28165 20509 14735 21181 14486 7437 28436 30317 13575 21628 6342 1692 25834 2752 28271 15738 13571 26526 28311 32258 8365 19480 15618 18548 9338 
2694 19066 21254 17434 25832 10703 6870 10110 17787 13851 292 4924 25994 28234 18622 16438 22151 10714 1979 22135 8538 2784 24940 3933 28665 20812 7312 17149 30009 29549 27079 25795 1764 8120 28234 13145 7691 3013 26328 8138 12701 13466 30452 12264 7993 29740 30797 24555 5697 4131 24190 18266 14640 9694 759 1327 
26925 6071 27963 14134 28640 24456 27469 182 31620 27246 3684 25683 8509 25036 24550 30003 22956 1427 25236 9056 11201 31681 13314 10093 31185 14632 25163 20829 9449 26481 18946 16064 31329 27744 4204 15391 8116 30298 3564 21914 28815 12836 15550 23248 807 3565 32744 23039 18128 11663 22126 22124 28876 29714 20166 15878 
11104 18033 20107 25158 15149 27553 630 30809 3774 11728 2697 25729 27742 8427 13965 21689 12844 12898 26303 28312 23665 26159 25799 5239 17968 25877 18665 1494 22527 16421 16255 24316 6422 3463 17063 15326 22182 17015 7225 578 21868 28302 17404 5924 16773 15427 28185 857 20612 23217 24015 19314 18882 13467 20585 32483 
26869 6317 5229 16997 20228 14084 8471 22936 29978 6129 16901 29677 22010 28666 11060 16579 16786 29986 2347 3792 3794 6507 24950 31427 8126 20120 22358 28967 27586 14135 10423 1931 1094 26847 30562 28896 18307 9143 12916 4386 13717 9015 13327 29755 7121 27699 26447 11300 2648 15381 2688 23117 18412 32106 24974 26687 
14339 26016 27836 13184 26394 8205 30617 12470 12620 10804 5169 18960 14115 17732 22144 31970 5294 8418 25644 31375 3796 9000 11379 20652 10983 29166 23649 23650 25725 8520 25415 3348 30075 11087 7018 14914 25714 5413 27384 4270 19759 25907 28992 23229 6029 20149 5153 10271 4238 13945 451 6322 6570 29923 31366 20132 
25191 31029 30520 19417 24618 12813 32651 16012 30797 24368 17606 312 4209 12421 21690 20921 30998 22117 30968 942 26217 26386 5697 12835 27484 15748 8254 13421 11004 13676 30065 23124 13312 26739 14188 13176 15005 20674 29505 26093 9378 29896 11833 22569 7104 55 10953 12832 6697 28240 31169 31149 9566 10593 11207 20020 
11073 17292 14084 1926 13682 11465 25885 15364 26328 2606 23909 29192 30590 4719 8017 128 8865 5025 300 25308 15111 1603 1803 1067 22930 20862 9732 17792 23060 9388 18331 17307 6757 2584 8573 8133 12211 5892 13681 20476 1562 23793 3467 14928 7796 26 2210 8077 24179 5954 19205 6426 9965 14511 10090 11809 
9334 22647 5159 17392 3636 23546 165 28064 18159 1712 7953 24308 5224 9253 30292 1667 24812 4929 20550 4890 15144 5837 22558 26716 2111 3891 32046 18091 7194 389 28109 10828 11264 4033 16020 9669 20326 18004 4557 15242 776 25308 21288 31449 25144 30770 23472 25571 2678 5032 4606 22316 23874 18319 23212 5172 
5166 16125 27917 2903 23351 16077 24603 1778 25941 14310 945 28615 12113 20161 23035 12451 25815 31781 17706 32062 7116 11061 15724 98 23009 30893 8987 13647 6249 30569 308 28767 14952 7719 21516 23270 10476 17037 10302 26204 2464 17774 9704 31422 17310 21577 23575 25649 18053 25618 24703 17385 18379 18741 6000 2121 
27221 4313 14341 12363 1093 32609 24735 24099 30484 22585 20369 32031 19936 21199 5149 32466 5639 24799 19360 29553 9716 10740 16137 381 17977 24620 29839 162 28894 21051 2468 15328 6905 24242 26916 7912 15487 11394 12755 21193 2650 19643 24838 3531 5820 10650 5536 6811 19378 26307 32576 23209 29692 5835 19897 18383 
17948 27129 13507 14643 9645 14926 22512 28526 3830 6338 13025 11246 24767 16337 20921 22424 30819 3894 28114 31922 21543 29943 17071 6145 12234 26529 12082 1326 20318 21973 30479 2671 27734 12035 14465 18275 30943 26998 27196 2877 11636 10641 30114 22052 5292 28248 16697 2522 2391 26418 16221 3484 23242 22252 21810 26954 
2935 10242 11741 7112 24001 5658 19956 12452 8974 4306 31538 22777 285 15291 19568 2963 8602 12197 30160 28755 32751 24862 9532 6869 18782 20533 783 22609 844 25988 11025 5311 27616 8301 12713 6975 18637 31395 2382 13751 6252 9452 23615 28606 22798 294 11892 185 23184 32136 23508 8515 20016 13611 18088 20435 
2206 31177 19024 18584 10839 10948 17972 13480 8750 32106 21758 21594 15915 6775 1031 10480 16025 13531 7950 24954 8027 32190 25648 3831 2943 6594 13332 25532 12054 31624 4711 538 23362 18293 2696 7739 12432 9398 19588 30541 17288 8065 5700 27618 28547 158 15621 11671 19389 15911 27401 22516 30379 27020 25996 28308 
11151 16089 28410 1670 22089 14652 6495 7922 6512 20674 7455 27904 31393 17761 2023 7925 10519 6971 22499 23200 4732 11297 22322 31476 14847 29270 19351 20726 1447 28822 20081 27610 30183 23383 24813 11368 31602 26447 4218 10149 24400 24886 16253 7344 28978 29389 26182 490 28675 14623 24643 27993 24767 4103 6516 23631 
18312 14066 12319 7750 30455 13030 24261 26383 27056 4548 16980 19500 23097 29386 20638 12666 3340 30811 4874 26899 234 1795 31114 2674 31091 30134 22989 17624 6132 4952 28341 12527 30336 9603 27659 26029 31042 17540 31346 21628 18961 14502 12185 12440 12869 15540 22197 26040 18121 18873 7471 25072 6770 20490 30617 14038 
27279 390 21223 21988 31170 4381 26076 27677 3342 2959 14018 8435 16176 11638 10590 15465 7731 23175 10531 30837 18239 6677 17318 424 29874 15574 18258 27408 12913 4074 14941 6494 11393 16665 15866 26948 19409 22621 12753 5409 5466 27296 11180 7648 32618 27078 6003 15133 12605 13806 4954 5770 24782 21493 23641 22162 
17132 27964 24285 15420 16784 31916 16317 22609 27758 19703 29039 7105 22474 11296 10620 18243 23949 30781 18993 32316 29848 27004 5271 226 4696 15716 13990 20897 19099 10077 2486 18878 8610 10867 5430 24890 17527 16471 10656 11769 7041 29094 10156 24099 27477 17262 18373 12747 30671 7663 30137 14286 23906 4254 5300 20990 
5292 6000 16239 17536 21581 17748 22693 21619 17658 30721 32711 14802 15309 30963 15856 26780 28383 12208 32539 30002 22553 18768 11156 6144 14919 31036 30124 5215 31854 14134 12209 1722 20320 7834 15901 24048 20877 21219 31246 1018 9500 3440 6134 31182 11323 14473 26260 27267 24499 15261 31267 31157 29631 23757 6097 20779 
16158 23471 30066 12727 6247 10571 8566 2910 7581 24938 10008 24761 6659 26897 17113 31131 32305 22088 15149 10485 7784 1311 12660 10742 11043 32243 32555 22646 6126 4334 29540 18580 25723 19149 1139 414 31731 9958 18923 24626 7818 8809 21193 25507 2390 5350 11246 27294 20577 29199 10963 8974 7933 22720 20600 12604 
21079 4924 22685 21051 8783 27834 18741 32131 19591 32 5656 18908 30138 25614 11512 6526 13648 22558 32150 20854 32559 22378 21045 8267 24531 13391 3151 6114 16033 8561 6536 7839 6776 19455 13536 31693 29834 27449 18476 832 23914 26927 455 9272 22629 2251 29317 24457 2326 11537 18408 26873 24373 9638 30359 30698 
13488 9359 26891 2873 4605 16700 1676 9317 3246 11461 9820 15860 29766 31603 17202 274 16715 10114 745 32380 31388 12581 26234 28316 1285 32715 13864 15605 4369 26785 32250 25282 6943 32344 11886 21722 12728 3624 13676 2263 30240 28181 9081 21879 2859 113 12589 12867 26194 4258 14567 6766 14086 27941 30911 5887 
22597 25299 12476 13363 106 32099 29000 26140 9033 12593 11744 8335 14971 21053 26640 9789 26615 31863 1695 21280 9954 20794 11527 26137 32425 11798 10023 3543 27724 16594 15676 15610 30205 7345 1038 2424 7401 13557 32103 6976 8534 24738 7369 28190 19694 19332 1120 27359 14170 30835 3638 7093 14611 14550 30118 32733 
117 15718 13587 17022 32022 9269 27610 22741 5461 10222 24708 19343 23094 21598 29505 12150 11629 25651 5266 4432 3512 11268 5189 22788 32114 13970 23718 26623 14182 30286 28148 30422 9697 12315 11794 30253 20491 852 24703 30423 12662 13073 23176 23871 12280 5286 18364 25606 9142 18285 4769 12781 9602 6598 17829 1782 
5991 16219 30807 17606 7041 15529 7383 22094 27922 11196 16779 15018 20435 15929 6932 14153 2440 8354 27265 30031 6615 8918 5058 3639 9306 18903 30815 19389 16627 11984 27242 7931 9824 20311 19378 4818 25359 13039 11577 15755 6195 2513 744 30142 27415 10476 16258 20083 8370 1834 27863 7816 6013 8181 5178 5971 
4993 24314 2868 11911 4276 31020 30842 24412 3973 22284 9501 1770 4022 29736 28161 24534 11626 22498 27024 24881 5247 2931 5551 1181 15901 12592 8689 14258 11407 8459 10763 31904 6482 11868 29833 32277 18796 31458 2495 6753 31743 31492 14081 10712 10014 3933 21015 1143 30431 22392 20715 2763 17074 8664 2437 13839 
27889 7484 11833 29589 24760 12065 23071 20327 8694 4999 16836 12845 9156 10744 23583 13905 22774 5063 6087 22626 13040 1942 28771 1718 700 32282 30817 21588 28761 7203 10987 21264 31829 32214 6678 22776 16286 18237 19805 13551 23957 7683 25679 5784 23652 28792 20868 11638 22417 11739 16853 17233 16596 21465 972 21979 
8998 30033 858 29587 7195 7770 11720 24554 32625 14727 20976 17060 22761 23146 20653 26242 16469 4438 12688 19230 13299 11369 28629 3606 27897 2506 5013 28524 25201 24368 27453 29997 28231 6820 31038 29265 18593 16519 27142 29923 19822 27350 9776 24418 16450 19885 21751 12646 609 25866 25329 17286 28442 12244 24826 31354 
21078 7196 20333 13693 11632 2210 10651 31733 15943 32667 17781 11862 31890 3761 23436 15940 372 24652 19260 12792 3409 31248 28451 30436 8159 17575 5592 18330 22144 16576 29402 10474 1231 3415 7111 16970 15224 9015 26063 5500 12622 27070 14183 22890 17047 2273 8770 31829 31402 7279 22909 4398 23485 11418 22554 11332 
22776 4019 19375 29472 14030 6453 5983 25517 17804 14853 778 5789 10802 30200 27329 263 10627 21142 637 31061 10584 8990 528 861 23609 21962 19803 10190 19246 9811 27842 23246 12755 22968 27101 13793 24747 26428 25712 2317 6582 12973 29598 1852 6982 15340 10073 4577 19726 26538 15901 26590 17276 17776 25310 15270 
3401 30434 1855 29854 32590 7236 11780 8138 29337 27197 14794 21413 10432 19675 5109 2896 19061 15320 16363 15599 13403 9244 11904 12113 1560 2690 26032 21199 10156 19423 20628 8566 14593 7745 19343 19048 8130 14196 16585 11391 10097 15563 26846 25652 26548 24604 983 28863 25840 19981 7769 13440 7961 20878 14108 21662 
713 20647 22687 15342 28815 1652 31514 17686 20105 7790 17077 20466 22581 5355 28151 17974 8324 233 2177 21333 31280 11015 13820 21410 14928 5588 10576 16053 2346 23372 7190 4369 13640 928 23121 30980 15566 14646 13912 19150 266 32241 30999 5 22605 17842 8823 17975 29177 6687 3611 24786 16604 11171 20557 25153 
24508 29621 24376 88 9267 19550 23639 2034 21438 8437 4653 13272 12048 7214 31287 27365 18348 30547 24351 10600 21426 20176 28466 6602 29689 8181 21268 8305 8287 21496 7346 24291 11869 31801 8825 29231 9695 9162 6854 28809 22610 23087 2973 27188 28158 23394 25245 29093 23958 31003 18739 28389 525 10573 2319 16951 
17068 24052 5332 31227 354 2574 2324 8146 17243 30695 14715 24835 18387 21658 7754 5661 301 5333 13831 28126 9279 5852 12147 16212 16881 9681 28605 18242 7942 16946 18677 21701 15929 21411 29891 10551 20620 10222 10073 3924 32733 25416 20134 28059 18362 17878 20941 22519 20598 27247 25813 25759 124 25252 17570 18491 
14308 21501 28452 32072 27204 31366 11214 31421 2761 13450 30794 15855 32390 31647 11627 11186 2315 28386 28771 3265 26426 21124 17462 10592 3158 10374 20334 18495 13661 18112 10769 5282 18072 3624 18384 12223 10096 10065 21121 29031 4227 26674 2255 7145 32759 18217 30000 1844 18446 32576 4376 1851 27643 18862 10349 4510 
16117 20641 4410 26246 31113 16186 2983 16592 14644 4825 24105 20847 7729 4508 502 2571 31632 2594 29628 31470 19848 16533 31890 18465 27150 11495 1839 31186 8102 28251 21849 11257 13946 6216 10657 24892 1961 15386 14670 32015 7905 21657 31383 10527 6704 30318 8981 10737 15383 27106 27255 26310 25569 4586 25976 10435 
24626 17505 3342 21838 20451 30612 17892 10171 1293 26883 31755 11816 7780 8550 9965 3493 19143 31215 18818 20889 27413 1743 17094 19041 1601 2811 618 16185 17321 22832 30153 30560 24483 17972 16671 24183 20057 4192 6389 18474 216 24667 20448 5907 99 18216 27755 19163 21517 23907 23378 14755 25735 26567 4593 30882 
21046 9460 13563 14351 29064 10351 5999 5697 24969 26347 9672 11797 28849 22471 4469 25744 17408 20439 20616 14789 29774 31079 17842 8441 5596 3453 9327 9222 24110 12895 25982 22013 23581 9045 24468 22799 30248 1456 22609 31662 8971 3851 8563 12527 4243 24785 5706 26675 11440 15616 3436 2054 17612 30764 4777 4167 
12123 19654 32065 10122 13235 29598 13909 6074 9246 9639 17308 32259 24110 27386 27223 12782 9553 23326 32391 10190 2981 12935 12893 21084 23822 24924 31218 18334 16517 30590 22328 11533 947 4549 8753 12022 17598 11405 8542 1825 28259 32625 1659 22193 14917 18006 9065 22347 11652 7084 27500 10106 17298 18416 5270 13906 
15170 10869 28035 4692 14882 8037 15175 8082 14859 1794 13221 30996 29942 21042 26498 377 17169 14395 12696 26337 7955 31179 32111 7691 17612 21819 31369 6331 7680 4116 4061 15199 29045 14803 9096 22001 2123 3049 2750 9247 15756 2822 13830 6314 11268 19863 28071 30732 28243 2958 12893 1629 9536 23393 5713 19575 
14416 16469 8776 14425 1176 28156 6939 7369 28111 25852 15207 21566 1447 19731 13701 2812 15709 12376 4541 29825 21903 31684 15542 28704 79 26864 23089 24812 26997 13600 12279 15575 6457 18817 15632 5915 25857 14511 20790 10713 25207 13690 14474 8960 4319 26346 20357 14449 11432 15745 4912 18273 24896 11711 408 766 
19757 29676 24188 30293 3162 17681 12362 23923 15534 4424 2378 6602 12515 15157 28952 17879 17814 26837 599 11266 3226 20854 4260 9414 17042 11527 27337 8209 17087 10386 3379 24046 27926 1031 22695 6753 12950 15675 8496 12434 15320 27696 10588 31022 24040 13463 23975 26635 20819 28819 25656 11531 24449 30912 21707 23618 
31301 11636 11503 24923 29107 9541 21617 16951 15410 9419 17944 29912 1234 17319 12434 19582 29663 25283 9135 16911 26038 22492 7629 7100 983 29246 3476 14306 29756 15567 7139 32558 4841 8527 21001 16901 27077 20702 28729 1315 23208 5567 2104 386 12213 29275 12377 23421 1514 12681 25259 21813 17909 19468 23665 52 
