10
18269 4562 12880 14706 29100 2514 16850 4005 7969 
13953 19672 10908 19559 7538 4088 11425 19051 25711 
4134 25576 22369 5739 7128 22305 18697 13496 26472 
78 11312 26747 18617 10706 32121 26716 22045 8651 
24413 26242 27766 14242 29041 6846 24732 14305 11495 
15622 24575 23108 27224 1062 17550 22034 29889 31922 
24535 4269 19915 19519 367 6760 1871 13522 15508 
28058 22041 27801 12561 9201 16876 7641 23394 5640 
5831 9000 12313 6459 31591 21468 1664 20410 20749 
29891 5760 16092 16513 8469 3521 8118 6231 16294 
