20
7661 24689 22624 14093 30920 18117 24049 9459 14985 18784 16321 32477 31230 16811 22567 16918 23123 13550 2780 
10435 15658 3602 10160 20933 23277 9387 25979 8160 13667 13622 2391 5148 6274 11934 3596 10091 7557 30982 
24524 26509 25662 6594 33 23345 30380 22694 9763 29021 2768 19076 12014 15 5821 25840 29267 5669 27375 
32582 20430 9338 18141 25839 1976 16978 7121 23775 13502 4344 29176 19042 31122 677 9141 19225 14048 2212 
25403 30271 23940 27828 15963 8497 12538 22958 5274 19758 3606 22375 13191 8795 2549 15832 3404 7178 32051 
25468 15746 19003 20318 2810 20554 19555 5803 21508 32665 26989 24552 13183 23251 26879 12978 14052 3228 4606 
9704 5862 13035 29268 6240 23893 32095 21489 25048 8770 1495 783 4143 9316 5949 18875 1237 16570 22178 
17553 1664 3442 656 29895 6944 7178 15515 13165 15894 9909 4410 27122 18080 11520 12757 13291 4760 17333 
5407 19984 18783 7167 29094 30343 19220 1488 18089 8806 8201 29056 26409 11379 31863 13495 15170 24878 11376 
5772 11196 3089 31766 26350 27614 27158 28683 9539 5506 9594 25128 31312 19311 16064 22130 2393 21986 1786 
7241 23689 28014 3908 4067 28820 10246 12689 4089 9114 15449 5802 31680 2895 3934 23923 19739 30297 16431 
18288 8975 7417 9754 3721 20599 17646 29941 18442 17145 23702 31667 30958 22072 20823 12597 16221 26443 9533 
866 13683 15471 2020 7290 28995 5368 30361 4775 17948 30094 10172 13782 11019 1173 17768 28612 27296 2797 
15191 27228 32757 27868 7167 28736 17645 12104 24833 15270 21946 23850 2756 10085 19874 24895 25437 30287 16642 
10241 26803 9410 6291 7637 8672 30842 12780 23942 25562 17065 26952 8946 18770 2122 28810 22019 25052 1202 
6014 16865 23633 14952 26978 19558 12401 1590 17317 16851 3021 26752 18926 2241 1509 30933 23392 21082 24461 
14276 27933 6856 20885 13041 28168 3566 11944 12136 6096 9302 23669 20016 20778 3179 26637 24356 1373 13289 
14732 22014 5380 1425 11004 5557 17423 12065 1654 1545 18700 899 12170 10075 24997 19781 31714 6339 4201 
9545 32545 17501 26575 8638 19985 9699 1655 29006 31998 24449 10420 13977 23901 4324 29512 14307 16050 9365 
23406 14089 14000 1925 20510 1466 13473 32489 2188 10723 25608 4167 7154 9835 8837 12241 18063 15393 3322 
