84
32751 14067 26604 29992 18030 7008 26412 29969 17400 18480 6326 16328 12306 24674 30425 31858 4894 4454 26008 31251 20186 2444 8017 31143 4139 12989 21660 24174 3609 1385 886 14471 14874 1984 18847 24000 17811 19749 13888 1197 8348 2527 24273 5623 22020 3858 15162 10231 26772 17134 3384 22659 5528 26919 22275 30984 8348 20389 9518 16601 3188 13180 12238 31175 25983 29214 5854 23282 300 23248 15842 1503 22204 13402 2763 22986 21834 19203 3099 4413 23305 6844 19017 
24033 12750 27036 18535 30357 13518 26252 30722 19389 936 8260 9290 21980 26278 26742 6258 12902 18495 30536 1370 719 26593 25352 27244 16872 10734 16411 1476 875 10501 32055 3987 20948 27778 20435 17605 7795 26696 17627 1249 30656 10686 18855 1841 31214 22039 16686 27428 11715 24023 31095 10224 18854 2450 5457 8059 2298 17399 15940 22652 3498 17678 12999 9181 5 702 1203 12645 24781 2706 7160 22419 16778 10429 20879 4813 22308 91 14000 32698 6833 30969 23620 
21740 27788 9560 11933 8130 28071 1902 14693 18572 802 21934 26580 8689 14364 9609 5414 1934 29129 7989 333 20448 10692 7853 32227 5476 8871 26105 26466 6908 19162 17583 16023 20373 16808 22714 30292 13575 12952 19546 18790 11836 31482 13676 11462 30869 19904 31212 12820 21641 18831 23992 28224 8592 13590 7574 14475 28991 21919 15225 21934 21940 5091 24576 25432 28468 25379 30016 6110 32019 7796 24259 10798 30164 20571 29392 30214 27282 6297 6381 12387 14751 9288 12707 
16443 21610 27687 11137 3950 7334 11571 26980 26619 7336 20343 24053 12655 7953 12068 114 8868 27054 31716 32434 15271 8092 8812 20579 7162 3760 29776 3991 2300 27669 540 14975 14501 17463 23456 17013 13430 8672 10891 3136 26800 12449 23356 17812 13253 24180 18388 13273 2572 16543 6544 24621 440 16348 21590 17580 23307 20406 16525 24303 22727 13622 10034 19410 31974 8383 5160 20603 32138 7991 4816 29848 1591 9831 6362 4583 6464 16549 4955 31996 9599 7088 18975 
11071 9289 32475 3392 31284 21409 27758 24823 31743 24748 29257 7091 27943 5734 28106 10856 14234 25746 18161 28458 9969 21239 26306 28154 12790 13513 27883 15328 32099 12390 26791 25658 31725 28483 6370 14419 20353 2597 30622 15671 20430 1428 5269 11206 23043 29324 800 14088 19930 1911 24407 3264 23509 17752 11898 17476 2247 32073 7824 12171 2711 18983 26957 17032 25153 21132 24121 1206 22301 26365 22543 16629 14180 20581 8547 26516 496 25282 3208 22191 23875 10271 17073 
31931 32715 14274 3670 2399 28005 3494 9434 8325 11807 30252 13162 17330 25154 25101 13096 26002 22416 13971 18569 23512 970 28169 12795 9029 2165 7280 2508 10757 9182 11379 24391 5186 13148 26781 27424 12020 10965 9418 25362 1270 9603 7131 12486 19039 29688 21934 4087 4623 19296 10574 22484 392 31239 12134 29605 30464 17691 14588 20146 21940 21426 7771 14176 27774 19214 31313 32158 10922 32 9627 20607 5894 25164 1694 7976 15672 876 2392 237 1364 24855 21397 
26807 10670 21283 2406 10153 16109 17256 13775 771 609 4807 11200 24902 25239 20332 29510 21145 30250 8271 5891 30827 21723 2561 26076 4186 1764 28837 31985 9811 32394 31548 11730 12795 20466 15399 5360 9038 6965 17126 29777 8838 23734 31526 9864 1855 6068 31995 15845 19160 3867 12906 9193 31260 160 30250 19708 27170 5644 4011 21602 13425 216 12376 5228 15976 29691 22042 3819 20446 28672 14109 14826 32005 5467 6870 1181 26516 28925 17477 10388 6949 30502 20855 
6964 2267 8315 13392 13160 26185 23896 10375 22420 29583 21351 19186 18379 27846 6514 13828 22593 10911 25973 18324 12291 13894 24824 29663 24549 21645 6043 18897 26044 19526 13299 3200 28622 27632 32404 1530 29831 4759 21359 30528 29294 16373 351 18834 27735 28637 18430 25837 30169 17626 26557 20435 25602 17939 30772 31818 30282 13425 30902 26151 3014 15108 20265 26252 14494 32419 10516 24752 20417 20691 29434 11230 13527 2539 23015 24257 2680 20085 2888 24542 4251 17366 9983 
24418 18257 30770 6071 7710 10675 394 17781 9680 5400 6183 22128 22180 12428 12348 29219 28154 26750 22215 15008 27242 21177 21944 28711 28933 3734 25429 29431 6110 30063 24797 5988 14794 12118 27755 42 14179 7 18974 29441 18771 24604 26743 23410 18383 13952 1026 28648 2913 17958 11833 11530 19179 9211 15269 6984 6889 18713 23878 4788 29174 5437 26933 28948 22162 21883 5768 30261 6690 9008 12406 14978 17720 12089 1212 29652 6421 19810 4414 31884 19052 21537 13554 
20704 22889 9349 26618 30322 10994 28265 16144 551 18221 1261 15911 12342 24898 22311 15951 17023 3170 24853 27354 6431 16904 10454 6589 14657 7550 7194 825 13878 28836 25048 7354 12489 5613 29759 6911 24780 9130 5870 24443 23799 25739 32103 21755 5363 14690 13761 32650 12721 18475 11166 17297 20480 7242 22365 10307 18783 7187 28049 6456 32527 30607 8881 27480 23405 29821 22289 10491 32127 15256 16144 26959 17101 2840 23443 14073 9074 29307 22195 18943 5234 31621 6323 
6373 25678 25734 10549 1302 17878 20443 12461 9862 32063 3255 11797 31382 25461 23844 13539 31288 13234 23876 18232 23379 22352 28637 8282 361 9180 21524 868 24951 16235 18553 25148 23836 7985 24388 28870 22782 21583 26590 30807 4714 6893 4516 32621 30778 24457 11239 6557 2812 11918 10039 29644 2128 16937 15329 28834 26002 8792 22966 26940 23993 2884 17678 26145 5759 3536 1293 25720 8387 7794 1829 31608 22571 1602 7132 30239 26125 27216 12496 13607 27536 23867 27640 
27958 5902 12031 3116 5461 10429 28431 13032 6563 10895 21668 31565 9802 24406 340 616 7859 11564 20966 17591 5366 1810 12645 29929 21909 6615 8819 12262 23401 16444 29408 12815 16348 597 19835 29127 31577 9266 7720 17202 2561 1983 31795 26940 18592 26089 3812 14302 7647 8962 8276 11165 17339 16999 21118 6739 17717 15712 10905 24881 1099 16711 26278 13317 23592 6381 20805 29113 13208 17721 1996 8732 5054 2322 26266 230 5897 27775 4009 14838 17508 31501 16227 
15069 10925 16754 25527 15776 20585 20079 10603 28858 19382 15099 29620 24673 5760 32157 29188 1290 29432 3354 18467 6959 29762 5712 31873 10320 32622 18786 8395 20792 22698 533 26812 25985 4278 20346 9014 17498 26264 7886 18833 32392 29072 3486 6451 22955 10062 10030 27488 6339 4707 4380 16212 11762 19702 27457 10895 14724 5048 26328 9073 31276 1306 22754 23046 4752 24765 19401 4899 18440 23337 21571 14770 7843 22979 11641 6730 30316 11001 24681 32003 3563 3776 31368 
4488 3566 9024 6060 24941 649 2509 17194 15555 25947 22554 29755 21738 7443 10665 10661 31143 5683 25990 26775 11382 22804 3125 8916 32290 16682 8681 18451 27282 14730 2295 1702 9958 8873 24713 32603 5571 17767 15255 28832 21994 30540 17427 7402 7952 21521 7780 28759 24810 12386 8470 10642 22663 10722 13520 2551 4066 30832 28806 20727 31672 25769 17903 1726 11159 1965 21050 23060 16440 14374 9981 5505 7182 18567 8046 28597 543 31378 5589 15142 5907 19485 3393 
14587 30858 277 9082 4905 24243 3779 24376 16860 31771 19534 11922 24600 4034 3202 10681 13216 23924 1231 28134 27671 86 9621 9361 23909 19392 18335 2788 14684 11850 21229 3439 3228 19242 17078 19485 691 15805 10925 6759 13705 15203 8580 20423 3068 1936 13486 31856 27591 28192 18794 22076 17064 14315 3837 29158 10946 19866 26174 7289 11840 31929 25176 26888 28219 4877 18124 18080 12509 17447 9909 12923 6855 3385 2384 23158 6065 2857 14267 17349 13904 30436 6141 
18918 31613 15349 14663 2515 28819 23894 30074 3452 28953 7301 19432 19316 31649 5851 22879 20203 2543 19738 4452 7132 13406 18757 7356 9095 9344 22196 305 23842 6917 103 30354 22220 3294 18843 3324 21186 7074 21659 2136 17621 27952 27609 5413 17436 9878 8509 14968 17638 3633 30653 11584 12018 6422 19246 26831 9187 26545 27225 12438 2542 30124 5970 24368 11990 274 25093 9891 5914 27829 4370 9698 19821 8653 3291 30614 18022 13537 218 7709 11385 20971 10041 
28883 10278 13239 29340 28305 30832 10892 2626 6516 28561 30222 19532 16352 10220 30307 19036 22212 1347 30869 29794 18719 22058 8759 26035 24771 10683 16460 2140 11353 11660 32100 693 1701 10206 17160 9017 8971 25111 19032 16020 17234 6003 8179 13310 31401 15350 7959 3016 8679 12197 10250 25652 24855 12789 5560 8330 29236 10628 13981 3688 305 5127 19685 30042 19772 12931 22994 17578 28484 17857 14431 21370 27065 28412 19235 26383 26003 2268 16759 29552 16533 3240 14299 
18992 20691 22455 14230 11144 370 25895 22941 28073 11439 20434 4278 11855 22306 12414 24285 17050 12356 11348 31207 22810 31792 18324 9061 552 19110 20614 14283 4733 8021 30388 14546 5117 28506 25174 22298 14548 6148 24590 16148 1220 13018 29909 11551 8381 27359 28213 3313 3247 14100 17082 10297 9116 7743 22179 10370 9713 26603 30940 28763 15894 24240 11313 4021 13124 1972 4284 22412 16023 29554 415 20682 13924 3002 15097 6760 972 761 7186 29398 5777 18619 23001 
28829 19241 10094 13713 11843 30481 28521 3015 28014 3940 21293 20359 30029 7596 22762 17871 12340 30456 1349 5444 19590 26927 9048 32292 25816 21155 19962 20092 29523 22505 7745 26267 5210 11241 9030 25030 23661 7729 1832 14125 17742 25487 1364 26398 30306 19678 5635 2169 27737 24608 29444 19044 17426 1997 22971 15935 11448 19563 11882 32219 17714 19551 25775 486 26810 26115 20814 15530 11979 18424 18737 19704 8769 23486 12717 23902 29628 16001 26119 928 11077 15414 5687 
13414 7476 231 747 7987 9808 29771 15055 1686 29497 29594 15628 26788 22275 23967 9486 2981 29988 9487 17291 17166 17040 23833 18625 176 8738 29758 25599 1582 8254 4451 31846 19124 4533 18213 26353 26854 6632 4460 15795 10519 23601 20803 15456 31676 23678 15079 17935 30752 21311 27165 30782 13145 30851 4297 28439 890 2653 29629 7922 778 4749 10703 26394 26805 12124 20782 16852 1858 25544 12022 13725 2501 13025 27905 27572 16406 2675 27137 4056 3969 16613 20427 
23891 23487 10849 25590 32055 31781 2358 18085 6632 4380 23930 5025 19418 19921 22515 6571 17308 2606 29752 7184 21782 12552 32275 21117 18447 24218 1578 6933 4594 17202 2526 4801 23761 7722 21108 1991 32682 25882 20338 31391 19433 27468 28748 8450 21551 7536 16704 8003 4178 9617 20351 27618 677 2888 6285 4447 17017 9264 2282 16972 4067 26777 19954 29606 21696 129 32514 29029 14071 7360 25052 8530 8190 28802 20045 26649 23968 24314 29965 25759 16381 12629 3558 
30101 22738 26861 12568 15694 16378 448 24573 6093 309 14624 233 14115 5929 11436 21076 23032 6054 25982 6459 20583 29998 9126 3779 17167 31157 32215 20768 28774 24229 10593 23477 21585 9765 32351 19068 28146 6555 3122 27817 6081 4463 21038 27274 9695 27155 28818 690 16039 19008 26046 8790 8581 7810 11168 23799 20491 28150 18800 1857 19777 27730 11677 31028 26429 27943 25607 15233 16116 7267 31854 9271 592 8218 13610 9886 3203 1926 15901 23139 24730 11084 10215 
32246 12885 25344 21336 30769 28982 13292 29995 7482 2520 23821 497 15018 20866 25695 5707 12015 20476 2395 12124 4079 23457 16573 18302 9453 15286 7562 11060 14257 17658 19282 6753 227 9342 32178 2487 13241 19639 31006 6257 27858 14546 6365 3653 2145 31303 30293 30100 9101 17585 5513 9701 19736 27613 15072 21137 10559 2081 20008 29119 3298 13551 28378 3987 21477 7593 7584 24995 30422 19639 7956 11947 9168 28888 31691 24193 24223 3253 16786 17995 27684 17596 27127 
1263 3323 16171 2572 971 19292 19051 12135 28583 24639 15776 3693 15847 29636 18302 26065 4613 15569 8030 15191 5951 17405 19601 21982 8845 19885 30708 6301 12502 12156 31684 9133 5475 5345 9652 24007 27796 30476 24381 19280 9938 19472 12342 22162 16324 12615 20388 27981 30150 5362 14035 5998 5527 8993 27302 27422 11857 31187 28459 510 16799 26717 6514 21425 17450 15888 13216 6556 596 27670 10047 8169 15657 32413 8664 10194 5010 12600 26564 16156 3020 8833 18751 
12513 20761 27396 28094 29587 31158 7000 27011 14398 26892 25999 20846 32525 8746 30161 16662 21776 7795 15939 1816 7996 31892 14893 27567 5812 7098 27741 17797 23111 30465 7366 20681 14649 21807 6509 31874 6982 8354 32390 8739 10724 31623 18905 23391 7881 25677 15723 27198 23469 32345 21851 26481 12113 21244 21770 10979 27584 7842 12158 8848 12756 32332 20233 2970 5629 4416 37 16793 574 25342 931 6195 31096 12663 3077 29422 8171 25466 10792 3905 11514 17263 27942 
13553 10798 21063 14714 16539 9086 18099 7013 15500 11470 3220 6289 31705 24757 22707 17653 27565 15491 9395 7928 3805 32131 10052 30425 22466 25469 7321 25934 21575 31871 29467 5483 24641 24029 12383 26054 20991 28279 8789 9433 21794 9786 12483 27815 26543 26346 25330 24995 11619 21022 28072 22733 3399 16524 23893 10526 19844 16006 12433 11302 8567 12741 30406 12788 24072 3174 18218 27702 18488 12594 9201 5281 12794 27938 7616 21139 22852 10786 19300 9207 15717 16150 27076 
19818 24217 283 14356 5531 7131 31247 25676 20472 8954 26707 7129 31367 9967 27599 5266 29457 20590 1079 8685 1926 7355 17549 10867 26013 7871 24552 4465 11707 22107 29555 26865 11542 4604 12728 32744 794 3696 21279 8369 13836 18680 28593 5050 31469 14238 9762 14974 13473 23496 13327 22195 28240 25358 25476 20932 21773 19017 29121 6273 29877 14060 21310 24342 15386 31384 30956 24889 3169 29930 31422 29352 22441 18328 19304 29651 4846 4284 22887 32469 32556 8047 16705 
24745 3527 22170 29966 12955 25642 12809 32055 10236 17070 8641 13950 25626 21182 12180 12606 27760 8250 8946 5620 2841 16920 5890 13055 13707 30289 14065 6052 19329 13563 5259 24661 16953 32434 19720 6195 4064 27197 28712 21457 27467 13679 23938 26939 13287 23882 3096 26935 5619 363 28720 15818 16108 5794 29535 4606 13897 11488 13031 26339 11881 19542 30787 31188 25034 11739 8191 24571 20603 21134 25293 31512 29140 16061 13526 11133 11876 23558 12110 25437 13867 18108 14411 
32583 1801 2701 23767 2030 14199 4705 4419 16683 22901 20356 19391 10821 2499 23560 11560 21359 32596 7269 11297 11410 12032 9315 30309 12621 22393 25402 31836 5691 2432 23287 23276 23412 89 26401 6033 26710 24188 22173 25264 5253 8845 23759 21544 16944 26766 7682 22059 28054 19284 23306 12876 21961 31287 39 29912 8882 22286 6957 6762 11350 12379 31970 15290 18263 27586 2472 11190 15038 13504 32092 15316 17143 921 9853 6822 17949 4242 23697 175 7545 1889 13764 
8053 6213 3810 16339 1751 7093 30987 16424 29857 1080 12066 16199 16990 11259 11821 25448 25965 15022 10155 24165 13655 8844 6785 29399 27744 28309 30775 21628 5724 17950 10852 26589 25028 18828 3175 9517 1801 11357 11608 8819 14888 12392 28223 2284 23167 26213 20611 31146 21727 22447 2213 9602 27618 32073 10541 7205 23167 10271 31205 5773 1243 16015 20294 16539 11106 29480 30256 17918 21527 22706 2014 9814 24104 30574 14872 5273 29638 18335 32682 26038 20019 13640 3350 
21113 29 4408 5510 4271 14890 4932 21508 1930 15828 20948 13549 9031 29303 21153 13219 3085 20648 6332 16515 17433 6089 21459 17175 28952 474 5296 3212 21716 27026 11010 20070 14611 5807 4192 26994 21180 9354 1163 10492 24636 14062 16115 15939 1832 28970 22909 4138 13604 25445 22660 13104 2051 25138 29726 7586 304 31845 1696 27664 2124 804 17508 18941 280 22593 8393 21210 30870 30407 1148 32566 11627 27090 14582 29231 30600 9636 11590 15148 21257 30454 30737 
24526 4701 31884 15063 16931 31656 24332 19063 14109 21861 15120 16630 24899 9808 29050 23676 9127 11395 21000 20383 16664 20447 21544 26340 31640 5037 21005 10115 18449 19333 31234 19307 27203 5999 27134 16006 3329 27465 10617 318 10909 9577 30079 5184 22945 30851 4867 20864 20927 11468 7029 22141 15627 31839 30615 25542 10600 3808 31884 21949 11840 22624 24369 6811 6777 24449 29105 18868 16036 11995 24404 16381 10103 30110 23192 26059 23677 7032 29059 477 30476 19385 31799 
15773 9592 15285 22983 16035 28294 12393 28489 31099 18723 1890 7469 8616 23638 18139 7885 23272 31604 31014 2116 4026 12947 22349 22148 4382 30528 1784 17827 25500 20853 28561 24950 23943 4293 27303 1121 31363 25050 21392 14445 2117 22561 14931 11931 4250 16324 15813 16505 9387 19417 20721 12274 28031 29913 28605 6506 9665 6995 1739 19467 24772 17121 4766 31833 17092 31068 14846 1293 3695 15948 26525 10784 11171 32418 9978 4646 2938 30890 18566 27101 3460 7227 4358 
26118 19027 15153 30776 6003 26429 7708 15033 17762 22365 20794 17190 16905 11739 15779 11905 28018 25965 25284 28631 23177 16670 17422 22304 19060 10831 24303 32615 29218 12283 15618 26667 15911 2879 30339 15876 2247 19737 14597 5770 30288 6512 9831 9074 27566 4948 8196 8442 21305 24200 21034 904 9169 23101 5070 10381 24109 31009 28285 3760 29808 23192 25238 22825 20477 2377 15287 8810 27021 733 2421 25093 10111 27907 4176 27082 30319 7096 18149 15919 20489 19653 13158 
19958 9247 15497 15688 19721 22522 30712 18235 13993 20462 4068 9567 15047 14129 4476 17333 6834 31214 26642 4308 14579 9620 3105 221 24693 9076 9102 15536 1770 395 30510 20832 3689 15772 24969 29669 19036 18051 6877 11537 19353 10181 1638 454 14287 4971 25821 27493 12324 15889 4159 13449 2844 16698 9423 3574 26045 30694 15198 28620 20465 2407 6346 6913 6187 5744 30405 20237 31309 15471 18903 2023 13770 25372 10406 22577 20231 2130 14454 13231 8 32287 17132 
15870 7240 20247 22807 29059 27624 15597 10161 12961 16908 3396 24737 9007 21123 6338 24005 18985 2726 20582 24815 25509 29058 11548 5421 27913 21305 15759 13646 16764 15269 17983 31649 23194 1087 10195 16128 2412 31039 32688 24845 15255 23045 14026 29116 8403 14520 29370 11282 17567 32045 7442 12332 28724 3850 29933 7810 26807 27435 24266 30829 23986 10308 26266 27111 7109 11976 10263 24722 22425 10250 4440 5117 9494 26787 13218 25378 28374 23059 5762 11059 473 10155 16664 
31638 378 12970 28086 19246 22433 4518 7082 4828 30011 7981 29527 28997 30439 23469 12427 15318 498 9873 1804 8454 28038 4781 13684 16347 3102 23004 14911 22704 10557 13287 24355 31541 3936 5289 3744 21943 10801 5489 10199 2466 6397 3496 17567 10564 17768 7860 9686 17107 21088 14107 14837 7346 30543 20716 29159 1776 7061 28507 22556 26130 17973 8107 7641 23314 13774 337 4818 11431 13518 6486 15098 21959 32226 29949 30362 23914 17585 24486 28832 23442 14025 12274 
18234 20360 2265 28712 8868 11112 25634 26071 11839 14559 18472 15549 10210 15156 13485 22760 31092 29317 12255 5147 4283 25684 31953 27251 26991 3394 5672 23114 32147 24601 16663 31580 4101 13840 19597 4392 1363 5195 20652 7322 16080 27298 638 12518 11239 12195 28643 4023 1456 32218 14286 20617 26817 5712 4785 5971 16711 27729 16182 7786 15701 7794 10032 6050 14715 211 20689 10422 23451 7330 28701 1770 20472 18656 11422 30190 23696 16488 28506 11782 16044 22829 19714 
28008 1717 16579 24684 14565 26185 25121 10563 4044 9358 22693 17150 5900 11462 5208 2062 32664 27428 4980 30044 11280 27614 21795 25074 22941 28804 27018 24312 20509 28560 17158 21475 23936 12862 11445 10985 8305 1182 2617 8632 26169 11239 17592 4711 8161 5902 2343 18605 12951 32151 15305 14161 10068 24748 17650 8673 32187 8812 6929 3751 9795 10117 11757 5337 26520 14085 5935 23312 13119 3181 13345 23035 11641 20487 3253 14165 27755 27002 11209 19732 12923 24732 19625 
12516 10237 16519 470 20435 22543 12527 14598 29262 29889 14771 16491 15436 9850 25777 12600 32201 27287 12767 25442 26486 17748 4504 20131 30639 19184 22835 31941 13229 17420 26074 28957 253 29013 24985 10582 13104 12898 24246 7024 8661 5087 15681 21767 23204 2284 3819 8153 17404 21440 27932 20355 17296 24978 30015 7307 15709 7609 24417 12451 32479 18 25338 18476 27268 23202 24074 3322 30561 10876 29288 3671 22819 28645 3415 31306 25673 20919 3419 31769 657 4099 31307 
25612 19376 2554 934 31860 5702 23310 14634 12268 5393 21332 12707 25823 21601 20269 5122 12874 11212 12837 13998 20931 30754 2331 18719 29371 12708 6051 15272 21248 12912 21672 22932 16517 16704 6742 18805 26726 13396 3382 26553 5927 16557 32411 12158 20029 18812 20030 9640 21199 17370 3877 31280 6589 697 29641 21438 13538 32539 17783 31099 9622 28802 27383 20256 14455 18855 17004 22356 20074 28014 21115 12340 14044 12314 5807 15923 32590 30909 27420 31012 23568 5875 23363 
3989 3660 8400 22582 21599 27463 27927 6653 10875 26852 32173 12343 25367 21354 28237 1540 16873 4230 15228 23843 7108 5012 30144 1112 17257 26394 13581 19729 14495 28565 24704 1096 19846 19321 7760 29355 13864 29811 1 10235 13905 1521 16090 5554 24993 19684 7322 15592 8671 1220 15463 29559 30608 26069 2055 1118 10440 26794 30034 12131 21057 25319 16359 19453 3754 24907 27423 4976 10305 25325 8255 22074 2212 22981 15602 8366 23268 5231 9718 4831 5084 29996 12821 
28607 21697 6698 16727 10120 23546 23301 21622 24923 30769 16269 14482 18471 12714 21450 6950 7885 7635 32061 6715 24450 4381 13673 9435 27252 8971 19858 16329 1968 14472 8133 623 16451 2174 20760 24600 21151 20132 2355 4447 17985 8344 17167 12775 25233 6445 6910 26189 3338 19974 15852 7771 21146 17252 24036 18303 8268 21052 20438 891 28452 13453 13975 14173 26442 11248 24361 1714 15980 30321 12861 3831 21853 1437 24310 30544 22786 11228 8944 10365 27246 13313 21377 
16649 4684 5920 3134 6596 893 17567 9921 28276 28931 12432 24490 32456 31518 7230 19684 15245 30644 19718 2346 21540 6646 9577 14537 14388 15681 21599 19367 24988 22338 3821 8324 31404 21854 2041 28032 13460 26961 6750 4573 25116 2325 22844 13575 10902 9733 31377 22225 26897 24386 20494 13570 3024 13142 16931 10768 2043 29975 349 26923 13715 1998 25073 15229 10155 9881 5529 8881 21718 15118 14238 1202 9180 1825 24374 17589 12465 9800 11281 28025 23975 10717 303 
20685 1250 21699 25076 16468 24076 14924 9598 17285 27723 17498 29750 28405 2160 25797 17317 16601 23410 30205 17546 9926 23834 3825 30505 4284 11007 20015 23013 13667 19381 24652 26129 27540 12866 17798 20228 15643 5585 6824 14187 5820 29099 26926 20708 14708 16738 17066 6600 20736 19791 11110 11591 21412 6975 6219 22971 3877 22378 1025 28982 1815 18853 24408 2141 2143 10968 24807 6010 5616 28337 30707 12748 4824 21914 26258 18210 19840 23273 18191 9128 20527 21335 145 
8704 6865 20404 28408 17300 10743 6105 16904 9003 28446 20957 22473 30139 7732 10636 5677 3454 29784 3092 2036 4936 23522 19458 16589 27160 4515 16749 19646 28909 12142 14961 11973 5851 16342 20448 12992 30045 16186 29235 5770 25837 11775 17095 20071 16338 6173 3398 26786 18234 13789 30050 21620 24200 2529 11466 4136 4335 8292 17750 637 5440 21443 29573 844 17408 14908 21802 22378 13246 8438 4194 9168 28579 14402 24265 7161 31819 21793 22766 28556 7891 27654 5636 
15163 6708 10461 29658 235 22223 18507 6925 27413 10313 5688 4988 24428 9624 13707 31996 9408 18270 5428 16461 8226 16502 13936 19533 27977 17613 10312 13164 22068 12916 23643 15712 28177 20723 14558 16666 21342 6879 3041 23288 23886 17839 17364 21308 14446 31691 4425 18621 13960 31974 22012 29660 21959 6286 1296 5562 17181 14081 22683 26536 23522 25667 101 7903 29374 4461 11757 22642 23496 72 8621 384 1007 3354 7583 4014 6042 19136 24832 7636 31883 9469 4436 
16631 8969 32018 13482 10616 29246 29839 8481 25738 21470 23144 1451 20969 8969 28235 28689 8650 627 28209 29752 28429 24002 8756 22690 18874 6711 23200 27703 17835 14993 5196 26950 24966 31278 14123 2503 23023 9076 8990 12515 15611 9583 32524 19894 20967 11451 32309 23379 10506 17317 4035 8712 26632 15757 11426 7652 9801 29071 14226 11895 28073 2146 9083 29657 13169 24959 21504 31982 23943 21382 27734 10983 10209 19422 87 28172 32319 4508 23506 16313 7706 12199 21542 
32167 5335 18969 22543 2669 28225 25320 12735 22343 10038 20933 12081 15125 14496 29508 9402 15015 20136 21310 32225 9783 38 22132 20592 12343 6747 10100 9675 24910 21730 27329 28289 3485 484 32302 21537 12102 3724 18315 23887 18991 26554 22147 6166 15619 5884 24005 16000 9082 11194 18274 2404 11739 17584 26742 9600 4543 19873 6155 32455 30743 17738 11578 22012 3184 8086 10387 21632 4470 6160 3264 4713 7863 2205 10852 17107 27562 6251 25417 31355 19440 22309 10427 
17546 16601 6249 14639 31150 17450 9083 24873 3439 12318 2875 17244 17857 26794 16980 27666 4309 10757 16311 13262 27957 8296 18248 13616 6160 11539 10966 23066 30162 31888 5969 17425 26872 21051 16951 5094 2851 11522 2896 21653 31851 10602 26267 3437 15605 17618 8840 16241 17608 26108 24167 20991 19932 20169 17697 12975 1140 23364 24614 11390 4526 12770 5798 14892 13401 18697 11524 22498 23558 26062 22664 6168 31330 30723 15188 32694 32451 30577 23705 28025 12288 9826 28938 
4249 22662 23907 1937 12969 30888 17479 28225 22718 29495 7279 25485 32723 26707 73 26551 30828 12928 15383 17035 9594 14845 9202 4428 8831 4689 2830 28911 5362 5670 16447 6279 11493 30042 13244 30721 6373 26964 10788 12049 28962 916 8382 28780 24016 19086 18181 9528 31948 6329 12644 25792 19075 29155 10558 5229 4624 17095 15921 17394 10404 16097 31900 6598 30763 20609 27998 25559 7468 20255 17121 8317 7153 28654 22360 5036 28905 9395 24644 15471 74 23768 31549 
16017 10490 23740 30703 5277 32432 8014 867 7690 28503 30170 6272 23983 22451 23075 22993 31869 19270 9905 14472 25708 4981 10604 3267 1974 10727 17514 783 10308 12846 4358 810 13157 13993 14642 29710 1478 11432 31502 298 11167 978 2745 17651 28970 17604 18022 31899 22361 763 28851 10528 16584 9716 25911 16777 27377 19857 31578 23149 1951 21951 2922 26292 2725 15702 18923 30113 32719 29761 27950 4625 32025 21726 20773 9981 1311 19623 3445 3398 28117 30739 12749 
9906 8056 13751 7286 10801 16324 29873 7980 1382 7528 16966 26157 30562 28599 23242 21903 18611 16032 16832 20694 17565 1760 9539 8390 22439 28278 4261 27510 30554 7511 12885 29350 14149 3684 14598 3154 12100 27801 3085 2440 5890 20615 25355 32630 15037 29188 205 9927 11593 8737 5488 17712 23384 8540 3017 21829 25592 9751 17924 24722 23133 10057 3466 16359 21729 16244 14889 13811 27977 15319 21615 6164 5706 11236 14166 31086 27212 1268 29991 3131 22381 11834 920 
11617 19657 2293 29495 20042 19705 18666 13836 12528 2521 12562 14714 10807 28046 2192 22375 24192 13512 23525 25245 11387 32325 24167 21103 14908 29591 32752 20895 22674 28454 2771 13439 12436 17272 24084 6743 28540 1968 6104 15879 25785 3413 17434 14829 17983 25429 25504 17161 3874 2634 24365 8031 11363 15867 15097 23453 27658 30758 7774 1022 25204 4221 980 25710 14831 7662 9503 5103 8324 32039 30663 20283 18452 8282 19913 26283 11431 3133 28300 17239 5376 9814 15382 
18303 373 14453 14464 3626 31997 19842 32679 19980 1163 19320 2341 25517 30874 28338 18048 18120 19721 2662 29088 28401 27434 12911 8071 27515 31254 12879 27452 12953 323 30068 19720 27587 6488 17594 29157 14684 7999 32050 10036 17809 7548 9250 11950 5764 24510 31820 3741 28074 25780 115 12876 13937 8738 26396 28348 18471 20276 5010 16280 32535 10514 6188 20587 28917 26036 11730 9745 16508 18680 17598 31852 21589 4082 4736 11352 30011 9859 16709 11744 5981 23341 9304 
2738 21251 1317 5609 21712 20597 20650 25102 30089 11033 9622 25351 26792 4059 23603 12998 14315 6865 13391 5551 19126 14367 17043 668 24073 3097 18448 27684 14512 9896 10267 12061 28601 1519 28763 19039 20267 11310 10016 17355 15093 19686 21494 24204 7205 21822 30331 1693 11866 21413 24429 5515 16764 697 8199 21629 17322 31591 910 24433 10100 21076 18215 19912 31307 9340 1003 17413 16181 22298 32573 21202 25030 3783 21851 18244 21835 8677 12852 20575 13384 2622 3194 
7645 29733 6633 5879 23595 292 30574 23588 12725 22166 9513 14328 8547 26447 6132 9214 30307 27223 8448 2474 7466 24546 12036 3821 3509 25218 10906 4359 11029 6300 29157 16797 15402 23065 14200 6667 25007 24157 18547 6395 11638 1661 32239 32311 16117 6060 23965 30907 2306 31223 11689 31503 9435 20275 32741 10707 22121 30259 30755 6299 9670 20030 20962 18686 12796 20159 26926 8170 8464 18239 19137 17722 20799 23441 3950 8587 12167 4172 1728 28235 22377 31615 29918 
3090 24558 28063 26545 4918 31208 9924 26441 21146 17274 27669 1405 12486 29914 4481 4306 9021 19030 19377 28319 12298 20373 24122 24686 11677 28704 31254 14500 13525 28960 24661 16997 31070 14442 7440 24754 31805 1208 28319 10452 19625 31545 11531 31742 19229 11853 17862 25646 8875 393 8090 14420 27795 3842 31456 19382 12820 29128 8690 11411 16514 6576 32227 13830 921 3159 25453 31022 23057 14179 11306 16780 6258 14348 28679 14508 11818 15324 29431 27912 8413 24242 6884 
16425 20988 10765 491 15 17049 6535 30920 12243 18810 18592 3471 17291 28524 11709 27294 21358 26073 1649 8655 2617 19357 22778 14322 21201 13334 12047 1146 2345 9338 28121 14710 12902 31598 28479 10179 65 30420 16486 4992 9133 19428 10616 11459 12986 1406 25253 138 9658 7358 6760 30197 12194 32722 12556 11186 30131 31496 19822 18872 27225 14379 12036 6968 20307 18448 24862 1232 8980 27244 13164 11011 32105 2024 7105 23782 8029 4728 25878 5915 14938 16360 20434 
13059 12944 21176 1865 5680 24730 25897 4226 30233 5727 27288 5693 1042 27447 23307 13876 5499 4944 15626 13218 7223 17999 432 13058 864 31034 26369 25369 17464 28565 21630 14134 18275 26571 26103 5817 26196 26320 6305 9682 8454 26373 20072 2955 23532 28252 7046 22793 14890 20412 4693 30222 26629 7079 353 14019 27032 1050 22466 32437 16841 14260 9129 5405 1404 30747 24376 3684 12039 28572 32663 28390 17893 2577 31300 27383 11950 21768 13482 26659 14150 11041 4598 
9146 13141 11960 4902 8845 15608 22468 15714 19954 28087 6399 14992 25102 9142 24648 26659 4435 10031 30277 18483 327 17439 332 2259 1159 11328 12164 5535 13836 13624 19527 26516 22958 18192 17611 1829 9702 3815 24578 29834 23256 18920 11710 27228 19089 15481 28953 11871 13965 10677 2580 25759 9852 24349 8830 6334 7237 10378 8728 29068 18764 16487 11766 17112 10481 4124 14120 29062 9305 21709 23706 24034 9072 31813 9273 18484 12078 20013 20311 25493 2330 13698 20049 
2816 23565 15942 5999 19628 27193 7029 25867 16281 23657 18746 7926 22377 5770 8035 29463 10866 13675 26643 24917 24081 6593 20150 16056 11585 9326 15162 29642 15724 2051 28029 31300 13697 21379 27905 24038 19270 6762 8423 17575 15088 24045 9243 16910 23793 7044 10700 31200 19985 9382 1567 22011 24000 9171 12068 21378 13994 29400 18953 11066 30093 9807 6285 22836 8775 29285 23224 18349 16180 19680 30921 8498 25270 28768 2417 3592 3861 9444 2110 24778 15498 29073 20570 
30292 18838 7087 12149 19680 17816 5877 9472 5743 18847 19206 8604 19051 21373 21051 23250 31370 22301 5539 1796 28405 31254 27208 5539 19882 11647 5044 14243 20766 6662 20404 19500 21031 4668 20316 1427 10522 32563 16715 23176 10800 31563 20785 6033 16687 3913 16526 9399 28742 17833 31932 21374 13880 2102 22063 18715 8125 31703 15612 22754 2085 20140 9880 25342 19774 11353 226 2916 31352 19618 22116 23818 12103 20537 2006 11603 17609 24531 16100 21454 30377 16769 32306 
2593 4931 22590 29340 2112 30472 16836 27074 12515 22308 1701 4548 25142 8031 4246 26186 16082 26433 23310 28360 748 17018 4624 12800 14796 28801 4932 712 26497 12154 1357 2573 31444 13917 31063 12824 7034 6741 19183 22288 10382 9062 12824 24768 31550 21587 15259 10651 16836 10687 7070 22269 1688 21650 3704 1716 14307 29598 15300 30143 17207 4227 20404 1109 6526 25551 16041 15146 12081 9322 26368 13805 19659 26162 1326 5909 17276 19426 11791 26845 23073 4152 17275 
3981 1652 10839 5915 12540 18048 4458 12154 13651 11865 25482 25439 17683 32265 29666 16219 26714 21453 1040 27038 11106 20098 11471 30734 27722 13402 14803 27803 13849 29139 31989 19404 19712 1258 23696 414 20447 10379 8491 2191 4875 21581 18008 1782 6223 25692 21211 22165 18480 32182 31759 10865 20597 667 6278 18146 19431 11070 9712 32742 5974 5825 26174 29114 30684 26720 22535 10156 30310 17645 3626 9515 5231 17532 10933 1312 15887 11359 261 9089 7477 1365 9007 
1314 12848 25086 24223 29135 21877 27026 27647 29849 1692 31443 22107 13933 11435 31552 23938 26347 11159 9868 22447 10100 29448 29262 22120 11397 27229 23034 4775 2372 24048 10000 25656 22873 20891 2451 18530 15615 23675 5309 15305 23387 29171 29681 27539 24332 15348 27633 458 8451 27260 31825 4353 30101 7261 13612 25403 20430 17728 5397 12296 12041 13545 848 32241 2749 9149 14915 13078 12442 26753 13863 6422 18645 15204 31747 22575 29888 10816 19675 11687 15261 8733 6436 
24938 14772 12791 18556 16116 17827 27329 10648 5489 32758 169 7806 803 247 4510 22772 4101 6343 13583 15160 23470 21934 14582 12529 25207 17584 12310 5222 7648 8289 13696 29678 1072 25082 2396 19367 11100 26795 27366 1899 4906 11059 21431 24832 23190 10159 30790 28303 25717 1455 12718 30040 12120 7823 13490 21667 25779 24581 14846 7418 25407 15606 31663 10133 18588 8334 11286 16918 15931 6031 18873 17015 3451 9193 29851 5952 16146 28300 10430 10237 18863 19322 485 
6639 5086 17440 27806 19714 19755 7142 26752 9471 25226 773 16306 29443 4598 27544 22445 4912 24921 13559 32578 4770 31916 8512 24030 29092 16223 18742 26637 22052 27899 591 32061 16997 23814 27400 4805 9204 7719 4476 4133 20189 21642 26677 16527 14622 22406 32066 32167 2652 21117 10121 30600 21461 27908 7775 15879 1174 15940 12118 28475 28142 4000 1622 12093 27682 12953 15344 19756 1890 28142 7662 14708 8444 17927 26159 12624 208 9363 21426 17294 22276 9073 23024 
4755 1529 32460 23151 30622 18557 29323 7316 27473 2114 1768 30649 22381 30862 4190 25471 13789 18741 26313 25189 8438 1477 6089 31386 14589 29952 6247 12560 745 3215 14843 15058 9323 19700 26189 22679 8492 6593 26362 4247 32086 25095 15385 15005 26965 11538 17951 4702 23263 24403 18176 17417 14129 19358 32407 10015 29340 25750 26184 7045 18753 8805 20452 15576 29977 28848 27596 24576 1336 14537 31322 3848 14930 23591 11388 30508 3198 13076 30626 32052 15930 25510 24795 
27649 8367 9456 826 29030 27959 17017 21887 23865 22557 29678 29427 22185 16548 23827 27540 31697 8778 18943 24434 8078 11085 31625 26969 6542 7279 6142 7344 23722 22006 5141 6817 18294 13816 10276 635 25366 11221 9619 16724 1107 9477 16529 1266 750 14100 8711 21996 31539 10986 21962 7436 19922 19792 26901 6136 20971 10416 19766 273 28008 3100 21127 28316 1935 914 20384 11552 2519 9599 18635 6414 25339 22913 11193 15271 16462 31857 29555 12059 29006 1441 18578 
3566 10619 4450 29107 29088 5226 29898 10278 17549 28693 16052 9446 27410 8565 18951 31182 2033 30547 17724 2825 24567 3931 21274 15563 8412 4466 10436 10558 3946 13641 19702 29376 24801 17970 23692 1611 17307 6451 30788 25140 23276 10585 16324 13593 12876 20047 32223 26901 27576 16687 27156 28469 11605 25496 9047 24368 4695 32001 18453 16210 8993 25165 20338 2234 6317 15263 2005 15301 28463 23663 24230 6346 3061 25054 21846 20744 31378 2886 18336 17372 1339 278 26383 
7224 11377 32221 4033 25168 16865 3492 23146 21910 10888 22401 3995 8937 3098 9577 24645 19209 27045 7750 1913 19791 29553 26185 14705 27291 3628 6530 980 5261 21827 21678 822 23800 7315 16464 4574 31123 13633 20995 21453 12274 31206 14350 17404 15797 26096 9017 9956 4352 15429 25311 1603 25899 297 1861 6686 6074 19297 32298 17154 18831 12440 23967 31120 8286 20739 20761 22329 15458 17985 23749 7237 13902 31109 27419 22298 14727 9462 22710 4283 3728 1110 29283 
8847 10693 30946 6520 6500 4685 9338 615 18867 13642 16386 16786 31013 31058 12552 6753 16727 9763 8871 17554 4058 29842 9643 7121 26495 23237 7157 28041 18129 26786 29474 22777 22498 18567 29287 30090 19787 14396 8127 13152 4206 3622 73 10799 9470 7869 14315 19024 26050 5696 19516 9236 32405 6823 3745 14680 18354 18905 29110 3417 26158 26655 19951 26314 21958 21208 22911 30756 16347 2927 22392 25150 17339 28299 16948 17693 5154 27525 29941 21261 3585 20511 6344 
6640 11389 31859 22703 30423 32315 4905 8446 26575 32731 31213 28166 12286 32706 15904 28145 494 28445 12750 31213 9256 17442 21729 10893 17413 20889 24212 2923 27329 14236 31530 12819 18641 20891 4575 15388 19318 17827 10015 30872 12435 6367 12022 16559 3260 27999 25544 17286 30607 19736 30018 18790 21063 9772 9104 12826 23694 23660 6864 12952 2963 5147 8903 5604 22365 6645 30419 1330 29279 3184 23073 6987 8012 10818 15392 18225 6444 27171 310 16902 16816 16340 17329 
7210 2498 12896 8448 9636 18529 10146 26403 13763 29612 2311 13920 5636 28732 9622 27448 5175 27319 29997 25753 32734 28578 8461 31317 5846 13687 30104 14291 9529 19704 8538 12037 23682 11202 25927 30617 9714 17701 6723 11892 29747 9523 12264 2396 22588 16919 2179 21236 23924 30633 22111 25326 28954 24895 24135 26236 22756 1477 17222 3335 31974 2576 16305 27940 2230 23919 28519 13764 10190 5251 3928 32682 24881 26193 22084 21283 22098 32662 19141 13809 26929 8282 14992 
21896 3527 14280 14072 8573 19108 29245 15028 27195 11479 28063 23777 22520 13070 2032 13643 19943 29694 31779 21992 3503 1029 16686 32165 12061 24078 24416 26725 16405 21430 12277 24647 8399 18605 15080 29736 28736 15710 9992 30570 7381 27858 28750 12019 28007 465 22638 20344 5740 10059 17836 12539 12138 30711 1009 23442 7346 4410 7198 20843 16714 19786 13728 14861 3371 26771 13893 21216 15276 5722 5197 18672 22079 18592 3781 24558 20315 12105 16400 2680 18873 12925 16071 
22425 24515 27727 16579 22932 32586 26012 29815 27101 11639 6710 1155 28265 18180 2114 31111 1063 4267 20191 28213 13007 11231 8201 18859 3546 17339 2492 29695 26321 1592 23132 14619 29899 15778 9300 19915 5426 7757 9470 11028 2501 7300 4803 13256 22499 24258 5763 22615 11526 8229 29750 11496 27790 5919 9940 9640 19136 13423 29555 28002 6414 20047 14255 2641 10136 3055 30543 17714 24564 9507 27942 1692 32042 19032 9014 7828 1283 18637 22044 10845 26244 16128 10152 
3213 25013 30054 25803 11110 7335 12126 25270 26978 2484 2152 14144 3088 777 12690 20616 1311 16226 9012 12252 20920 1045 5853 19418 25618 14418 23949 24021 19264 15785 26149 7803 3405 12748 2075 13748 26506 32151 26226 25037 26919 21837 32490 6613 7169 3621 14708 12103 12219 27909 3048 13034 23312 21133 1530 8438 26471 26711 22891 6264 6824 13181 12924 8695 29519 12380 29864 18776 27327 23448 12178 3839 12760 19553 24637 29751 7115 17396 21115 9940 11053 22116 13992 
4119 30027 4250 16279 19153 20414 16282 23757 17611 31807 15625 25837 3942 18108 25836 17524 9087 18859 6323 1190 7317 19614 29558 16073 12078 28951 4990 20368 24182 8606 7431 24282 13610 30482 23108 3997 1460 2109 7332 27676 30104 22442 17236 25185 22542 21435 2821 25831 7152 7414 2799 919 20695 1696 790 4341 1922 1421 24524 10140 4471 310 5751 9192 25580 15116 16276 26098 8679 16396 4604 28609 4517 6292 9062 13246 313 10869 4654 10089 24181 329 31829 
28235 1549 28935 26568 12587 3578 18132 32741 30085 3869 31772 19515 2360 12837 8162 17553 22143 946 27220 26154 13346 21434 11939 11848 1518 9261 7953 7663 16738 27348 5964 10987 10923 10879 24826 16917 24019 10079 9877 16081 30773 15025 2169 31707 30260 2460 2107 24900 6444 9053 15933 5047 27049 19105 3455 10497 10711 28210 18872 1488 19514 5334 934 18619 17055 16501 28578 26243 14675 3193 6775 23449 4754 2938 24692 5856 13890 10267 23232 435 2530 3375 14062 
18730 9405 22817 11473 19609 5219 8338 1682 21850 17753 1091 28415 31693 25616 24118 31270 23964 18964 18960 7203 2372 19334 3266 566 17105 30924 8040 537 1512 10375 24945 5008 26891 24005 13825 2113 17945 24185 4243 30150 19476 3624 13539 1537 24103 24804 11787 8623 25576 31358 16620 10560 28378 19960 24015 12263 22838 20793 21836 27885 16875 6404 21612 22346 2531 28971 27658 8054 13960 17664 10111 31613 23943 27661 30334 31058 32211 12037 28220 19301 27118 6394 9684 
17271 10084 26831 12779 28589 26520 14065 911 3556 32194 9026 11877 18757 30265 8022 23044 30233 13038 10466 25244 16350 12601 2161 27867 32154 23769 26713 28945 8303 5174 22510 402 28784 16872 3829 20572 2995 12157 1372 14329 23463 30071 13096 19367 29864 11413 3246 12983 5073 17492 3846 21299 12050 8884 28861 4035 19330 28991 19146 7377 3574 15176 19907 12524 14802 16753 22353 5226 4639 9840 31714 21586 20702 22802 22685 7289 10396 24447 16795 31978 1095 26561 8276 
7819 31040 16768 5719 11006 8113 9487 14399 27590 17697 27565 29922 25771 11590 7428 31947 27999 21786 30198 15851 3681 27697 19609 18315 9506 30793 30080 10885 4967 22307 3645 10676 32238 4753 20771 20137 24148 15057 22097 13983 27702 15129 26092 11185 8599 23667 16299 24139 24193 27339 31641 21215 28655 12358 26646 22489 32235 15062 2335 6100 9460 8204 7376 7182 16034 13101 18727 21273 7565 24967 22283 28628 16490 10501 7821 13466 16503 23810 2157 32441 32538 11611 18656 
9766 22212 9160 14224 1391 21276 2924 26853 15856 13402 30378 27779 3146 16880 22331 21780 16657 12400 23677 27975 12741 7850 3086 15896 13828 28180 18586 19027 1277 31344 15089 9043 1832 29864 20829 15120 28725 25853 18738 5977 13634 6240 30374 19037 13136 32032 16099 21616 6648 12998 30811 21260 28250 20798 9564 8470 14935 11063 15588 19555 15360 4043 30134 1147 10573 20323 18349 26269 23571 2005 5969 19203 31280 31696 16296 30566 28168 31098 28239 23237 17206 5207 1480 
