24
15227 13933 31254 22543 12282 19622 23431 18855 4776 4725 978 6623 9214 16572 6497 8767 12529 9198 23792 28267 27939 23921 30039 
10407 15707 21574 11684 12186 1587 6379 22893 14674 21264 16512 21349 10121 26967 31530 18988 28967 7134 27061 20332 17672 29345 30333 
23841 18942 31415 13710 17720 8218 21124 4106 16220 1831 17967 16075 2317 20088 4182 22602 19442 29156 4865 30143 15984 2062 7381 
13194 12923 26090 3723 4306 1708 7036 29856 29292 11668 11747 26957 19710 16209 12951 21177 14948 18782 12271 20846 32338 20656 26342 
29449 15931 14846 27166 32054 28786 3168 9765 25820 18064 16923 16120 17813 5909 7099 26309 28001 2642 10595 4597 20635 3718 32354 
11370 31276 22343 17158 13317 19454 27683 6325 23660 9140 2696 1081 8202 14232 24289 21084 25175 16340 22786 10933 1881 16358 8134 
17601 9323 1102 26614 29494 11837 10377 12909 31123 18460 14659 13690 24572 6259 18121 30086 14661 18066 31677 20727 3917 1455 3085 
852 27021 20778 4133 25513 8688 15894 8292 25133 31717 1524 17613 2338 12723 11969 3328 1277 27662 29748 25704 30663 22503 22081 
30389 7107 20104 28897 14477 31057 17375 277 26750 13330 28442 15144 7224 13133 24949 22069 11769 10641 32592 28906 7752 16284 3973 
13195 15846 26236 21752 21306 13314 5364 26224 23157 13484 29729 14501 23264 31628 16221 3738 27717 24276 23396 17452 7385 3699 26806 
9963 14017 21388 21820 20778 32468 25638 12589 15186 20643 7973 19251 30588 15286 17529 22474 19262 1561 32149 10217 7108 14360 18978 
13029 24611 5446 9461 30610 3563 9924 30015 30891 13307 15039 8196 22644 14234 32059 19919 22429 26563 3599 14499 15210 23231 14385 
5684 24337 18938 11828 29271 29796 24591 28687 3512 14255 11557 15904 5323 6884 13694 15729 17157 11253 20045 12601 17995 14978 15560 
28070 30379 180 19327 26585 13898 21353 18924 1843 3485 7569 10827 7119 22492 10967 12716 7759 5044 1413 28230 7388 11325 27553 
26638 31080 20011 8028 16264 23862 7496 5806 11997 1437 24098 20026 8495 19977 26624 17271 21545 6978 29467 23057 14298 3057 5899 
12429 195 4704 3456 10285 8238 23425 3378 9235 5826 10034 20763 17320 21845 30143 8163 7231 8193 11944 26524 13814 10106 9381 
16815 20445 19614 6888 29462 12123 16974 12194 15564 32461 381 20424 4226 32623 17286 6167 32148 4736 30403 18262 27195 23969 24923 
9691 27908 3711 26203 1616 23169 433 8457 17335 23358 20708 19061 24748 7670 3125 7504 11242 31239 8926 11265 3601 5668 16149 
23798 25767 26442 6449 312 3676 7157 1551 14659 3218 18323 17588 7188 24092 25145 20275 21635 30534 28821 13009 10451 31510 26660 
13160 8328 6610 9124 15881 15480 14530 31693 28389 29989 18231 22588 11886 29514 25805 19632 10681 14004 15596 5752 10791 8019 15253 
3628 4164 3217 32603 24988 30191 1762 11439 10758 15292 10141 1633 12940 1430 13066 28516 740 27305 6332 14802 594 23679 20001 
26415 18131 2408 14167 15858 25755 15904 4673 22593 20930 2732 6107 4093 12859 11909 18378 27646 8197 4088 4664 29344 17317 17101 
21470 1406 20691 25127 22626 10877 15220 16811 22244 26125 14536 14820 7380 2731 24805 5094 23302 8618 1124 22578 18696 20788 2650 
1242 4787 25484 27274 28390 17408 21397 6104 21237 10013 664 28417 22824 18624 31554 32138 4155 5820 26092 13558 9205 19666 4640 
