25
21187 9161 14680 24952 26272 30400 24328 13793 13623 21188 29151 3579 27468 9374 4682 5134 10072 30958 8763 19158 10099 638 552 26236 
3703 23248 8022 12741 1123 12537 14167 21386 13821 23218 29906 2152 30652 31661 18818 9400 4068 14117 10625 29377 27635 8121 3015 16685 
17724 22906 21485 13754 30930 8771 2359 14386 5799 13385 32466 2461 27637 14066 20826 23477 3293 12779 23968 31898 8527 13941 5289 27335 
31017 13055 20730 25925 11171 9466 4370 19486 17898 7401 15161 25877 19723 18615 20088 22676 5907 30798 9449 31462 16244 20581 11057 13734 
15019 8089 12618 9592 19744 2496 14470 16375 26958 32122 25296 5614 14627 10248 26421 1482 22186 23394 12196 29263 30695 6787 1010 20875 
4611 16392 26145 10248 14249 29433 994 17478 13999 24039 24920 20072 14585 23607 8479 46 27802 4541 3469 6435 30525 8333 18232 25368 
14532 28941 15544 23248 8494 16463 20398 20733 7614 26782 19205 5995 24921 6231 3703 3708 3121 27387 4947 9940 30368 6273 11902 11093 
9046 12017 13240 26446 7351 2606 24097 31983 16767 32275 8700 1 17576 26306 19378 10452 25741 4921 4122 13176 7503 15911 29175 16175 
23160 2301 8387 16931 27614 11591 13483 25941 16843 22589 27610 23766 13402 25749 19706 4153 23076 26268 21240 10056 12828 16005 1544 20214 
9400 9473 9706 19093 8274 26128 18795 9545 21709 15894 5934 6077 21115 3377 31660 30228 4158 21706 122 14883 7406 13162 10443 32221 
32763 21199 30517 31246 3412 31808 184 23885 12423 18205 12540 3883 29481 5562 9178 13233 17016 21613 14366 778 14399 12006 16267 18812 
27386 12223 28704 9117 2363 32340 31386 19139 17484 11989 27194 1468 19990 22682 12744 4543 28225 26294 2520 6051 29341 22222 1100 335 
32449 23084 31002 17266 32498 3343 12368 28532 16966 14405 27989 8620 8 20732 16241 8147 19551 10966 15247 15288 16427 4155 834 20022 
22576 13555 15623 24163 20342 14068 25034 18699 30959 8568 939 31837 23643 9811 29185 7139 6761 388 24223 8376 23583 15114 26711 18933 
20859 15097 11965 29036 859 25548 21293 6297 31898 9981 2832 16853 3708 18387 10074 27085 13388 16508 13655 13619 23107 32091 7336 9907 
2988 25251 24201 28969 19526 20517 23125 14865 8426 5990 15179 24638 2925 6133 29586 6864 32200 30203 26747 1120 2166 7956 13319 26237 
18462 4445 8105 22876 22130 6351 15436 3019 16983 30411 15256 18279 21318 10229 28273 1295 7154 15430 3265 9624 8235 30045 10872 8898 
4610 7958 32209 19563 27182 22110 23254 26115 24494 12870 2086 14400 688 854 20726 27411 32434 7459 30806 15322 18407 24099 29109 25559 
14300 27073 680 17121 23899 18605 12775 8793 912 25462 10136 9312 13418 2906 25297 13127 14916 1373 26712 1351 25797 19352 20141 2163 
5380 30932 19274 19178 21744 4695 9513 13137 32240 9214 12423 7553 12998 25228 14312 12156 12473 18498 30299 31398 15347 24496 1791 15666 
11048 12490 28102 22490 22136 1086 7545 19411 28055 28933 7932 21760 31019 26680 15828 29798 2933 13094 24038 32480 25652 6051 24193 1043 
3014 5795 11935 8613 10641 30983 30312 5802 6561 7862 31224 11103 1426 17392 6498 16667 1201 12511 4597 7810 1886 1903 25790 19452 
4533 9056 1613 5222 2413 16538 15292 32263 6911 23488 18670 20421 31243 263 21525 30360 248 32073 8823 24384 29660 9557 4721 6195 
27291 10122 30396 20442 9810 7076 14063 764 22006 17621 22853 28539 3640 14872 22945 7998 30892 26818 29135 8046 32299 9561 14093 14309 
28790 16042 12490 14051 30491 18198 19629 9475 17309 2093 21465 30062 20687 21630 17776 1615 12673 11180 14933 1415 12894 25797 13879 3489 
