44
31490 21965 32393 28075 26158 25883 16485 12810 28546 26897 27378 19543 6908 7873 11209 17757 22924 20843 1787 8053 14456 23630 8603 1785 8191 32446 5501 26363 25917 13943 12862 13879 13134 5169 20356 4167 4022 15988 5255 28438 32256 5806 22737 
6295 1702 13443 578 5303 9521 11108 1110 16272 24993 20067 25771 19423 6415 26181 26813 18872 14737 3545 20724 1400 30046 10377 17634 21244 12595 10031 21701 6416 12789 3882 13396 12586 19863 30640 4792 28505 9022 29029 13272 26232 7843 3117 
11993 15527 19129 28479 30181 9212 14225 14204 2860 19317 30586 4094 1833 23601 30572 14579 21543 22240 13991 28844 17155 25977 8599 29425 23859 29995 5115 664 6151 11413 17990 12630 19759 4665 10821 22996 7294 30510 31491 5 6894 31254 1002 
3000 29411 13904 25386 4457 22964 29551 19295 7517 32359 26858 2158 13550 21948 27156 19375 547 26478 3663 850 23939 181 10621 16635 10795 28687 10424 29616 14367 11840 10051 30965 8414 6295 20416 18741 21049 8308 23971 17252 15204 5127 21222 
23523 20558 25690 13823 12964 22318 3218 27663 21646 13406 32370 860 11299 10349 14368 513 25952 13424 26412 3300 18660 6296 15566 31465 21077 8458 22383 10341 1536 13546 25963 7894 18879 23481 25878 25809 17696 11490 9725 2619 3267 23951 28526 
17596 7428 24769 28730 12401 26586 19872 23481 2273 31231 16 22543 28211 31570 10116 8622 2718 3705 14359 2076 11296 21450 29145 10231 9843 4972 29286 1590 4413 21177 1214 28849 13959 22759 9040 18404 17776 26344 24664 5615 7458 9870 10347 
5858 17414 5363 4944 5688 24372 27672 14098 17825 15918 20428 12627 28933 20173 16848 23267 13253 3451 8504 22930 4932 17827 14612 1090 8870 13926 8784 19776 5079 28560 31961 9940 22991 31434 17409 5654 16405 9489 16933 26628 7042 31846 26509 
15570 30792 21959 2195 23937 26931 28511 18184 4019 23598 762 10963 23486 6152 23739 11739 30975 18296 18961 16168 21617 13663 29927 325 25981 7758 32539 18408 17684 15176 29234 6356 15100 27081 22346 13311 13671 5382 2895 26352 24266 17527 9074 
12140 17900 29587 30167 29009 19518 5851 6798 17346 20074 29209 30917 6532 15150 9194 13372 18600 3179 2682 3833 13675 22137 25999 4924 9306 25022 22985 6581 30650 639 14632 32757 23590 8949 13518 8995 10362 13220 23558 29424 29936 30184 3206 
12492 11657 21713 14321 12123 9135 16432 8864 9762 25368 15858 32674 28039 19949 9645 3585 14072 17452 14969 6983 5482 23115 5889 3905 27141 25374 8154 25859 2333 20730 28691 13612 11109 12827 29709 13676 32607 19523 9868 20803 28439 7076 9231 
16395 28177 14592 2141 15416 25472 27407 19041 16351 1208 26401 2615 27253 13286 1284 1415 29658 14079 27176 9746 20629 23286 28673 24202 27490 22322 18861 18855 6122 1343 11479 16247 8913 16580 475 21750 8949 949 24362 31198 28661 4809 21489 
10432 25073 20015 17909 23892 16017 31357 26305 17678 30537 5609 1028 24049 7387 3515 14133 30632 11293 26626 14456 19155 6140 13702 22725 6815 13505 24575 26439 5273 26771 10372 1538 25284 17725 27206 12729 9192 28466 30078 271 15918 30158 5796 
24300 16362 223 7650 17442 17080 30564 31432 13393 1226 917 16449 520 11392 6179 9414 7724 27193 23232 21201 30366 27754 6114 7573 10264 23021 9156 28140 1880 18075 19630 31633 17793 22044 17015 9871 13246 254 5960 1273 27176 12293 15778 
30940 21994 8642 10147 25202 29346 20071 27525 17048 13067 15834 4455 24962 23770 1032 28240 19886 23525 22396 12401 18198 20618 30256 170 27306 23887 19619 23888 12797 30662 4907 4654 6975 16564 21901 29129 3435 10097 6347 13289 19649 23698 4925 
7508 4983 22470 10979 21725 8876 29950 11770 2461 24477 27857 31181 20097 20763 11294 974 20229 4413 20211 30949 16702 1874 17069 26376 14622 32281 21345 9484 16628 27189 10363 27835 23346 29915 29861 23334 20851 7886 23787 19261 29884 3981 23324 
16028 13058 25802 8051 18600 9709 5663 13686 12251 32476 16637 28703 14684 29737 28901 24890 21203 5038 14298 24590 3707 7816 11030 25407 9593 21018 6140 12787 29804 16981 1358 12340 9797 10551 21664 19094 345 20370 6156 17689 2740 29455 28712 
29008 29616 19826 1589 4035 1479 8480 30361 24723 166 28382 16272 10076 7810 14555 2078 9823 12975 30449 21320 21729 5743 8232 29571 21710 22536 28028 21101 27554 24601 14816 24763 649 301 9090 17010 29125 9617 21073 2907 6993 3939 1981 
8112 6340 24300 23485 3356 119 21296 19223 28643 1514 30914 31452 14428 31076 15069 21809 25768 27354 2737 25429 670 29714 4347 2272 3589 28169 7640 1097 32518 5521 19163 22699 7392 25406 861 1225 26846 6787 26388 11087 13703 21529 15080 
4187 15892 1952 23553 4155 21031 22665 26917 29561 27065 10803 5697 17428 13652 16212 24133 2065 32387 26779 1845 1330 27784 1684 11389 29190 332 25291 17286 14370 25244 9268 20102 11181 17297 25290 12700 23586 592 7799 24092 25169 19956 7476 
18472 20391 26825 29809 23168 8880 23227 16823 23706 25818 10254 22156 32502 21884 24655 23447 428 17942 6538 12036 10567 3035 11197 554 30165 10860 16525 31339 20543 7143 2872 22876 8663 23072 15563 28710 2608 3374 2197 25133 10034 810 19675 
31471 9069 21811 13261 6958 32430 23989 24761 337 17616 25579 32127 28936 9941 8355 15429 32303 10806 66 8555 32501 25206 17927 10689 26941 26877 29844 8440 8004 1828 8106 15447 28548 18061 2868 19887 19417 23477 15239 8849 31715 7884 23272 
25534 20139 1732 6222 2271 3977 23208 25450 13431 16965 3375 10725 3093 27260 30353 31209 24782 25157 24729 11746 15338 1045 6395 1414 9182 11232 32233 20499 11643 21377 14561 3031 11620 20060 7113 7926 7621 26690 21565 3432 3138 27541 26920 
20545 9262 21164 13969 12853 10494 10360 23480 21851 29949 23656 20322 17969 20545 3467 3697 16353 13277 4341 6327 1474 19800 14179 12300 30242 22110 5666 3486 14915 5302 22316 393 14243 5748 21653 12456 9856 32368 805 25770 29084 29942 28743 
8808 17214 4287 22305 31349 25465 19488 4357 18423 19376 23170 25864 20918 4954 29202 31472 371 6659 23994 30036 9595 4755 27471 30462 28796 21459 2572 6036 11158 4653 11583 2936 20149 26292 18242 748 29471 18276 28845 1146 21577 21674 4042 
18067 21231 8231 5193 19574 11875 20657 6965 19027 26662 18330 3879 5296 1461 11061 6330 7949 9381 31383 29502 19907 5362 3739 31153 7986 28053 11305 32747 28699 20308 2999 19480 24395 18910 31247 17515 5242 5911 30291 9489 28274 8369 28991 
21092 23668 1020 4527 7010 26327 2047 8801 93 10994 14791 3323 20979 20028 8959 1616 15425 11442 20161 20447 4692 18041 4268 12956 28128 12485 16951 5876 30517 3577 27204 24075 26990 20752 761 24648 9964 20539 20939 13587 29187 27339 1499 
10205 7666 18002 4230 32353 19481 26373 27703 29738 2406 10085 17792 3926 24593 21279 14954 12953 12681 26928 9225 4229 27822 18764 7763 25608 29760 20609 16946 4662 18839 10520 17879 6472 20373 20924 30546 28901 14810 8158 17759 16289 31798 16727 
19075 2500 20068 335 3672 15692 6133 21598 28965 16181 22666 28658 30130 24055 24646 28913 23899 19793 27779 21919 19042 3909 31940 20161 23690 28260 29675 11267 31713 27979 22957 26519 17885 20334 20546 5407 20650 7956 4705 14285 14531 21667 3435 
17352 11456 798 27623 20178 27502 11756 9262 13353 26661 11227 24423 12202 2390 15204 19638 13372 13668 11313 13489 364 8629 16860 24852 15445 6152 13306 11445 4035 9737 28504 20410 6040 27426 31876 15369 7022 30869 12175 7680 23677 30664 1298 
21863 31423 2783 20591 31394 13651 7056 8025 17451 2592 3123 30359 24640 30906 32537 19460 5849 27785 10271 25051 18397 4648 23683 26417 6549 7179 21750 451 27489 14949 22002 9458 24746 19016 12877 23052 6167 14 23567 24013 25348 4345 30593 
14118 4400 8214 9350 11068 9397 29287 29230 12980 574 11840 12425 21550 29044 10738 5305 2063 441 3495 25419 2436 10009 19597 5320 14532 9085 14647 10374 29333 4130 14656 6596 273 6986 23601 10998 2474 20018 22948 31582 7276 28483 15018 
6876 18562 21644 12907 4103 23036 14960 27148 1148 9423 29340 17366 2935 285 32573 22932 13984 23735 28271 14908 27943 1505 2552 10962 14610 4949 12086 28298 32470 3466 25430 23085 21285 15669 30663 14013 25352 17169 21230 14172 8749 23771 12572 
1642 13186 31649 29117 11758 16387 3901 17618 24375 12239 11037 19617 24003 31106 26693 1962 4447 31679 10390 5854 912 5388 8016 13324 19506 28131 17110 27804 12639 10501 2993 29823 32402 28178 9432 9574 22284 599 28974 32306 1911 25575 2637 
13996 6858 6893 7298 15223 13932 13632 17432 9795 412 8248 20442 1602 7184 21697 3283 3296 26588 2477 32600 29359 10902 24655 11593 10400 18872 16197 23955 10617 9797 20373 28921 32643 23472 20476 14357 21123 26105 12930 27289 4588 29465 14418 
9179 3923 25504 32713 2193 7459 16029 14541 31192 1426 7358 29536 31100 28116 20152 15476 9075 31118 17129 32001 24746 17037 28220 20310 14085 30904 15438 16045 23201 15939 19151 9473 25692 5158 29738 6948 20887 27342 28008 12044 12602 11026 31569 
21613 8697 19304 725 17294 1494 17753 30891 14933 3815 32562 29752 21411 2394 32253 27058 26856 1718 29615 20357 12782 20067 32163 13046 5881 14189 10055 6 26898 20357 1302 153 29856 29513 31686 22231 8760 15301 1986 30419 6582 25913 6362 
25450 7053 4892 22073 12911 1115 5474 24216 7173 11969 4859 22706 6475 10097 15772 26616 22079 26504 29377 22917 31452 2335 28147 7508 3974 10780 28742 24497 168 29006 295 22253 1436 27066 11348 6486 28363 10287 24876 3942 7957 28449 22313 
22075 13427 17588 7083 9799 9178 12054 11511 4681 19555 2834 18047 12924 17834 12514 16996 4110 28019 23365 13369 25811 30868 1234 8458 827 2831 12172 30876 31362 7038 19126 13303 19238 9652 10985 15650 16286 28833 18531 1070 15689 27510 14242 
25973 8613 26122 4146 17700 32705 10364 13763 1015 20981 11803 14206 12612 29648 1922 14745 7739 30802 10247 7465 13932 12379 8791 23096 16778 30052 6234 16408 29294 3181 25181 4086 26462 13622 12655 9650 32656 14770 12555 8943 10730 4537 27640 
20582 4364 28413 30830 10623 18576 17727 12154 17954 24464 8899 29603 5834 31849 27905 19150 9948 26047 21917 20319 22840 7362 7065 15521 21261 27823 27850 6760 2289 5017 31624 19445 8753 26729 7338 1561 9829 8740 434 28830 10568 9324 25412 
30434 26823 30026 12253 3013 4440 16426 4801 25797 7309 2599 26421 28776 32233 31625 27631 3035 4594 25228 19147 15320 903 21348 18623 27852 7028 2429 12817 32314 11844 28167 22215 7514 7255 26546 11104 13063 6196 22454 25025 26840 10015 26647 
3698 2444 4079 3879 11786 16555 11290 27724 7912 32106 20242 25091 25380 31951 14292 4389 16069 16151 16573 6506 1589 27733 16800 17195 12530 27739 22551 30316 1157 13789 2582 8985 27576 6356 30406 32400 19972 2081 2448 14944 31561 9843 25463 
6224 32706 6762 28332 32676 29751 28157 20572 30619 7796 32025 11469 11068 30203 14218 29097 23122 24822 14879 6810 23478 15727 777 9238 5324 2755 17797 8317 2640 18260 8379 9057 28243 22143 15845 30500 20352 718 6579 20681 19876 28782 31982 
30212 30574 5091 26717 2451 13683 250 30693 29137 26228 9727 243 3465 4324 18225 28703 11016 19877 20083 10761 30070 20499 17220 29575 19558 12099 32497 9475 14763 21644 28937 11550 31085 13127 2066 9881 18557 11732 4730 1398 27878 19422 11217 
