27
11461 9695 2613 4918 10074 10726 16397 21542 17502 7576 17914 23450 11671 372 24842 18099 1707 14684 14639 25328 22322 7761 13296 28169 23310 23935 
26463 3355 11519 18553 14667 16134 32626 31429 32438 19987 22426 30875 12169 1243 32450 10986 647 10852 7650 23708 1408 2444 14192 7451 1479 1963 
29560 11284 23782 3700 29167 21115 30095 19740 5957 19663 7382 5311 1849 10911 29598 21503 16881 18253 5201 30190 5962 16402 16597 10286 25709 2882 
11451 19542 20387 5329 14265 6296 30314 1047 11354 11169 16840 3792 22260 6081 21727 32103 2267 10572 18882 17524 23508 27712 12423 22403 18892 13607 
1181 6423 27850 12607 3168 3054 31523 16857 22251 10631 21485 9983 19501 482 12213 15705 832 2183 18805 21330 21237 13001 5056 22902 20660 19276 
20032 29214 12675 7877 3938 9296 16740 26113 5712 13793 25828 4393 31008 28892 22769 22596 842 22568 9452 13565 22624 3940 29439 10662 12025 31254 
17073 31102 14319 22021 10679 13871 1482 21731 5901 18075 2171 31023 19526 19160 29006 14938 289 377 4890 13353 25948 4624 4794 25946 29901 24817 
31681 16778 20910 20536 3434 6742 6457 4621 21454 9153 26229 28710 24922 6101 30543 11406 15487 15758 10220 24485 21931 22259 14398 30569 6521 14982 
4053 15347 29477 7134 29688 32068 21314 18323 25589 20034 3759 22106 4021 28926 10695 7025 7315 22584 25560 21054 11374 25125 5846 20275 23293 12400 
16209 14324 9571 16766 16549 1724 28676 12022 14705 23805 7830 13697 31818 26950 29307 27086 176 25706 9038 16090 24640 27103 26044 16750 13356 12132 
21653 11497 26345 24550 28706 15679 20007 7589 10170 25154 8454 28563 8592 14368 7815 7676 13519 26925 30784 17004 18921 23779 21845 3790 5419 22567 
419 4049 24470 29390 7486 28304 20970 1632 24606 30065 30211 31260 17941 23629 25192 4156 14084 8146 17442 6266 32591 26662 15050 11218 11406 17101 
15078 21898 8838 13261 27254 19824 31831 25104 11209 10083 3574 25353 19093 7188 6622 27035 32583 20238 3843 23606 15512 13812 25352 5699 31585 1290 
23729 22722 30896 17655 25243 11825 6683 30154 8747 17840 27732 25402 8900 2404 28670 3634 6461 29721 10431 20365 3986 27179 8855 6174 13529 6566 
24944 29171 27000 9644 28406 9946 23446 8471 31400 12325 18383 7264 16431 21419 12844 19136 10223 4623 11090 660 21981 19013 30201 7430 6800 13905 
8352 30954 31386 9554 26495 9446 16408 5824 29374 29910 19080 6898 17636 1646 4315 7395 28050 31009 2507 31029 21617 23874 28271 1654 12393 7786 
2829 29347 32532 27929 4655 6634 4210 27552 9721 15028 31454 8766 3001 10979 2880 32393 15808 29272 1413 25103 20337 28345 18764 1086 22423 25713 
12002 11137 21756 8440 12401 428 16695 4692 13172 1946 17861 30688 1646 27668 18267 4172 26332 18933 15227 26853 9064 4492 31814 12822 11871 8514 
3729 15663 13413 20861 3642 1894 2920 30660 13500 30236 3538 9507 11778 10337 13827 9169 12153 441 3582 30736 1385 21024 18274 26709 2693 16205 
3997 20649 15809 21300 29788 17743 27235 21454 27717 18599 5725 18460 22505 6226 10970 20074 3828 21911 2839 10193 19879 3333 3444 7423 5769 24922 
2763 8251 23641 23972 30720 20643 2118 12966 15833 17080 12387 25469 17168 12829 4693 9604 23719 156 9806 30580 6268 9834 24128 13264 5661 30636 
25930 8832 25053 25401 29559 19899 1576 3746 2471 7723 18195 29552 10701 588 15415 25004 24411 9494 15552 2981 11259 30683 20929 32493 11392 4978 
8907 11941 2588 13461 4285 29434 3027 22408 29405 8688 23599 14075 10792 9567 22326 12850 32487 12858 29849 24163 31875 1303 8750 18272 16282 18412 
8864 9077 27218 1303 17510 32404 13038 19362 1265 8367 16543 26820 29738 13158 19100 23211 27675 27362 11636 24696 28908 13825 27299 19340 19730 14771 
18020 30210 15811 7076 30663 636 17325 24603 7939 18723 27623 24354 30221 5609 9512 5351 28522 7186 30007 20834 14145 17138 8866 2872 19124 12280 
9907 23007 6512 12779 31648 23299 25987 29044 6914 1833 21871 2781 16520 14739 27772 29976 17645 28515 23890 23043 9511 515 27334 17386 2530 24771 
19189 17485 25388 3524 16527 30692 27762 25110 24182 3041 11435 23837 10632 10357 18131 825 3256 25749 11931 4005 21348 9982 5471 32160 7651 6263 
