44 40
0111001001101111000010101111110000100000
0001001001000100001010001111000010000001
0001110010011101000110100111101110100010
0101000001100000011001011100010111000001
0000110000000010111001100000001001001011
1000000101000011001010010111000110011001
0100010000101000101100010001000100010100
0011010001100000010000100101011110100000
1011001000000000000000000000010000100101
0001110110101110000000010001110000001100
0100100000100111001010001111100101010100
0110010011000001111000101000010011010000
0000010010000011100000001010100110011000
0000000011110000010010111100100001001011
1001000110111011000010001010001010001011
0111000010000000010001011000111010001100
0100010000111100101000001010100010000011
0001000000000101001010000110011010000010
0111010110001111010000001110001000000000
0110110001011001001011000001000000000001
1000100000000010100011100011101001101001
1111000000000000100000000000100011001101
1001111000000010001110011011001010001010
0011000111010100000110001110100001000010
0100100000001110010001001111011100001111
1110100110000010010001101110100010001100
0101000010001000110100000010111001001100
0010001011000110111000010000001010011011
0111010001001101000000000110001011000101
0001000100101100111101000001111001010111
1000110100000101100000101110100000011010
0100110010100010101001110011000101011000
0101000000100000010111000010001010011010
1000110110000010001010110111100001000010
0010100110001000000001100111000000001011
1000000111110110000010010000000010011010
0001000000000000000000000000000101000001
0001110001100000111101001000110001111011
1000001001001010000100000000000001010000
0110001111101100101000010101110000110010
0000010100000001000110100011000000100110
0100111100000000000010110100000000100000
0001010001010001000000110000001000000000
0010111110000011011011010010110100100000
