41 45
111100101001111010110101101100100010010001010
011101001100010011011101011101100001010100101
010110011110101110001100100101100110001010000
111001101001000111110111110111011111010100100
110011000100111110101001110111000100100110111
111011110001110000000111111100001110111110110
110001010100011001101111100101100010101010101
011011111000011000010000000000000000010110001
111001111001000111011110100100011000101101110
100011010001101101000010000010011110011011111
010101010001110010111010110000000000110000001
110000011111000011011101110000010110011011101
000101011000100001000111110001111000110011000
101100010001101000100000011011000110110101010
011100101010000101111101010100011010011011101
110101011011110100010011110101110011110001001
010000100110010000001001001010001110010000110
001011110000001100100001011011010000111010111
001111101010101111111011010000000000000111100
100101100001011110110101111000100000110111000
011101000011100101010000111111100110111110111
010101010001010000111000110001001110110101011
111010101010000110000100101010010100100001000
010110010111110010101110000110011111010100100
100110010111110011001011101110111010100010010
111111111011101010001101101110101010100111010
110111010001101000000010111110001000011001110
110000110011000101000011000111100001010110100
010010010100000000110000000001011100111101101
101011100001101000010110110100011010101011000
010011110111111001001100011101011110100110111
000011101010101110010111000000111010011111010
000011001010010100101111010011011000010110101
101000110000000100000000000000001000001110111
101100000001010100011101011001001001001000011
010001110101010110101001110111100010011111100
101001110011100001010100110010010010001100001
000100101011001100001011000000111011001011100
111000001001000010000011001111101110110010010
110100111111101000101011011100101010101000111
000110100111101111100001100001010110110100010
