45 48
011100110111010111100011001000110101011110110001
000101010011110010100001111001001011011011111111
100011100101101101100010110101010000010001101001
101111001001011000111010010011100010011011011101
101010000100110000010110011110010100010111001000
101000101110000010010110110101100000100010001010
100111000011111010000011110100100101000101011000
011011110000101000111011100001111000010010100111
101001010101000110000000000000000000000111101010
100011101001010101000000010001111100100001000000
101011011000100001100101011101101000000011111100
000001000001000101101101011000101010010011000011
011101100100001101001011010000000010000110011000
011010001100101000111110001001000100100100001101
110011110101101111101100000011001100010000000111
100100011101100011101001110001010111000111111000
000001001000011110110100001001110100100100000010
000000010101110100011000001110100000110000101111
011110000000110101001100111111100010100011101110
111111000100000000001100001011100011000000111001
101110000101010001010110000111110100001010011001
110110110101100111111000111101011111010000010000
111010100011101011010011011111101010100100101000
011011000000000001010110011110011010000000001011
010000011010001001001011000001011010100100000001
110000000000011001001011001100000001010000011101
100100011000110111010101100011010111010001110001
100010001010101100100010100111000101000111000111
110100011100001001001010011110000111000100010010
000111111101000001111000111110110111100001101110
111011110101111100110001111010010011000100001111
111000111100111101110011100000000011110100100111
101001011000111100010110110110110110100111100011
000010011100010111100001110111010011010001000001
111010011110000011111001011111100100100001101011
110010011100010101110100001000100100010000111000
111111101010000000000110000010000000000101011110
001000000001110100100111000101111110000100111010
001100010100111001101011100101011011110110111000
000010000000010010010000011101111101011000011111
110010010011101001001110101001110010101111101100
110001011001111010011111000101011111110110001001
011011110110101100010101001000011011110101101111
010010111101111001111000110111101000000110000111
001111110000111010101101110101010000001101110000
