42 50
11010111001011011000101011111110111101011100000101
10101011011010001010111010111000100010101101001111
10001011111001110101011110011010111101000101010001
10010100010001010001011001111000001010111101001110
00001100011111111100001001011011100001011100101000
10100110110010111000011001011100100010000011000101
11001101111010001111100011000111110001110011101001
11000010010110011110010011111011011111100111011001
00011110100111011011101000010101110000001101101110
10001101111110000100100001000001000001010010010111
10001101100010101111001000001000110000101100000011
11111110101110100010001100001111100110000101000100
00000101111100000011000001010001001110001011011101
00010110000010011100001011100111001100001111101111
01111000100110000111001101100010000100001000010010
10111111000101101110010001101010100001000011010011
00110110011100111101111100001110110010000001010100
01001101001101101100010000110011010010000001000100
01111100100100001110010001001010110100111010100100
01010111111010111001010001101111101100001001001010
11111010011010100110000110101111001010000011011000
00101011110010001100111101000100010010111000111011
01011110100110000001010111100010000110110100000001
01001100010100010010010001011001101100110011101101
10100111111000010101000111011111010001111000100101
01101101100101010000101010011110111110110001001101
10101110000100111011101110101010110001000010111111
10001011011110101001111111011011011110000010001100
11111100001110011010111011000111011100101001100110
01111000111010001011001001001110001100000011111101
00011100111010111101111110010111111010101111100101
01111001110000000000100101000011110000111111110000
00111100011010111100101011111111101111110100101011
00001100101010000000000000001000000000111010011010
00011010110000011001001101000110101100010000011111
11101100010011001101010101000001101110101001101101
00110110110001111010101010011011100010010001111110
01011011101110110010010111011011001010000000000110
11011111000000110110101110001010101101110011111111
10100000100100000010000111000000010000110011111101
00101010000000101110011111100011110101100101010011
01100111110110000000111000111000000001111110000011
