48 50
00101010101010101010101010101010101010101010101010
01010001010101010101010101010101010101010101010101
10101010101010101010101010101010101010101010101010
01010101010101010101010101010101010101010101010101
10101010101010101010101010101010101010101010101010
01010101010101010101010101010101010101010101010101
10101010101010101010101010101010101010101010101010
01010101010101010101010101010101010101010101010101
10101010101010101010101010101010101010101010101010
01010101010000000000000001010000000001000101010101
10101010100010101010101010101010101010100010101010
01010101010101010101010101010101010100010101010101
10101010101010101010101010101010101010100010101010
01010100010101010101010101010101010101010101010101
10101010101010101010101010101010101010100010101010
01010101010101010101000101010101010101010100010101
10101010101010101010101010101010101010101010101010
01010101010101010101010100010101010101010101010101
10101010101010101010101010101010101010100010100010
01010101010101010101010101010101010101010101010101
10101010100010101010101010101010101010100010101010
01010101010101010101010101010101010101010101010101
10101010100010101010101010101010101010101010101010
01010101010101010101010101010101010101010101010100
10101010100010101010101010101010001010100010101010
01010101010101010101010101010101010101010101010101
10101010101010101010101010101010101010100010101010
01010101010101010101010101010101010101010101010101
10101010100010101000101010100010101010100010101010
01010101010101010101010101010101010101010101010101
10101010101010101010101010101010101010101010101010
01010101010101010101010101010101010101010101010101
10101010100010101010101010101010101010100010101010
01010101010101010101010101010101010101010101010101
10101010100010101010101010101010101010100010101010
01010101010101010101010101010101010101010101010101
10101010100010101010101010101010101010100010001010
01010001010101010101010101010101010101010101010101
10101010101010101010101010101010101010100010101010
01010101010000010001000001000000000100010101010101
10101010101010101010101010101010101010101010101010
01010101010101010101010101010101010101010101010101
10101010101010101010101010101010101010101010101010
01010101010101010101010101010101010101010101010101
10101010101010101010101010101010101010101010101010
01010101010101000101010101010001010101010101010101
10101010101010101010101010101010101010101010101010
01010101010101010100010101010101010101010101010101
