46 50
10000110001010111101001110000110110011110100101000
01101001100101011010101101001010000100001001110100
00010101100010010001000000111001110010010111000010
10101011011000111100111011001110101001001011101100
00110101100011100101010011101100010101010100010110
01101010110010011010011010100001001111001010101011
11010001101110100101100101001001101001000101101110
01000110110000000010000000000000000000000001010101
00010010101000111011101000001000000010010010110010
10011001001101000100010001000100111000011010100100
00110100101110101001010110010100000001001000101010
00001010011011011110101111011101001100110001000101
11010001001101010001010001001010010100001010011001
10100110100010001100111111010001001001111011010111
10010011001100100010000110100100101010110010110000
10000001000101010101101001010010100100111001101000
10111100000010010000010101101001100001101111100010
01001000101001101010001010110110001010010100111011
00110010111010000010110101001101010100101001100010
00101100101100110000100110010110101100110011011100
10010010000100110100110100100101100110101000100100
11101011101010101100100110110010010001010000101011
10001011000101010000100100111000101100100101000000
11010100000110101110010011100100010101010001110100
00110000001101010001011010101001000010110001001010
11011111100001100100101101000100101010001001110100
00011101001100101101101010011100111110100001010010
11110010100000011100110100101011100100101001110000
10001010010011100111010100010000101001010010001100
00100111101100111000100001101111100010101000100011
01010001011001000101001101011011010101010101001100
11000100101010111011011010101111010001001001001110
10111100010001010100010100100101010010110011111000
00110001000110100100010101010010011011001000000100
00100100000110101001001000101001010100111010101000
01101010101001011101010110010100001011000010010110
11100111000001100010100110100101110100100001101001
00110000100101010001001101001001010101011001101110
10000111000010100100010010110011001010000000101100
00101011000000100011001010000000000000101010111001
11010010100111100001001110110001000111000101001010
01011111000010100100110001000100011101010000011010
01000000111101001010100010101010101011101010001000
10000101010010010101111100111001001010011001101011
01110000101001100111001111101011010100110101010101
01110010001101101101101001101001111100100101100000
