46 41
10000100011011100101110111110110111001010
11111101000101010001010011111001101100101
10101110000100001001110100001010100010000
11101010111001110101010101110101010001011
11010101100100111001100010101011010111001
10101010001001100101011011010101100110010
01010110001010101000001011001011010101111
00101000111001010011110001100100010101001
01010110100111001011111110111011110000111
10101011011100010000001001000101101011011
00100000101010010111110110010100010011001
10001101100011101100011010101001101100000
11110110101100001011101100110100010000111
11001001100000100000010000100001000111011
01100011010101010110101101010001111110101
01100101010000101101011010111100101001110
01000101100010100000100100000001101011010
10011010100000001010010111101001010000001
11001101010011100100101011010101101100111
01011010110110101001001100110100100000110
00010101010001001100110011001001001010001
01011010110100111000000100100100010110010
10100101010101101011000010110111011101100
01010000100111010011111101011000100001011
10101011000100101010011010000100011010010
01010010100100001011110100111101100010000
10101110110001011000101011010001010001100
11011001010010100010010110101100111101110
10010101010011001001000101011010000011011
00100010110100101001011010010101010000011
01011101000111001101000100010001101110011
10101010100101011101100101101101001010100
00001001011000100101011011001000011101010
11001010010000000010000000000000110111000
10101101101110100101010010000001011000110
01011011010010001000110101101100010101001
00101101110011010111101000010100111110101
01011010101010100110010110101111000001011
10011011010001011101101011010001000101001
10110010100100100001010000100101111010110
01010101000101101010111101011010110100111
00101010110110101001000000101001000001100
11010100101011100110110010000100001011100
11001011010011001001101000111101101110011
01111100100101101101100110101001010100101
11010011001011100011011000100101101110000
