50 43
1011010010010010001000100011001001010110000
1011001100010001001100100100010101001010111
1100010011000100100001011010001010111001001
0001100101110001010010110110100100100010011
1111010010001110101010011101010010001010100
0010101001010001001110010001011010010110000
0010001010011000100111100110100001100110011
1010111100001110011100001011000100010011100
0010000101100100101010100101010000110101011
1101010111010001001011000010010011110010101
1010010000000000000100000000000000000010110
0110100100101010011000101011101010010110000
0010010010110100100100010110000101000000010
0101110101001010000111001101010000100101110
1001110010100101011100000010101010010010000
0011010011101010100110111001010000110101011
0011010001000101100011100110100110000000001
0010000100011100101010001011010110010010101
0101110001000001010010010100100100100101100
0011010011101001100100101011101010010110000
1100100010010100101001101011111011000010110
1011000010001010110100110100010010010000100
1001010010100100010100110101000100100110000
0011000100100101100110011001011010110001111
1110010011000111010010001010010000110101111
0001100001110100110101101101110101000011000
0010010100010111010010100010110100110111001
0010001010001001001000101010000001010000101
0101100101110010100100100111101110101101001
0010010111010001010101011001101100110100010
0100100000111111110100100001010101010100101
0111010100100010101100000111001100010101001
1111010101010111111011110000011100100100001
0000100010010001010110100010100001010010101
0101010101001010001001011100110100110100000
1110110000010010100010101001001001000001010
1010010010101111000101000111010110010100101
0110100100100001110010010000111001000001011
0000000110010101101001101100101010110010101
1111110001111011010010010110110100100101010
0000010000000000000000000010000000000010101
0101010010010101010010101001010011000100101
0001000100100010101001001000101011011001000
0011001001011101001001011111010101010010010
0000111010000010100001000000010110111000011
0111011000100001010101101101000101101011111
1011000010001110101100001010011100010100101
0101001001111001010101010100100001011001111
0010010100010110101100101010010100011001010
1100101010001010011001001000101110110100100
