41 40
1001010000010000001000001010111010000011
0000100110100000010101101010110110010100
0110010001101111111100010110001101101010
1100101011001100000010101011010010010111
0111100000010010101011010001010010101000
1001011110101001100001101100100101100010
0110101000010011100101010110010001101100
1101011001101000110001001010101100101100
0100100100001010011110010101110101010100
0001010001011000101000101011001011100111
1110010011000110000010000000000000001110
1000101010001001011010001000010110101010
1010110110010101001101100110010010000101
1111010011001001000110111011010101011101
0001100111010101010101010101010000101011
1000010100001010100010100001000111000100
1111010010010101001010011000100101010011
1011010101010010111000100110010001010010
1010001000001001000101110001000010101011
0101110110010100101110001001010100011000
0011010010010011010011001010010001000111
1010100101000101100100111100100100101000
1001011011010000001011100101010010000010
1110101001001010000000100001110110110001
0100010001110101110100101011000011000100
0001011100001010001101010100100000000100
0110100101010010101110001001010000111100
0001110000101001010000110000100111000111
1100010110000010000100000110110100100100
1010111100011000100001110000010110010010
0101000011000000000000000000000010101000
0010101101010101101000101100010001010100
0101100010100010110110100010010110010011
1010001011101011101101011101011001011001
1101010100010100100000010111101110010110
1000100110110101010110010000110001011010
0010001001111001110001000110001011001001
0101000101001010001010101000110101010011
0010111110100001010101010111101011001011
0010011000101110011000111000011110101010
1000100110100010100010101100100000110000
