41 44
00101010101010101010101010101010101010101010
01010101010101010101010101010101010101010101
10101010101010101010101010101010101010101010
01010101010101010101010101010101010101010101
10101010101010101010101010101010101010101010
01010101010101010101010101010101010101010101
10101010101010101010101010101010101010101010
01010101000100000000000101010001010001010101
10101010101010101010101010101010101010101010
01010101000101010101010101010101010001010101
10101010101010101010101010101010101010101010
01010101000101010101010101010101010101010101
10101010101010101010101010101010101010101010
01010101000101010101010101010101010001010101
10101010101010101010101010101010101010101010
01010101010101010101010101010101010101010101
10101010101010101010101010101010101010101010
01010101000101010101010101010101010101010101
10101010101010101010101010101010101010101010
01010101000101010101010101010101010001010101
10101010101010101010101010101010101010101010
01010101000101010101010101010101010001010101
10101010101010101010101010101010101010101010
01010101000101010101010101010101010001010101
10101010101010101010101010101010101010101010
01010101010101010101010101010101010001010101
10101010101010101010101010101010101010101010
01010101000101010101010101010101010001010101
10101010101010101010101010101010101010101010
01010101010101010101010101010101010001010101
10101010101010101010101010101010101010101010
01010101010101010101010101010101010101010101
10101010101010101010101010101010101010101010
01010101000000010100000000000000000101010101
10101010101010101010101010101010101010101010
01010101010101010101010101010101010101010101
10101010101010101010101010101010101010101010
01010101010101010101010101010101010101010101
10101010101010101010101010101010101010101010
01010101010101010101010101010101010101010101
10101010101010101010101010101010101010101010
