97 92
10011000111001011001110101011110101101010001000101001010110110001000101110100001101000001010
01001101001101111001110000001001001101100110011110100100110100011101011001110000011011101111
10101101110111001010001111110000111001010100110001111100000000110111011101101000110011101011
10001011101100111010001110111001110010001100010000110110000010011111110100100101100101000010
11001010111110000110000100010111001010110011000110101000010001010010010101010000110100100010
01110000010000010000001000000010100100100011010010110010000010001000001000010100100110100010
11001100111101100001101100110100000111100010011001111100001011110010000011010111100011111011
01110010100010111011110001100111001110000000101100101011001111001001101001101000010110100111
10110100110110100101101110000010001010101100101101101000100111100100111010110111001011110111
11000111110001010001000111111011100000011001000010101000000110110110111010110111101110011001
00001110100100111110111110110010101100100111110001000000001110110111001010101011111000101010
11110111111101011110010000111001011010011101000101100100011010010100011011010000111100001011
00000000010111010010010010110011111111001001100101011111001101011000101011101110000110100000
10000111100110101010001101001100000111001000010100101110100110001001100001110111100010101000
10010100001000011101100110010101100110110100100001010110001000111100101111100011000110100000
00010000110001000101101110001110010001110010011100100111100101101110101001010001111110100010
01010100111010010001010100111010000100100111100111001001001000111011010000010111111011110010
11010011110011101000100111011011110001010000001101110011110110000011000100110001110111010111
00101000010001001100000010001000101001110111001010000010101000011100001111110111000001111111
01111100111100001101011010000100011010111111100010111010111101001100010101010101100000110110
10101101000011001100001000000000000000100001000000000000101001000000000000001010011110000110
10011110101100111100011100111001101101110110010111110111001010100111111000011011111000011010
11001011011011010101011101101010110111111010111110110001010011100100100000100001101100010000
01100111101100011000011110010110001010011100000101001100010010110110001001011010010000011101
01011011011100110001111101110001110000101111010011100010000001100001000000010100100100110110
10100010101110011000011110001101100101111010010010000100110111110101100100001111111000110001
00001010011111011100010011101111010001111100001111100110110000000110010001000110000110001011
01000000000011111001011001110001100000001001100101011011100001010111111011000010110000001000
01111101011010111001011111111010000110001010000010001110010010110101010010010001000110000101
11001110100010000000110101111101100100101010111100001011101000010001000100001101010101011001
10100110110101000101001100100100100011010100010000010101101111101100001100100100010010011100
11110000001010110100010001010000001001111010000000001100101011011000101110000101110101001011
10101000000000111001100011111011000000000110011010001111011100110110000011001101101011111111
00010010011110011110011011010001000100101010000100010010010001001000000011001100011000110011
11111001010101001100001011000110111100101110010000001011110010001100011100110100111011011110
10110101011001100000110001110011000010100011100000010011101010100011110010010011000010001111
00100011110111101000101100000000101000011011010101101010010011110010111101001000110101001110
10010001011010011000100110101011100110011101110111000001100000100110100011000001110111001101
01000010000100000100010111111000000010110100000010010100100010111001000010011010111010100110
01101101110011010100110111110000101010000110110101110010010100001110101001001011010101100010
11100111011101000100001111100100010101000000110000000110111101000110000110000110001000100110
11100101100100011000000001000010101101100111101100100100011101101110101110000011010111100110
11111100011110001001010010100000101000011110101110101001101100001001111000010100100011100011
00000001000010001010111110000100111011111110101111001000001010010110010101011001101001100000
01001000100010011000011010000000000010000001111101100010101001101010001001011111000101010101
01101100000100101001010011110000000100001011000010000010101000100111000100010011011010010111
11100001110001100101001100000000000101000010101001110000011000111011001100000001010000110000
11001000000001100000010011011111101000000101101000010101000101100000000110001111001000100111
10100010100101000001001111000010110000000010000101101110001100101011100000001010100000101000
10010100001101100010000110000000111110001011110000110000100011110011110010010111111110110000
10011110101110101001110011011000010000110001100011001001010001110100010110000000010011101111
11110110001011100101110111000001111010111111111011000100011111110001101010011100000100101010
00111100001101110010011101110101010101111010011110110111100001000101111101000101101001000010
01101001111000011101010010000110001100000001010001110001010011000001011011001011100110101011
01011011010101100000011011111110010110101001000101101111001111000100000100000101101000101010
10000010000000000101100010110010011110110101100101101010011100101001100101000110100100111000
10011010110000000001100100101010010010000010010011111011111001010101101110001101000010010000
01000100000101000010000000010001000110000100100111000111011100110111110100101101111101100101
01011011100011000000000010101000010000111001110001111101100111111001001110000111100011100010
10110110110000110100011011010001101100110010001000100100000010100001101010011100011111010010
00100011110110100101011000011000111100101100010011101110100100101110100111000011000010010001
11001000001101101100100000111000000000010110001111100110111100100100001100011000110011111110
10011010100001001101001001011100110100100011101110011011000001101110101000000101011111011111
01100001110111011101111000001110011011100101000010001111001100101111001001001110111100101110
11110011011000100001000110001011101011100000011111110001111011011010100111011111010010011100
10000101101100011001001001101000101101000000001100001101100000010101100100111110011000110011
10100011110100001001001111110100011010010100111111100101100100001011110000010001011001001010
11010001111010110100010010111001111001101001110011000011000011101010001011100100011101100000
01111011001111111001010101101001101110111000111101101110000110110001110011110011100010101000
01010101100101110100110110011100111110101101001001100110100000111010011011010011011010000000
00010011100101011100010110000010111001001001110001001111111010011000001100000000100011101010
01111011111101000011000111000110111000110111010100000110011100101100100000110000101110110001
11111001101111110000011010110101110010110100100101001011110000110000111011001001010100011000
00111011110100101101100110001000011000000000100000101000001111000110000101010010010000111100
11010100100101111101100101001000100010110010001001001001011011101001111101000100101000010101
10011101101100101000100001010101111100111000100011110101000001100110000100010110011000111110
11100101001011010100000000101000000010000100001000000000000000100100100011000011000010100001
01101011110100010110011101010101000011111011111101010110110110000110010110010000010011100000
00101101001100001001000110010111111111101111001010101101010101011111010101100110101110011110
11011110100110110101001000110010000100111101001100001100001111000101101000011111011100101000
00100111101101000110000000100100011101101111010011110101011010000110011010110100111110000100
01001101001111001100010110101111011001011011100000000000011110001011101110110000110000001001
00001101100110110000000101000000010010010000111010111000101101110100101101101010110101001110
10111110011010010110101001000110111000011110101000000000011110000010000100010111110101101100
11110001100010100111100001101000011001011001101100110100110010100110001000010001001011110100
01100010100100110011001010001100110001100010100001000100001111001111111110010001000100001111
00111101110110001111000111100101111010101110011010110100100000010010100010010010000110010000
00001100100100011001110111110001110011000100101101011000100110101101111110000010110111100011
00001110010111010011111110101000101101101010101100011010101000101001010100000011110111100011
10001010010010001100101100010011100010101100011000000010111101111011000010100010100010110000
10000001110010001101001010011000100011100000101011011111101110111101000111011111001111011100
01110010010100111100001000000110100000011010110010010100000001110000011110111101001001000100
10000010110110001011111111010001010110110110110000110011101000100000100001000100101110001110
10110001110110111011101010000100001001000101010111101110000000000011000111010100000010101010
10001001010110110100010110001000111010110111111111111100000110110101010001011110111110000100
10010110010000101000011001000000100110001100100011111011001100011101001100001110001111110100
11100111010001010111100000010111101101010101010001100100100100100001001100001010000101010011
