100 93
011001110010111000111110111011111101110111011100100001111000101101001111001110011101100010111
110100000011111110111000011010111111011010100011001011010110110010101101011111111001011101011
011000111110000011111011101001101000100101111111000111000110111010111110100000101000011000111
011101101111001101001110011001000001110011111101011000011111110000111011011111101011110101100
001000000101111011111011111111111101101101011100101001101001000111101011011110111010111110111
110111010010000001001101101001011101101011111001010110001100101111001111110101100100101100001
110101111010010111110111110101110010100011101011111111100110011010111110101101110010101111010
010100000100011010111101111011111110110101111101000110111110111111101000100011001111101111101
001101111100100111001111100001011110101011111100011100101110110111011000101000010000111110001
011011110010000111111111110110010100001001001011101101110100001111100110111111011101111100001
000111010011111110101111101100101110101111111110100111011000101010011111110000001110010011010
001011011111111111100000101100101110010111001000101111100011010100010100001001010101011110010
100111001110010000110111101110010100011001001000001110011101010110101000010110010111010110101
100011001101111011000011111000110011110000011101100110010100010110110000010011010111011011010
010111000011101010101100110001111111110111000011100111101101011101100001010101110111101001011
100010100100000000101011000010000101111110110001100110100000000101101100101010010001101111111
100101011110001100110010101011100101101101101100001001011100001110110011001011000010111101001
100110110100000110001010000100010011111010111011100001110011101100011110100011000011110001101
111111001000101011100110100101111101101111001111111110001101001111111110000000011110111101001
110101001110000110010111010011011101000010100110111111011100101011110101101100001110111101000
100101100110010100010000001111011100110110001011111011100110001101110001111001011110001011011
000011110111101111010101111000100111001110111111111111110001110001010010000111100010100110101
100111011111111111011001011111011011100010011010101110001011000100111101100001100101100000010
100101111110111100110011101100010100010001110101110111010010010101111111011111110100101110110
111110100101011110110111001001100100111010101111000111010100110011001010001000110111001000000
101001111000001111110000000110000000000000001000000000000100010000000001010101010011111111001
101100011111011110000011101011010011000001011010111111110101110111101100111010101110011011011
111011111011100100110000111101011111101111011111011110110001000100100010000001111110011101111
001111010000101111111011001001011010011111001010111011101011000001011100010111111110011000000
111101010110110111011011001110001111110100010100001000110111000100111110001011110100100010110
101010001011101111100000101001111111111010111110001010101110001101010010011001011101001100001
011011101110111010011001110010101001001110101111011111001110111111110000110110001100110111110
111101101100000001100010011111011011111001100101111100111011101101000001001000111100100000010
011110111001110111001001011001001110010110011110110010010011001001011000111001111111111100101
110110111101110000110010111011000101110100110111111001100101011000011110110101111011111010100
100101001100111101100001010111000001101111101111010110100001011101001000001001101101101001001
100110001101110010101011001011110101011111111011110110010100010011101000101111010111111011111
101111101011011101001011100111011101100100011100010100110111110101011010000100010000111111000
110101010011011110001011101101111111110000100010010000000101100111011110011111001001010101101
101110111011111111001011111101100111111001111111100111100000011110010000001110010110010011101
011000001111101010010001011111101110110101011101101010101010010110101100011010000111100100010
010001010111001111101001100010000010100111100101011011111010001100011100100101101010111111110
001000111000110111001011100101000100101111001110001111010010111001111100011011110001110101010
001011011010111111011110100100110111110000000110110001111111111101110110101110110100111110101
111010111101001110010000100000111111110011111011100110101110111110100100011110111010101100100
101100011001101010011000011110001010100101110011101000010111010101100010101010010000101110111
110011000100100111110010101101001000011100001010110111110011001110100010001110110111000110001
011101011110110100010001111011011111111100111001101011011110100010110100100011011011111100011
100101000000010110000011111100110100111010110111101001100110111011100010011010111101101010111
001110001111100010010010111111110011110010111011001011110100110100100010010110110010001011110
011011010101111001001010001010010011101100000110101011010000011110101010000100010111101111001
101100100111001111101000111010110000100100100110000011111110010111100010101110101110101111111
111100010110100111001011001001001011010011110101111101110110111110110110110100011000101100010
111101100101100110101001001110101111100011011011000111100000100011011000101001000110000111111
101111110000101100111101010010001100011101001111111001010011111001111010000011111011110101110
101101011001010010111010011111000000111010001110011001010110011001110010010110011000100011110
010000001011111010010000110101000011111101110110111100001011100101001111011001001111000101111
000001011101010000101001001110111111100110111111101110110100010000101010011111110001110111000
111100111110010101111001100000101011011000101111101001001101110111111100000010001001110110101
101100010101001010110001011101101111101010010101101111010101100010010100101001110111001101101
100111101100101111110000101111111100001001100111010001011001111111110110100101011011100101110
111111010110010101101010111101101011001011101001001111000101101111011100110111111111011100110
011011011110010111001011100111101111011011101100011101111110101000111000111000010111010000111
000111111111111111111000100111010100101111110110001101101111100001011010011111111101101001001
001111110110011011101111100001011110110101010010100010110001011110011000001111001001101100000
011111010011100101111101001001111001010000001011111010101111110001011000010111001111011001100
010110001010000011011001101110001011101100010010110010111001010000000110101100101101111101110
111111101110111010111011101101110000110001111101001100101000111001010011110100100011111101001
111001010100010001001010011110111011001011001101110111101101111010101000101111010000101100111
010100111011011011001010101110110110101010110101010111111101011011000100111001101000110010010
001110010110011110110000101101111111111111110110100011101101010110010000110111101110111000101
100010010111011011110000101110100111110010001001111101100111011010101010110001100001011011011
001101001110010111110010110101100000011110010111101100011111110100011100111001111100001101010
011110111101111100011000011101100110010111111101111000101011010011110010111110100110001111010
111011101011001110111010110101101100101111111111010010111111010101100011001110111111111010111
110100011001010111001100000000000010010010000000000000000100010100000000011110100001110001010
101111111111010001111111011011000110111001110000011111110000010111111000110011111110000000010
111110000110100111100001101100011100011010100010101101110011001010111111101111110111110101111
110001010100011101010111100101110110110111111100011111001010010111011101110011010101110100101
011100111011101111001001001100111100010101111111010111001111111111101001111110111010000010100
010101011110000110011010111100111001111111000011111110111011000101110010010011110001100110011
111010101011101010110101101101010100011111011010110111111100100010001010110111011111110110100
101101011111100110101111101001011111100111111000111111100101111111111010101011111001101110111
001111010011110110111101111100111000000101010111000111011010010110111101111101110000110010111
011110100001101111110010111011110011101011110100001011111111000011000100000010001111110011000
011000101111001001111100001110011111011011111011111110110011011100101111111001010100010110110
011100101001010011010101110010000110101110101111110001011010100111101101100011110110111011011
010011100101100100001001001011011011100000011010101011011011111001100010001110001111111110011
000011011111111011101101110110110011101110100110011101110011101000110011100011111100111111001
110110001011110100001101001110011010011111110001011001111011111010001111101110110110101101110
100101011111111000010111101011001101101011001111111101100111011101011011000110101010011001111
110111011110011001000110100000111110110011101110100001111111111001000001101001100111000100110
011110100111111111001100011110110000011001001110111001101110101110101010101111100001010110111
011111010011011011101010000011000001110111001010010100101110011111010111101001100111110010010
110011101110111011000111000110100010101111001001100010101001101010010100100010001011111010001
001110001110110111110110011101001011001101011110001111101111101010000001011110100101100001110
001111101101110011101011100111000001011011110010110000111111110110000001010101010101101101111
111111001101111110001110101101001111111011110011010100110010101101001111011101101100111110111
110101010011111010100101111001010101100100010111111010110100001010101001010110011001100011011
011110011110101111000110010111101011011110000111100101010101101011110011101111111101100000111
