94 99
010010000011000001110111111100111110100010110010110011111010101101101000010101100000110101100011100
100011010001111011001111000111111111001111111010000100110010100101100110111011001011011111101001001
100111001111011011110010101010111001001010000101100000011100000101101011110101001111101001101101001
011101111011011100100110010000100010010001001101010111010100001101101110010011010100111011011001100
110111110011110110000100010100011101011100101110000000100100011110011010110010101110111010011000010
101101101110010101001111011010011100011101011010100110111010101001001110011000100011101110111110100
101000010101110010101010010101101011010010111001100000010000101100000000111110000011011001011001001
101100011011001011000111010111000000101101011110000001110101001101100001000000001100010011111100101
100011010011101110000011011100110001111011101101101111100010111100111011101111100010111010100110110
100011010001110001001000100100100110011100001010000110111100001001011000011101010101000101110111100
010110111011000010010100100111001110001111110110001000010111001011100010110011010011111010010010101
101000011110111010100111011011101001011100111011101001100101111111010001101001111101101000100111010
001011100111001110101001100010111010010001100001100010110101101010101111001111100010100101001100000
100110100110101001111100000010001001110100011000000110011000110000011100011110111110001010110011111
101010010111100101010010000010010001001100101111110100110100010010001011100100000100101101011001101
011001111101001100100111111101110101000011010100111001000011110110101100100011110011010111110111010
001100100101110010010100101000110001010100100111100001110101100111110000100010110011010000110101111
000010100010100101011000000001110111011101010010100100101000110101001111010011011100111111000000100
101011010011010111011011010100111100101000000110101110000011001111010100111101010101011111011101001
011111110010001100110010000110100111010111001001111010010010101001000101101111001111001101110010101
101000111110000011010010001011110111011101000111111000100110110010001000001111000100111101100000000
000001110000010011101111000011011000101111111110100111000110111010110010110100011001110111100100001
111010101110100100000001010000000101000100101100010001011110010001100111011101110001011101111001011
100111010111110001101011100000000100100001001000100000000000000000000000010011000100001011110100001
000111100101010111111000101000110010000001110001100010011000110011110000010010010101011010001110100
100110100100010101000110100000001001100110000010001101101011011011101100001111001011011100101011101
001000101101010010100111000101110000100001000111010111110101101011101100111000111011101101100101100
111110010101111100101101101000100111010110010101011010111001101001100111101000000100101101001101010
000000100100110011100111000110100100100010110010001011110011111011001010100000001110010110101000100
100010100000011100110100100010101101100000000010101001111101100001000000100010000101001000100111111
111101011101011011000001001001111000100100011011010001101010000000111100100110110110110101100100010
100110110000011001110100100000101111011100110011100100110001011100001111101001110100110010011011000
111100110111001110110000000110010010100001001011111000100101000100011010000111001001110100100110000
110011000101111000101001111110010000010111100010101000100111101111000101100011110110000001110101000
101110110110100101011010001110011101011100110001001100101110101110001010100010001100001001011111111
001010110000010110011101000010001001110001010110011111010000000101011011100011001111100010111011110
101000010111001000001100101011100001000000100101101001101111111101110011010010111010001001100001011
111100001100110101010110000111101100010010011110000100111010111010111001100111000101100110011000101
000001111111011100101110100111111000101110001000111010100011011011111011000010011011100100010101110
011000110111110100001011101100011011000011110000000011110100100100010001101101000000000100101001110
101000001110100111011001101111011101110100010101001101110110011000010001010001011100011110110000001
011101101010100110111000001000110001010011111001010011000001000110011001001101000001011101000010010
111101010011110001011111001001110010001001011011010100110101010101000000110111001100011111000001110
000111011111100100111001100101011101011111101010001101001101010011010011101000000111000110011010100
100110101010011010001010101110110110011010011000100011011001001111111110001100000000010101110100111
000010011100101110111101001001110011001001101101101101011010111001110111001100110010011010111011010
010111000101000000101010000111100110110011011100000110010101001110011011100011011110010010100100101
101011101110110001001101100100000100100001011100110010000110001111111110000010101001101101010100101
000000100001110110100110000100100011011101101110100110101011100010001100001101001100011000011010111
010110000100100001011101101100101101011010101110101001111110111010100000100001101010101111100111010
111000010110011010100010100100111110110111101111100111011000110101000111100000111010010011100001010
011111101001100010110000101010001110100111001000100110001100111011000111110011100111000101001010100
111001000010011011001110100010111100000010101101000100011101000100000101001111011101001011101001100
100111101010000001101111101011011100011111011010001001001100101001010001001000111000000110000001110
111110101110101101010000100010011011100110110000111110010001010011001110101110011001101001110011011
000100101111100011100000101010011011110111000100000001110110010011101000000111001001100111100100000
111110011010100001110110100111010011010000010001010111001001101111111000101011010001111110100000110
100101011100010101010101101101111101100100000011100111100101110011100101000101111000011100110101101
100111010111100000111000000100111101111011101000000010111011101011110011000010001010010000001101111
010011000001010101101011001111000001101111100001010000000111001010001001000101010111100111100011101
011000000001000011011110001111001110111100001001010011101000111100101111101111101111101001101100100
101011100100010101110100100111001110010101010000001111111111010111111000101010001011011001010100110
101000110001111111100111100111111010000011010000011000011101110111011000010101010101100100111011110
001001000011010101000010001000011100110010000000010000010111101001110010100110000000001101101100100
101111100000000010101000100010010000111111100011000010010111100101010101000101010111011111111000000
101001110100110011100001001001010111110011101000001110110100010100001101100110101100111011100101001
001111101000101111100100100110000110000010100101000111010011010011100010000000111011110101110011100
111010010001100000111100101010100001011101010101100100001111000011111011100011011100010101000110111
101100100011010010110110000010111111110101111101000000111000111101001001000011101000101001100100001
101011001111011101001111001100011000010111101111111101010001101001101100100001000001111100011110101
011110100010000011001111000100110100110010100011011110000000011011000110001010101101110101111111110
000000100100100011001111100010000001000000000100101010000000000000110000001100011010110100000101111
010110001111001110100011111101110010100001101000010010010111111011010011111001100110111011111110111
110000101001001010100011110010101100010011111100001000000100001001000011111110100110100000110000100
010110101111001011100000001000000110000010001010010111111010010110100001101000001001000110111100100
111111001010010001011101101000011111110001110110100110110111000001101111110101101010101010010010011
001110000010010100110110001001100110100111101111000100010011100010010111011010000001100111111011111
110010111111110111010011101001100111010111011001000001001010100111110101001011110010001011111001010
101011110110010001001010001010111110011101100100001111001110110011000001010011001111001101110010111
110011110001011110100010011110111111001111101001010010000101011011101010000100100011011100001101001
111100110001101111011010101000100111011001110000101000011000111100110111011111001001011010111010111
000110000101010100001100100111111110110011011010110000011100110011101101010011111110110001000010011
111100111101000110101000010000011000100011110011011000110101110111110111011100100110110011000000111
101100100010010010101001010001000001010100110100111000100010011011101100000111111001001110010110100
111100111001010001000100010100110101001111100111011110111100111001001111001100001001010111101011110
011000001111000110000011111101110000110011110111001001100111000101000111110110101010001111001001111
011101111001110100100001111011101110111100100111010011100111010010110100000001101000110101010110111
001111001101010100001001100110110111010100001001111001100000011000111010111001001010100101111000011
011101011110010010100100101111011101100010011010100111000100110100001010010110101000100010101100001
000110100100000110101011101110001110001100110100011100011000111001000000000111001000001001100100110
000111100111001111000011100000101010001111100000000111110001001000101001011011001111111000000001000
110101011110001000000111001001001001101010001010111110000100010011111111011110100111100011011011011
000011110111100010111000000011111001011110111110100111101100010100001100101010000001111001101100100
011101101010011110001110011000111010010011111111100101010000110101000111000101111100111101111001111
