95 98
01110101101101010111001101110000101010010100101011001110101010001111011110111101101000010001111001
11100110001010011101011100011101101101100010010010001010010110000000110101011100000100001000101100
00110000011111111001110000110110111010000111100101110010101110111011011101011110111111110001111010
01011000111011100001001110101110100101100101011100000110100010010011001101110100001110101001011101
10100011110011001001110001000010001101101111101010000011001111101011101111000000101001011000010100
00001010101110101010010011000000110111001001110110111010000011100111011101100110010000011011011111
01101011101011110011110011100010101011000010000110001111110010001110001000101001101101100010011010
11011011000001101010111011011000011110110111100010110110011101010110100010101010000011110000000110
11011010100101010000001010001100100111011101100011001010111100110101100001111000000000110100100101
11001000110110100001001111111001110100000101010101010101001100110110010110010101100110001000101111
00001101101010101100111110010001001101110010001001100001101110011111111001000100001010000110011011
11101001110000000000010010110000100011010110001010011101101100111100010100000010001111111011100101
11000111101010111111100110100101001100001000010100010100000101010101100011011010011000011000000000
10110100001111000110110101101010111110001010011100111011000001110001000111100011000000000011000000
10111010000100101011110010111010100100100100010001001000001001001000100101100110010100101110011111
10001101010111110000000101001000001110000000000000010000000000000000000100000000001010101100000111
01000000011111001010100100010010010101000000111000000001011011010011011001011110100001000001101101
01111111100010010101001100001000111011001011010000010011010000100001000111010101101011101011100010
00110000110111010010000001101000010101000001101001110010000000101100011001000010001011011001100101
01011010111101000001011000000110000100010001001111001001000001101010001011111101001010100011100100
00011101100011100010011000110011010110010000010101001000011101100011101000110110101010100010101101
01011010100001011011001101111000000110101000000101011111101001100000100111001100000111111101010100
01001111110101011011110110100100111001000101110010100011111011101110110011011101000011111011101010
11010011100000010010011001011110011010111110100010000101110000010011010001010111001001000001110111
01100100010100011010001101101111000001111101010101101000011000110111000001011111100100010101100010
00010101011100010010011011110001111010101010100101010000001111100111001011100000001010011000011101
10111101101101110011010100011011001101001110001110011000101110110111101111011110001100010010010000
10010111101110010001100110111111001101100110101001100010100110101001010101001011011011111110010110
00110100100001000010001110001100101100010010100100010010101001110001000000100011000001011010001110
11011111011011101001010101101100101101010001100001000011101000110000010111001011110100101001101111
00110111101100001010111011000011001011110110001001000101000100000011101011110101010010001101110100
11101011011100111010110110011001101100101100011110011111110010100000110001100010000111000100100101
00101110011011001011001100000011101101101000010010100000000100001010110000110101101111110001001010
00100001110111101010011010010010001100011011011101111000101010011110010000011011000010101100100111
01011101011010010011001011110110010110101001010111110001100110111111011010011101001000101110101100
00101100011100001011000000110010110011000111111011000010000001110100111110010010100011110000010100
11111110100111010011000111101101011100011001000111100001111101010010000001000100100000101100010010
10100110111110100010010001100101101100001011110010000001100100100011100001101000000101100010100100
10111010111000011001010100000101001001001100110101010011011101111110110011001100100110010101001001
10011111001110000010111100011110001001100011010111001001011000100010011111010001000100010010010111
01010110100000101010101101100101101011101000011101000110101101110011100100100001100110000111101010
10111010010101000000110101010101000010000001000111011010101011110110011000001001000001101010100111
00011111011111000011111100111010101001101100101001001000000010000011100100001001100110000111101100
10011011101100011001001111110000011111111110011101101000110000000110101110000010111111000111101000
11100101011001101001101001001001101001010100000011100100001101011111001001101100101111001010011111
00000111101111110001011000010110100100101001010000101000100001011100110110100101110101100001011010
00110010110010111001111101010011011100101110010111011010100100001010010011001001101100011001101101
01011010000111010011100100011101000010110100010110101110101001001100111101000011101100010100000111
00011010100010100100001101010010110110100100111001100110101100001101111100111000100011100001101101
11000011001100001000101001101000100011001000001110001101110000011101010110110101100110111011000000
11101001001000110110110000011010001011100000110000000010010111111111000101011011000010010101111011
10011001100010110111110110110001001001011101000111000000010000010110000100100111100111000001000011
00011010111001010010011100011110010010011110110110111100100110000001010101010011010000101001111000
01101100000001100011101110111000011111001010110001110100101000111000101011011011111101001000101111
01110001110010001010000110001010101110001001010001111010011101110011010001110001000110101110011011
00010110010101100011110000011100001000111111100110000001110100010111001010100011000111110111000010
01001010011111100001010110000100111110011000011011010011101001000111101010111111101001110001100001
00110100110001010010110100011100011111100010111000101110010100111100001100000010101111100100100100
00010011110101100000111101100011110000000101100100011111110011000001000110110101101100000110100100
11000000110000000010110010010011101100100110011111010100011111100010011010100011000100001000011000
01000001000001100001100000100110101101011110110010010110001011011101100010110110001110100000001010
10101111001001110010100100111101111011111010011001011111111000101110011001100110110010001100010011
00001111011110110001010110011110011011011100001001000100110010111010011100011011000110101000001001
10111110000101001010011101100100001001001001000001000100111000101101101000110001101110100011100010
10100000101011000001111010000000101000100001100111111111101101011100010000010000101100010101111111
11001100000101011000101000111101101010100001000110010000000010111101111101001101001010110010011000
11001111010100000011011011100010100010010010100101001110010001110001010011011000110000101101001101
10110100010111100000011011001110011111111010001110001101011100010110110001011000000010101100000100
00111011101101010001001100110110100001000101110110010101100100010110001100011100011100001101011011
00100111011110010010110111101000110011011001100001011001010111100010100100010111010111111011111111
11111000101101111011000100000001110000101011010001001111111111110010101101111011011001001100100000
00110011001011010110001100000100000101010010101111001100110100000101110110001010011101110101101001
11110100111000110101110111001011111010011011001111101010010110010010100110100100100001001010111110
11110110110110111010101001000001011001110000001111011000000000010111101111101000000000111101000110
00111100010111001011101001000001110011110101100010101111001011010101110110111001001101101010101100
00101000011010000100101011011100000110000001001111110011011101000010110100010001110100101000000100
01010100100011101111011100110000010111110010000000100001000000010111110010010110101001001000011110
10011000111010010000010010001111010000110001100101101100011010011010000010101001001101001110110100
01001000011111010001110111001101100001010100010100100111001001000000000110010010110000101001010110
01001101101101010100000000000000000000000000000000000000000100100000001000000000001110110101000001
00001111000001011100100000101110110100000100110100101111010001011000100101111000010100011010000110
10111000110100010101100001001011011110100111101001011100000101011111111011101100100000000000111000
11100011110101111111101101001111000010100010000011101101011001000001000001011000100100101110000101
01000000110000000110010110000111110101100000111011100001110001001101010001000111001110010011100100
01010101011100110000010110011101110100110000000010101100101100100110111001010100001000111010000010
10001111010110100011000110100100000100010001000110011101011001111001100011000011010000001000010111
00110111001101001001110001001111110110100011110110011101000100100101100101011101001010111110111111
01111000111011011010101000010110101101000101011110001100011101010000110000001010111010001111101101
10111001000100001011111000101110001001010110000111010010001101001001110010000010001010010010000000
11111000101010001101010111000010000001000100111100001111010101100101100000011100010101100101001101
11100011101100011001001011101001011010000101010110010000110011011000111100010011111101001100001000
11111000001110111001110110010011011001011000001010011111010001001100110110001000101011100111111000
10010010111100001001000000000010000000110111100010001101000100000000101011000111010010001111000011
11111001001010110101010010110011111111000010110100101100110100010000010100010101011101011000100101
00100111100010011100100000010110010010111001101100000000111000010011010111101100001000100001011010
