95 92
10101010101010101010101010101010101010101010101010101010101010101010101010101010101010101010
01010100010101010101010101010101010101010101010101010101010101010101010101010101010101010101
10101010101010101010101010101010101010101010101010101010101010101010101010101010101010101010
01010101010101010101010101010101000101010101010101010101010101010101010101010101010101010101
10101010101010101010101010101010101010101010101010101010101010101010001010101010101010101010
01010100010101010101010101010101010101010101010100010101010101010101010101010101010101010101
10101010101010101010101010101010101010101010101010101010101010101010101010101010101010101010
01010101010101010101010101010101010101010101010101010101010101010101010101010101010101010101
10101010101010101010101010101010101010101010101010101010101010101010101010001010101010101010
01010101010101010101010101010101010101010101010101010101010101010101010101010101010101010101
10101010101010101010101010101010101010101010101010101010101010101010101010101010101010101010
01010101010101010101010101010101010101010101010101010101010101010100010101010101010101010101
10101010101010101010101010101010101010101010101010101010101010101010101010101010101010101010
01010101010101010101010101010101010101010101010101010101010101010101010101010101010101010101
10101010101010101010101010101010101010101010101010101010101010101010101010101010101010101010
01010101010101010101010101010101010101010101010101010101010101010101010101010101010101010101
10101010101010101010101010101010101010101010101000101010101010101010101010101010101010101010
01010101010101010101010101010101010101010101010101010101010101010101010101010101010101010101
10101010101010101010101010101010101010101010101010101010101010101010101010101010101010101010
00010101010101010101010101010101010101010001010101010101010101010101010101010101010101010100
10101010101010101010000010000000001000100000000000000000000000100010100000101010101010101010
01010101010101010100010101010101010101010101010101010101010101010101010100010101010101010101
10101010101010101010101010101010101010101010101010101010100010101010101010101010101010101010
01010101010101010101010101010101010101010101010101010101010101010101010100010101010101010101
10101010101010101010101010101010101010101010101010101010001010101010101010101010101010101010
01010101010101010100010101010101010101010101010101010101010101010101010100010101010101010101
10101010101010101010101010101010101010101010101010101010101010101010101010101010101010101010
01010101010101010100010101010101010101010101010101000101010101010101010101010101010101010101
10101010101010001010101010101010101010101010101010101010101010101010101010101010101010101010
01010101010101010101010101010101010101010101010101010101010101010101010100010101010101010101
10101010101010101010101010101010101010101010101010101010100010101010101010101010101010101010
01010101010101010100010101010101010101010101010101010101010101010101000100010101010101010101
10101010101010101010101010101010101010101010101010101010101010101010101010101010101010101010
01010101010101010100010101010101010101010101010101010101010101010101010100010101010101010101
10101010101010101010101010101010101010101010101000101010101010101010101010101010101010101010
01010101010101010000010101010101010101010101010101010101010101010101010100010101010101010101
10101010101010101010101010101010101010101010101010101010101010101010101010101010101010101010
01010101010101010100010101010101010101010101010101010101010101010101010101000101010101010101
10101010101010101010101010101010101010101010101010101010101010101010001010101010101010101010
01010101010101010100010101010101010101010101010101010101010101010101010100010101010101010101
10101010101010101010101010101010101010101010101010101010101000101010101010101010101010101010
01010101010101010100010101010101010101010101010101010101010101010101010100010101010101010101
10101010101010101010101010101010101010101010101010101010101010101010101010101010101010101010
01010101010101010100010101010101010101010101010101010101010101010101010100010101010101010101
10101010101010101010001010101010101010101010101010101010101010101010101010101010101010100010
01010101010101010100010101010101010101010101010101010101010101010101010100010101010101010101
10101010101010101010101010101010101010101010101010101010101010101000101010101010101010101010
01010101010101010100010101010101010101010101010101010101010101010101010100010101000101010101
10101010101010101010101010101010101010101010101010101010101010101010101000101010101010101010
01010101010101010100010101010101010101010101010101010101010101010101010100010101010101010101
10101010101010101010001010101010101010101010100010101010101010101010101010101010101010101010
01010101010101010101010101010101010101010101010101010101010101010101010100010101010101010101
10101010101010101010101010101010101010101010101010101010101010101010101010101010101010101010
01010101010101010100010101010101010101010101010101010101010101010101010100010101010101010101
10101010101010101010101010101010101010101010101010101010101010101010101010101010101010101010
01010101010101010100010101010101010101010101010101010101010101010101010100010101010101010100
10101010101010101010101010101010101010101010101010101010101010101010101010101010101010101010
01010101010101010100010101010101010101010101010101010101010101010101010100010100010101010101
10101010101000101010101010101010101010101000101010101010101010101010101010101010101010101010
01010101010101010100010101010101010101010101010101010101010100010101010100010101010101010101
10101010101010101010101010101010101010101010101010101010101010101010101010101010101010101010
01010101010101010100010101010101010101010101010101010101010101010101010100010101010101010101
00101010101010101010101010101010101010101010101010101010101010101010101010101010101010101010
01010101010101010100010101010101010101010101010101010101010101010101010101010101010101010101
10101010101010101010101010101010101010101010101010101010101010101010101010101010101010101010
01010101010101010101010101010101010101010101010101010101010101010101010100010101010101010101
10101010101010101010101010100010101010101010101010101010101010101010101010101010101010101010
01010101010101010100010101010101010101010101010101010101010101010101010100010101010101010101
10101010101000101010101010101010101010101010101010101010101010101010101010101010101010101010
01010101010101010100010101010101010101010001010101010101010101010101010100010101010101010101
10101010101010101010101010101010101010101010101010101000101010101010101010101010101010101010
01010101010101010100010101010101010101010101010101010101010101010101010100010101010101000101
10101010101010101010101010101010101010101010101010101010101010101010101010101010101010101010
01010101010101010100010101010101010101010101010101010101010101010101010100010101010101010101
10101010101010101010001000001000100000001000000000101000000010100010000000101010101010101010
01010101010101010101010101010101010101010101010101010101010101010101010101010101010101010101
10101010101010101010101010101010101010101010101010101010101010101010101010101010101010101010
01010101010101010101010101010101010101010101010101010101010101010101010101010101010101010101
10101010101010101010101010101010101010101010101010101010101010101010101010101010101010101010
01010101010101010101010101010101010101010101010101010101010101010101010101010101010101010101
10101010101010101010101010101010101010101010101010101010101010101010101010101010101010101010
01010101010101010101010101010101010101010101010101010101010101010101010101010101010101010101
10100010101010101010101010101010101010101010101010101010101010101010101010101010101010101010
01010101010101010101010101010101010101010101010101010101010101010101010101010101010101010101
10101010101010101010101010101010101010101010101010101010101010101010101010101010101010101010
01010101010101010101010101010101010101010101010101010101010101010101010101010101010101010101
10101010101010101010101010101010101010101010101010101010101010101010101010101010101000101010
01010101010101010101010101010101010101010101010101010101000101010101010101010101010101010101
10101010101010101010101010101010101010101010101010101010101010101010101010101010101000101010
01010101010101010101010101010101010101010101010101010101010101010101010101010101010101010101
10101010101010101010101010101010101010101010101010101010101010101010101010101010101010101010
01010101010101010101010101010101010101010101010101010101010101010101010101010101010101010101
10101010101010101010101010101010101010101010101010101010101010101010101010101010101010101010
01010101010101010101010101010101010101010101010101010101010101010101010101010101010101010101
10101010101000101010101010101010101010101010101010101010101010101010101010101010101010101010
