97 91
0111110110001001001111111111110111100000011101010101011100111111100010011100011110110101001
0001110001110110110100010100100101101010111100101011001010010101101101010011000010101100010
1110010110010011100010101011001010001011000001010101100101001011011010101100010010101101001
1100101000100011011010110101101101001100111110111010111111011010111001010010101011101101001
0011110010011110100101111110110010011010101010001101010010110101100101011010101001001010111
0011011011101101101011000001011010110101010011000010101101011011110011010110010010100100110
1101100101101010111110111110010110101010101101111111010110110110011000101101100111001001010
1011011111101101010101010001111100110101010010111001011101101100001100100111011101000110010
1101101010011010101011001011000011100001100101101111101011010101101101011000110110110101010
1010111000110110000110100101110010111110111010001110110110101010101010101111111011010101100
0100000001011101111101010110001011101101100110100010111011010110110100110111000101101010111
1111001110110011010101011001110000011011001011110101101100100100100010011101100110110110111
1010111011001011001101101001101110110101111011011010110111101100001000110100010111010101101
1001101011001101101100101110011011101010110110101110000111011001010101001111101101011010100
1100011011110100101101000100110110010101010101010101111001101111101101001011011010101101100
1011101100011010011100110011101111101010011010101110110110110110010110110000110101001001100
0100111001110011100011000100100001010101110011010001101100011011101011100100101010110110110
0001010110101101010010011010110011000100000011101011101111100110111100011010111111101011110
1100100101011011010101101100101010111011101010110100101001011011010001010001010101111101010
0010001000100000011010101101001001100101010101001101011010110100110100101100101011000011010
1101101110110101100101010111111100001110110010110011010110001011000010010011011110110111000
0010110101000111000010100110000111111011100011010010101010001101111101010010000001010000101
1000000111111010111101010011111010101010111101100101110111101010011100110101111011101100110
1011110000010111010110110100001101001001101011011010001001011100110110101110010010110111011
0110011010011101101010000000010000010100000000110100100000000000000000101001000011101101000
1101101011101110111100001101010001011010110110001001001101101011011001110111001011010101101
0010010101011011100100011010110111110101110110111100111011010100101010011101000010110110111
0001101110010110011100101101101010000111010010010101010010110100101000010010110100001101011
0101010001011111000110111110010100111011111100101100100101110110101111011101001011110101111
0110100010010001011010010010001010000000100010110001010110010011111000101011011110100110101
1110111000101110101000100001101001011101001001001001000101001110011110010100110101000011110
0010111010101011011000101101011001001011110101101101110111001010010010111001011010111110010
1111101100010110101010100010101010101110111101001001011010101001101100100110001101011001010
1101110101011100110010100101100001100111000001110110000101001001010110100010101010010101110
1011010110010011110110101001010110110000111110101010101011001011101011011011011001001000101
1111101000011101011010001101101010000111100010010110101100110110101010101110101001100110111
1100111111011001101100010100111101111011010101111010101011101000101010010101011001011010001
1001010011101101110110100111110101001101101010101101010100000001011000101011101011010101101
0110101110111000011010001101010110000011101101011011101101110101101110010010111001111011011
1001111001100011110111011010110011111010011010110110111010001011011100011100010011001110111
1111000101011110001101000001011011001100100110010000101101100000000110110111101101000001101
0010011100110010110000101101101110010111111011010011010111011101110100010101110010111000011
0101100010010100001100100001001011110100010100110110001101010110101010101110001101100110100
0111010100101011000110111101010101110001000101010110100100100011011110111001010000000110001
1101101010010110110101001110101011001010110110110010101110101101110101010101101010010110010
1001100011100010101010110011110101110101100101010101001000101010110100111001010101101011010
1111011101011011010010001011011010001010100110101000011111011110010010001100011001011111101
0010100101100010101100010000101101110101011011010110000100110100011100111000101100100000111
1110110010001001011010101110100101010011011101101011110111101101111010101110101100011101011
0101010100100111110110100001101010001110100011101000101000100100000100001101101111100110001
1011111101011000111000101010001000111010000110011101110101001001110010010100001011001000111
1110101001000111100010010101110111100011111010100011011010011110011111101010101110000010001
0010111011111010111010101010101101111101010101011100101100110101101100010101001011111000110
1101110000101011110100111000110111010110101011101110010111000010101101100110001101010100100
1111001111110111001110101110101000101010111110011001101001011111110010111110111010011001011
1010010110000100110010001010110111011001100000111000010010110101001111001010111101001110101
1101101011111011101100110110010110100010100001101111011110110110101100011010100110011011010
0011010110111101110110101101101001011001011110101100101001101101101010010101011101001001001
1101110101000000011010010010011010101111010000010101110100110101100100111010101111110011110
0101101000001010110100101101000110110101011111101010011110010001010010000101101000010010101
1011110110110100101010101011001101011010101010101100111000101011011010111110011110101101010
0100001000100010101110001111001010101111010010110110101010110101100011010010100001000010100
1001100100111100101010011000010101101100101110101010110101101101111010011101011101111100001
1100110100010111010110010101101001010101000011001101010010000001010100010100101001101011101
0101001011100110101010011100011110101011011010101010101101110101001100101101011111010010110
1100110111011100101100010100100011110101010101101101001010100110100010111110110101100101101
0010100100101110011010101011000110001110101011010100111101101011101100100011101011011011011
1110011111011001100100011000011101111011001110101010000010110100110110010111110110110101101
1101000010100110100010101010101011011011011001111101101011111101101000001100010001101011010
1010010101001011101110101101010101110100101111010100100110001010101100110001100010001110101
0101101010110100010011111010101100110010010101110110111101110101101010011101011101010011010
0000110100110001101000010111101010111001111011001010111011011011010100010100101011001100101
1111101011110111010110000000011010000000000010010000000000010000001000011110110101010111010
1010000100010000111001000101110101010010010101010100001010100001100100100011101101101100101
1110011011010011101010111010111010101100011110100111110101101110001100111001010111011001010
1101101101010110011110110101100101110111101001011011101011101010100010100010101101100010101
1011010000101011110101101010111010000001010010010010110110100101011101001101010010110101100
1100100110110001011010011010011100111111100101011111101011111100110000110100110001010110100
0010100100110111010110100101100111010100100110100000101101010101011111011110100100100000011
1110100011010011101000001011010111011011111111011011010010001010110101000011010101011001110
1011101101010100010011110101001100110101011001100100101000100111111100000010100110000001101
0110101001111010000101101010110110101010101101011011010111011100000001111011011000111101011
1101011110101001101011010101001010100101010101101100101100101111010111101001100111101011010
0010000110110001010110100101110000101110101101010100010010101011101100010110110110110101100
1101100101010110100001011011001101101011011110110111001001010110101010111011000101101010110
0011011011101011001010010100001101011101110011011010110101101100110110101111011010110101010
1010110100110100101101011110101010000011010101101101101101110001110001010000010101000110010
0110110111011101101110000000010111110101110001111010000010010110001101110111110100000100111
1011101101100010001011101011101001010101101101011001011001101100101101101010001010110001101
1110111010110001100111100100000100101010111010001011111111010101010110101001110111010111011
0011101110100101110100010010111001000101100110110010100110111110101011010111101000101000101
0111100011100111001111101101010000110011011101010001101011101001010101110000101101010110111
1100101101110011111010110101011111011010011011000110111010111010101011101110101110101011010
1110110110001110101101001110101110101101111100100101101011100101111100110101011011010110101
1010101011001111011011010001010011000010000101011101010110101010000101011010101110111011000
1101010101010001100110101101101101110101101110101011111011100111101001101101101111100101010
0111111110101110001100011000111110011011001011110100001100110000010100111111110001101100011
