91 98
01100000100100111110001010100000100101000101100100000101001100101000011000100011000001001100110000
00111010110001100010100110100101001001101010001000101001001001011110100110000110010011001010001000
11001101011001111000110001010000101010100100011011010101110010000001010001111001100100101001001011
00010010100010000010001001010011000101001001001100100011110100100100010111010100110111000010010100
10010101001001101010101110010100110010010111010010011000001010101101010001101010100111010010001000
00101010011001010101111000101101001110001010101100100110100110010011000100100101111100101001110010
00110000010010111100010011001001111111100101111100001101010001000110011100100111010111010101100001
11101111001011001101001000010100100001111011000001101101111010110011011101100100011000001010011101
00111000000111001110110000111100100010001010000110110001001101010010000001010111100101111100100010
10011010110100110010001110100101011100100010110101100100111011101000111010100000011011000110111101
10110000011100000101011000010110100101001110001010000010101010100101000111011010110101110010101010
10101111001011001011001101001001101101100000101100111000111101100010101001100101010010111001110100
00111001110100100010101100010101110010011011110110111110100010111000011110010010110110101100001000
01001011001011010011110111011001000101011110001010100101100101000011110110100011000101011010000110
11001101110101101100000001000000000000000000000000001000101000000000000000000000011010010110111010
00101001001011010100110010011111010010111100101101101110110100100001111000110001000011110010001101
01010100100100111101011001000010011101011100001011010011111010111100101011110111010110010101001010
11111001010001001101101110101110101000010111010101101110000101110011010011010000000101010001111000
00101110010111010000010100001101001010001110110100011011100010000010101010101111011010000100011011
00100101110101010111101001100000100101111000101101100100111100101000010100101000001011100010000100
10001001011010010001010100010010101010000011100110100110000000100111010011001001001010001000101011
11101100101001011000110010100101010110010100100000111010001010010100110101001011010011110100001000
11011100011001011000110010101011101001001010111011010101100011010000000111100011000111100101110110
10100101000110110101000011000100111110101110110101101010010100101111010010100110011100010010110010
01010100101010001100101001010001100011001110100111000101101010100000101010001011000001010110001101
01001011001101100110010101101010010011011011011111010011010001001010001001001110001010011001000011
00010001010010101101001011010101001010100010101001101000010100110011110000111010010100100011011101
10101101101010101001010100100110110010010101011010110101001101011010010110101011010111101011001010
11000100010010110001101001110101001001001011000000100010011010001011101011000101010110010100111100
11010101010101001101010100001000101010100010100111001101010011110001101101010010010101001100100001
10101010101001111101101011110110010101001100101100011011101011000110100001110101010010101011001010
10010110010100110110110101000110011011010101010100110100100110011010010001001010010111111010100000
00101010100101110000001011001011011010001011000011101001010101011101100111100010001100001101011101
11001001011001001100100111010110011000100100101010100100101011010010111010111011011011000010101110
00001010000100100101010101001111010101011001001101101101010111010101010111001101010011011110110001
00101000111011001001101011010001001010110100101011001100101001110010110001000010001001000010101001
11111010011100100101000110101000010101011001001010100111100101001001011101111000000110111001010101
10011011010011000000011101010110100101100100110110011010000010100101000110001011011011011001101101
00001010011101011000100011001101000010010010010000001110011101000101111000100110000001011111110010
01110010110000100100001011001011011011000110110111100111111001110010100010110100000100100000010100
11000101001110011101100001010110110100100011101010101001000010110101001100001101010001001110001000
10001010100010100000110101101101001101011011010000010010111001011010110001000100000110111010101111
11100101011101001000100001010010100000110010110111000101000101010011100100010110010001001100110101
01001010100110010101011001011111101011110100101001000010010111010100010010011100001110110101011100
10101100100110100100000110100100110101001001011001011011010010101010111000110001110101101010001010
01010100101011101001101011001010000011010010111110010100100101001100000110010000001100111010110000
11010011010101010110110110101101101000010100000111011011111010100101101001011111011010010101110110
00010100101110110001001011010110111101110111011100110110011001010100100100000101000010101110010110
10010010001000100101000101100111110010001100001010110001011000100100010001100111001000011001011100
00111111001010011000010010010101000101000000110101100101010010101111001000000110000011000010000110
11101000110101110001101001011010101001110010001101100110100101101010100010111011011010101010100111
10010101100011101000111101110110011010000110110110010110011001101001001001011000101011100010010001
01001100101010100101100100011001010101101101010000111001100101010010110010110101010101010101010110
00100110010101010000110101011010101101100100110101101100111010000101001001101100000100101010001000
01110000100010101101010110001011010010011011010010111011010100110101010110100110011110110101100010
10001010011011010100011000100011010010101101011101100100111010011001101001101001000000001011010100
01010101010101110010101011001111010001011010100110011010101001000010100100101011001101110101110010
10101010011110101101000010001000000101000101101110100000001000001011001010111000010010010001010101
01010101011011010010110110110010110010010100111001011111011010101011111101001001001001100010111001
01110001110001000101001010101001011000111001010100010001011101010010100010001011010110011101001110
01001110101111011001010110010100101110100010101010110110010110101010010101110100000001001011111010
10101010011110101000101101101010001110001101010101010000001011010100101011011001001100101100100100
11001011010001011001111010010010110000011100101011001001100011101010101110101010010110001010011101
00010100011010101000000110001011010101010010010111010101101000101101011010010010010010000110101010
10101101010101001011011101101101001010001110101101000100101101011011010101010000001011110101010101
01010001001010100000100010101010100111101000101011110100110011010100100011100101010100100110100001
01000101000101011011110101010101100101010101001000100101101010110010001000111010011001010101011010
01101100010010101101001001100011010111001010100100001010010111101101010010101000100110010001011101
11010111101101100100111111011010101001010101100101000101111101010110101101111011001011001011000100
10101000011001010000000101010101010100101010101000110010101010101001100011000110000100101010110110
01010111100111000100001011000010011011010110110011011101010101000110111101100001011011001101011000
10100011111010101001110100001011010101101001100100101011100110010001010101001100000101101100110101
01011110000101101000100011101010011001010101001111001100000100101110111110111001010010011101110011
10100001010100010000101010100100100100111001101000101001110100101100100001011010001110000010011110
00100010101000000100111001011001001110000010010101010110101001001010001001001001010101100101010100
10001101010011101000111001011110101010100100010010100111100110001110101110001001001001010001101100
00101101000101100100000000000000000000000001000000000000100101000000000100100000010100100010000001
11010100101001011010100101101100101101101100100110010101001001100101011010011111000101001000110000
01001110001101011001101010000101010101010000110000101010010010101010100011001000101010010100111111
10101000101010001000100101010000011001101010010110110001000101010101010100011001111001101110000011
11000001010011110010111100000111101011010101101101101100101010101010101001000010000000110001010101
00010100100101101001101010101000111101001010011011000010101001010101101101000011000110010110100110
11100101001011000010010101010101010001010101111000111010110011101101010001111110010101101010011100
00110111010100110000110110100011001111110100100010100010110010001011110011100000100001100100100011
10100110101010010100101011011000110100011001001001010101010001010010001010010110001111011000111110
11100111110110010010010100010100100110000110101010110110101100110110100100100101011010100010100000
10100001001010011110000101001001011011100101001011001011010110011000101001010010001100100110010110
11111001000100110110101001001110100100011100110101000100100101100011011010101101111011011101001011
01001111010010111110000101101110010101000001001011010010111011100100001000101001100101110000010011
10111010100001001001110100010011001010110100010100011100101100000000111100001000001010000011101011
10100110011110100111011001111000100100010010010100011001001001111011000001001010000001101011101110
