96 97
1111110101010001110111111110111111101100011101001101110110100110110111110010010111001001000011111
0010001010101010100101010111010011010110001100001101001010010011011100011110111101101010100011011
1111110111010000101010111100101001001011111110100100100110001101100000101001101100001010001110100
0100011000010101010101101111011010101110010010100110101010101110011110110110101011100101010011100
1011010010001011011010000000010011011010110111010101110101101011110000101000110111011110011010000
0101111010110110011101111101001010010101001001110011010010111110101011010011011101101000010110110
1010101011101011010111001101101101111010110011001101101101000101010110101000011010110011001110101
0100101010101011011010101101010010101101001001011011011100101010101011101010101010001010101001111
0101110101011011010101011011110101111110101001001011110101010100110000001001101001110011010110011
0101011010110101101010101100000010010010011111011000011010101100101100111101101110101111101100100
1000111111011010110101000010101101011101110011001000100111011011101101110100110100110100100001010
1010100000101101011101110101000011010111000101010011101000110001010110011010001010101001011001001
0110110110001011111010111110010011000101011010101011011011010111000011010100001110010111101001101
0001101111011010100111000011110101011010100000111110101010110100011101001001111010101010100011101
1001101000110001110101101110101110100101010111100111010101101011101010010111010110111101010010111
0101011000110111011110110101011011010010101001010101101101010100111111001000011100100000101101101
1110101010100011010001010110110110101001011001101101011101001000110000101111110101001110010111111
0011010001101100011100011111101010110101001011001011010010011011011101011011011101001001111110001
0101111100011111011111011000001101011000101010101101011101110100111110100011000110110100100001010
1100101010010000010011010110101010101110101011010011101011001011100011011101111001000111010100101
1011111100110001011011110010110101010100001010100110111110010111000110101010101010000100101100011
1100000101110101101110101001101010101011010011011100110001001101110101101011010111111101011011111
1011011101000001010101010010101101010110010110011111011011011010001111011101001001011001101101100
0100101100111110011010101101011010111010001001110001101011000010011010110110101100101011001011010
0110010110000101010101001010010000000000110100000010110000000000000000001101010001101101110110001
1001101001010010101010010001101011101011010111101001110011001011101110100011001011101010111011111
0111010110101101111001010101110101001101011010110010011101010101010001010110110100010110101110100
0001110101000111011011110111010110101010010101011110000010110011101110100111001101011011111010101
0010101000010111100000010110100101011110111101001011101110001010011010010101010100110110011000101
1011010011111100111110010001001110110110101011111001101101111011010101100010100110011010100110110
0110100110101101100111011010111011101001010000111010110011001100100101010111010110010111010110011
1011101101010100111000110011011011010011110101001101010010010101001100100001110101101001101101101
1110111010101011100011000101111001111010100100001011101101010101011010010111011010010100010100101
1010101011101110110110010110001110001111010010110110010010011011000101001110101010111001110001101
0010001101101101010011000011011011101001101001011010101001101100000110110011010110101010101010110
1101100010011010100001001011010101101000010110100111010100101010111011010110101010111001101001010
1010100101010101111100001101101010011011100111010101001011001101100101101101011101011101000100101
0000101011011011010000100110011101010110010101010010101011011001101011010110010110010111010110110
1111100101001100000111100011100110101000111101110011011100101011110101010010110011011011101101101
1011010101101011100011010011101011011011101111010101000111110100001111100100101111110100111010100
1100111100101010011101100100101000100110100001011001101110001011101000010101010100111010101101011
1100101011010001110101110011101101000111011101010111011010000101101101110010101011100101111010100
1001001100000111011101010100011000110101010100101110101000111011011010100101110101001111001101010
1111101011110110100110110101100010011110101110011001010100110010100110100011001011100001110000001
1010110101011001111110010100100100111001010011001110101011101111010011010100110110111001100110111
0011101011100101011000100010110101100100010011110010110110101101000101100001011001011011010011010
1101000100001011001001000001101001001011101100101111101110110100011011001110110111010110111100101
1010011011110101010110111100111101110100100101010100011011001010111010100101011010111011000001110
0001101110101001001101100011010010101011100010011011010001010101101101100010001111101101101000010
1110111000101001110111110000101011010101011000100010110111001010111010100011101100110110010111101
0011110101100011100100010111010100101110001101101001011010011011010101000000111110110010111100011
1000001100111010011011100000101011010011100101101101101110010110111001100101010010001001000001010
0011001101111011001111010110110110110100110110110110110101101010101110111010110101100101111000100
0110001010000101111000110011011001001101101101011011011111010111010111100011011110000011101111001
0001110110011001001110000010101101110111010010110001101001101101101000000110111000011010100101001
1110110011101111010011110101010110011100101101010101010101011111101101010011100111110011110010010
1101010110010001010011000101101101110101110100110001101010010000111010111100010101101101000101010
1101101010110101010100100100100111101101011100110101010111001111101101000111001111011010011010100
1100010101011110110110111011100010110101010110101000101100111101010010100011011010101101110101111
0001010100100011011000110110101110101010100100011011010111010010110111110101101101110010001000000
1111010101101110110010101101110101110111010011101010101011101001010101010101101000001001000011101
0110000110110101011101010010011011011000101111110001010100001110100111100011111011110111111101011
0100101011101100110101100111110101111111001000011110100011010111101000111010010100011010010101111
1100100111101100101010010100011000000010100110101110111101101000010110010101101001010101010001101
1101001100111011111111100011000110110101111101001010100110110111101011000110111101101010101001011
1110111011101110010001000000111011100111011010111100110101100100001000111001000001010101011011100
0011001110100110110010111000111010101010100110100010010110101100110100110110011110111110110100100
0101111101101110101001010011100101011110011010101101101101011011111101101001101110001011010001011
1001010000101011010010100001010010110001110100110100010101100110000101100111001000110001101101110
1100010110010010101101100110110101101010100110111010101011001101111001110000100111000100010111010
0110001010001011011010111101000010111100110001000100101101011011000111010010011101010010011010101
1011111100111011001001000010111010110000011000010111011010100010100101101110010110010110000101011
1010100001101100010011011001000001000011001000001001000000000010000010000101000101010001101110100
0101001100001101001101110001010101110101001110100110111110100100011010001000101010001111100011001
1110010010101010111011000101001110101010101001010011011011111001101011111111101111100010101111001
1010011001010100101101101010101011110101001111110111010100001010110100010101010101011110100000111
0111110100101000010110010101110101000110111010100101111100101111011000101011010110101100111001101
0101000010100111010011110001011010101011010101111100000010110101010110110010101101111010000100111
1100111100111110111001010110110111101101001101010111111000001110101010101001100110010100110111001
1111000011000001100110110001011101010101110110011010100111101010110110110110010111101001011110110
1011110111001111101101001110101111100110101101110101011101100101101011101100111100111010011001110
1110011101000100110010110111010000011000110011001010100111010100010101011100101101100101010111011
0011101001010111100101011101110100101010000110110011101101001101101011010010110010100110001010001
1011011000010110111001101001100110011010011011011101011011010111011110100101010111101101110111110
1110110011101101010100011010100111110111110001100100110010101010000111010010110100110111001101101
0101101111010100110010101011011101101000001110111010011000010101110101010111011010011010011001011
1010011100101010101101010010101001001110110011010110100101001010001011010101101100011101010100100
0100100110111001011011001000100010001101011100101001010000010101110010100111010101010110110110001
0111011101110111101110110100101101111010110111010100001011011111010101010111001100100101101011011
1001101110001000001010001101010111100101010110111001110011110000001110101101110101010001010010010
1111011011000101010101110100101010001010110101101111001010011010110011011010111010101110101110001
1010101011010001100000011001100010010101010010010111001000101011110110100110101101110010111000111
1110010110111111011011110110101011001000011101111100010111010101000110111101110110011110111111011
1011000110100111010101101110101001010111110011000011001010101000011100110111001011110111000011110
1100011110101101101010011001010110100110110111001111110111010111101101101010111101010101110110100
0111001010101111111110011101101111011111101101100000111001111110111111011011000111010111100100111
