97 90
110010101101000010001111001000001011101100000111001001010001011000000001101110000110111001
011001010101010101100101110011110101010111010011001001110011001011001001001010010100010111
001100010100101010010100000010001010011000101110110000001100100111001001010111001011101101
000001001001000110100010001011110000110100110011000110101011101000010110111101011101101010
010100001010010100111101100000110101100001011101000110000001010110101011000010000110000100
010111101100010110000101101110000010001110100001110011110110001001010001100100111001111001
001000110101010001000010110010111100110100011010111000111001110101100111001101000111000110
100000000101110100111101000101001000101001010101101011100001011001100101100101011010011100
111111010100101010101111011101111111011001010001001000111101100000010011001010100101101010
101001110111110101100001100101100010110101110011111100111001101110000101100100010010100011
010100100100000101000101010111010101100110101010110111100010100001100111011001001001011011
001001000010011011111001101101100110101100100110010110110011010011010001101000101010101100
100101011000100100001100100111011000111011010001101010000100110110111010110011000101010001
100110001101010010010110101010100111101011100010111011000010001001000101001101010000100100
100101100010100100101000101111111010010100101011010011111010010010101011010010110110011101
110111010000100110010110110000010010101010010110110100001000010101010100110011011010110111
101000101111011010011011011100000100010101001010101010010001001000100001001100110011100101
111011010011101010100010101011101101001010010110110101000111001010001010101101011111011000
100000101010111000001010000000000000000001000100000010000100000000000100010000010101001110
101101001011110010100001001010100100110010100110001000010101010010110001100101101011001101
100010110110010010011001010101111001011000110000101100010111010101011100011100111101011011
110011011000010000101010100011011010101110001111011101100001100010000111011011000010011011
010001100011110000110101111001010111010101001011000101011100101100100100101010101110110101
010101011000001011001001001011011101001011000100010001010101001010010110110001100010001010
101000110011110011001100110101111010100010111010100011001100010011101100101010110101000100
010110011011100111001011101010000100101011010000011111001111100101010010111011101110111010
011010100100101100110100110101001010101110100101100100110010110010011000010000010000011001
010010000010001000101011110110101101010110011011010110101011001001001111100010100101010011
101000011010110010000110011101001110010010010101101001110100101010010101001101101001011001
100101101001001000110011010001001000001001010110100010001001010100011111100010010010011010
011110010110010011011000101111010101110011101011101100110100001001101000010010010111010101
001011010001010000101011001011010111011010010101010111001001111011110010011011010001101001
100110100000101001010110100100101000100011100110110110101110101000001100101001001010011011
001001011111010010101101101001000100100011010101101010110101010111101010110111010100110100
100010101101000001110011010011010001001110101010010001011000000011010101011010101010010010
000101111110111010001011000110010001010010001100100100001110101000101100001001110100010001
011010010001001000100101010001010110100101110101011111101001100010110010101011011001010101
101000101010101010110101101011001101011010101000110001010101101100101101000010101101000011
100011010101111100110010100110101101110000110111011101101010010001111000011000101101011101
010010001100000010110100010001000111011111101010110001011011101101010111101010100100111001
011101111010101011001001101110111010100011010101100100001001010101100100010001010010100011
100111111110001000010110110011001110101001100111001001111110111000011010000111001101001000
110100000101010000100101010010101001001010001011000101110000101111100100100100101001010100
000110111110101011001010010110100010100101110010010011010101011011011001011001100010100001
111100100001111011000110101101001100101010101101010101111100100101010111001001100001111001
110010101001011001011011110010100100111000111110101100001010101010101010100010101101001100
010010010100110001111001010010101011101010100011010011110100100110010101000000001010100011
001011101010101000100011001111010101010101010110000101001101101101101010111011011001001010
000110010110111011101010100100001101001110100000110001001001111011010010110000101110000101
110011011000100010010101001010101101011001101110101100010100010100011000001010010000110110
011010100011100001010010101101010010110101111100101110101001010111000001011011010101101010
010101011001000001000101110000100101001010010111001010010010010010111110001010101010011100
111010110010111001010110001011011010110100100110110111000100100111101111110011000110100100
100001000101010001101001100100000111101001000111011000101011010100110000010101010101001010
001100101111101001010110110110101101110010111001000011010101010110101000011011101011001100
110110000000001011100011101010111011010110001001001011100101000010011011101000010101000000
101111010110100000101101010101000101100110101000100000110010011101011101010011001011111011
011001001010010010101100001010101011010001010110101110110100111010010010001000100010101111
110001010011001100101001110110011110100011001011001000110100100101001110111011010101010101
110101111111111001011101001101100001101110110111000101100110100010010100100010101010100100
110100000000100010100010100010011011110101000001011000010100111110110000001000100100100010
110110011011101001001001010101010100001011111110101011001010100000101111110001000101011000
001011100110100000010100101101011110101010010101010101111101100101010100101010111110100110
010100010111101001000001000010100010011001011010100011010101101011100010110000101001100001
101001100100010000101010011011000100100001011011001000110111010110111000111010110001011001
110101011001011011101110010101010111011111011010010000110110100100010101101101000110110010
001010010110100000010010101111001000111010111010010111000010010001010001010110011010000101
110101001101010010011100110000100011001100100101101101101110001100100011101001101111101011
000010100010001001001010101010011011101101100111110011001010101001011000010001101000000011
001001000101100100010101001100101010010010010000001000101010011010110110101011011010010100
101100110010010110001010011010011011010000110101100010000101101110100011010001110000001000
011011101000101001100001101100100110001111010110001010110100101011011101001010011111101111
000101010001010011010100000100110111100101101110100101001100011110111100001000101010110100
011000101110001000110101010010110001111011001011010101100001010101100110100101100101010011
110110100100100011000010101000101111010101010101000100010010100110110111001001001001101010
010011001101010010011010000110010100101010001110111101001101010000110100010001110110101111
010000100001000001010110010111110001010100101010100001010001011111000100111001010111010100
101101011001111001101001000100001001011001000101101010001111010001011001100010110000101111
010101101011001000000000000000000000010010000110010000100100100001000100001000110100100010
011000110110010100111001101001101010101101001010101100111010111010111001001111010001101100
010011001101011010000011000010010000010000101000110010100101011011001110110101011100110010
001001110011011001001001011010001101011111111110100101010000010000100011101100111011000101
101110110100100110110111010110100010111010010110001010001011011101001101010111001010100010
011001001001010101001101010110011001001011010010100110100110011010100101011010010011001010
101101100101110110000110101011000100010101111101011111010101101011111010010101100011000101
101010101110101101110011010011000011001100000010101001001101010011010101001010111111010000
001111010001001010110100101100111100100010010101011010111100111101001000011100100100001010
001000110111011000101100101001000100010011001001110101000111001100010010110101001010110010
100101000100101010001000010101011011101101011111010011011001010001110100101010101011101010
001010110101100010001011101100101110010110010100001100101000001000001011010100101010110010
011110000100011001111001000110111001001010101010110001001110101011100100110001000101010100
110011011010110101101001010001001101001000010001001100110010100101000011001110111110001011
011011010101011100111000100100111010111001101100001010111011101001111001101101101011111011
001111101001101100100011110011011101010101010101100011100001010111001010010101000101000010
010100010101101101011000011011010011001010101010010101110110101010110111010111011001011110
010011001010011010101101101101101101110010101101101001011111000101011100010000100010100100
011011001001111111000000001101101001101011011111001101100000110111111111111010000000100010
