99 92
10101010101010101010101010101010101010101010101010101010001010101010101000101010101010101010
01010101010101010101010101010101010101010101010101010101010101010101010101010101010101010101
10101010101010101010101010101010101010101010101010101010101010101010101010101010101010101010
01010101010101010101010101010101010101010101010101010101010101010101010101010101010101010101
10101010101010101010101010101010101010101010101010101010101010101010101010101010101010101010
01010101010101010101010101010101010101010101010101010101010101010101010101010101010101010101
10101010101010101010101010101010101010101010101010101010101010101010101010101010101010101010
01010101010101010101010101010101010101010101010101010101010101010101010101010101010101010101
10101010101010101010101010101010101010101010101010101010101010101010101010101010101010101010
01010101010101010101010101010101010101010101010101010101010101010101010101010101010101010101
10101010101010101010101010101010101010101010101010101010101010101010101010101010101010101010
01010101010101010101010101010101010101010101010101010101010101010101010101010101010101010100
10101010101010101010101010101010101010101010101010101010101010101010101010101010101010101010
01010101010101010101010101010101010101010101010101010101010101010101010101010101010101010101
10101010101010101010101010101010101010101010101010101010101010101010101010101010101010101010
01010101010101010101010101010101010101010101010101010101010101010101010101010101010101010101
10101010101010101010101010101010101010101010101010101010101010101010101010101010101010101010
01010101010101010101010101010101010101010101010101010101010101010101010101010101010101010101
10101010101010101010101010101010101010101010101010101010101010101010101010101010101010101010
01010101010101010101010101010101010101010101010101010101010101010101010101010101010101010101
10101010101010101010101010101010101010101010101010101010101010101010101010101010101010101010
01010101010101010101010101010101010101010101010101010101010101010101010101010101010101010101
10101010101010101010101010101010101010101010101010101010101010101010101010101010101010101010
01010101010101010101000000000000000101000100000000000001000000000100010001010101010101010101
10101010101010101010001010101010101010101010101010101010101010101010101010101010101010101010
01010101010101010101010101010101010101010101010101010101010101010101010101010101010101010101
10101010101010101010001010101010101010101010101010101010101010101010101010101010101010101010
01010101010101010101010101010101010101010101010101010101010101010101010101010101010101010101
10101010101010101010001010101010101010101010101010101010101010101010101000101010101010101010
01010101010101010101010101010101010101010101010101010101010101010101010101010101010101010101
10101010101010101010001010101010101010101010101010101010101010101010101000101010101010101010
01010101010101010101010101010101010101010101010101010101010101010101010101010101010101010101
10101010101010101010001010101010101010101010101010101010101010101010101000101010101010101010
01010101010101010101010101010101010101010101010101010101010101010101010101010101010101010101
10101010101010101010001010101010101010101010101010101010101010101010101000101010101010101010
01010101010101010101010101010101010101010101010101010101010101010101010101010101010101010101
10101010101010101010001010101010101010101010101010101010101010101010101000101010101010101010
01010101010101010101010101010101010101010101010101010101010101010101010101010101010101010101
10101010101010101010001010101010101010101010101010101010101010101010101000101010101010101010
01010101010101010101010101010101010101010101010101010101010101010101010101010101010101010101
10101010101010101010001010101010101010101010101010101010101010101010101010101010101010101010
01010101010101010101010101010101010101010101010101010101010101010101010101010101010101010101
10101010101010101010001010101010101010101010101010101010101010101010101000101010101010101010
01010101010101010101010101010101010101010101010101010101010101010101010101010101010101010101
10101010101010101010001010101010101010101010101010101010101010101010101010101010101010101010
01010101010101010101010101010101010101010101010101010101010101010101010101010101010101010101
10101010101010101010001010101010101010101010101010101010101010101010101000101010101010101010
01010101010101010101010101010101010101010101010101010101010101010101010101010101010101010101
10101010101010101010101010101010101010101010101010101010101010101010101000101010101010101010
01010101010101010101010101010101010101010101010101010101010101010101010101010101010101010101
10101010101010101010001010101010101010101010101010101010101010101010101000101010101010101010
01010101010101010101010101010101010101010101010101010101010101010101010101010101010101010101
10101010101010101010001010101010101010101010101010101010101010101010101000101010101010101010
01010101010101010101010101010101010101010101010101010101010101010101010101010101010101010101
10101010101010101010001010101010101010101010101010101010101010101010101000101010101010101010
01010101010101010101010101010101010101010101010101010101010101010101010101010101010101010101
10101010101010101010101010101010101010101010101010101010101010101010101000101010101010101010
01010101010101010101010101010101010101010101010101010101010101010101010101010101010101010101
10101010101010101010101010101010101010101010101010101010101010101010101000101010101010101010
01010101010101010101010101010101010101010101010101010101010101010101010101010101010101010101
10101010101010101010001010101010101010101010101010101010101010101010101000101010101010101010
01010101010101010101010101010101010101010101010101010101010101010101010101010101010101010101
10101010101010101010101010101010101010101010101010101010101010101010101000101010101010101010
01010101010101010101010101010101010101010101010101010101010101010101010101010101010101010101
10101010101010101010101010101010101010101010101010101010101010101010101000101010101010101010
01010101010101010101010101010101010101010101010101010101010101010101010101010101010101010101
10101010101010101010001010101010101010101010101010101010101010101010101000101010101010101010
01010101010101010101010101010101010101010101010101010101010101010101010101010101010101010101
10101010101010101010101010101010101010101010101010101010101010101010101010101010101010101010
01010101010101010101010101010101010101010101010101010101010101010101010101010101010101010101
10101010101010101010101010101010101010101010101010101010101010101010101000101010101010101010
01010101010101010101010101010101010101010101010101010101010101010101010101010101010101010101
10101010101010101010001010101010101010101010101010101010101010101010101000101010101010101010
01010101010101010101010101010101010101010101010101010101010101010101010101010101010101010101
10101010101010101010001010101010101010101010101010101010101010101010101010101010101010101010
01010101010101010101000001000000000100000100000001010001000000000001000001010101010101010101
10101010101010101010101010101010101010101010101010101010101010101010101010101010101010101010
01010101010101010101010101010101010101010101010101010101010101010101010101010101010101010101
10101010101010101010101010101010101010101010101010101010101010101010101010101010101010101010
01010101010101010101010101010101010101010101010101010101010101010101010101010101010101010101
00101010101010101010101010101010101010101010101010101010101010101010101010101010101010101010
01010101010101010101010101010101010101010101010101010101010101010101010101010101010101010101
10101010101010101010101010101010101010101010101010101010101010101010101010101010101010101010
01010101010101010101010101010101010101010101010101010101010101010101010101010101010101010101
10101010101010101010101010101010101010101010101010101010101010101010101010101010101010101010
01010101010101010101010101010101010101010101010101010101010101010101010101010101010101010101
10101010101010101010101010101010101010101010101010101010101010101010101010101010101010101010
01010101010101010101010101010101010101010101010101010101010101010101010101010101010101010101
10101010101010101010101010101010101010101010101010101010101010101010101010101010101010101010
01010101010101010101010101010101010101010101010101010101010101010101010101010101010101010101
10101010101010101010101010101010101010101010101010101010101010101010101010101010101010101010
01010101010101010101010101010101010101010101010101010101010101010101010101010101010101010101
10101010101010101010101010101010101010101010101010101010101010101010101010101010101010101010
01010101010101010101010101010101010101010101010101010101010101010101010101010101010101010101
10101010101010101010101010101010101010101010101010101010101010101010101010101010101010101010
01010101010101010101010101010101010101010101010101010101010101010101010101010101010101010101
10101010101010101010101010101010101010101010101010101010101010101010101010101010101010101010
01010101010101010101010101010101010101010101010101010101010101010101010101010101010101010101
10101010101010101010101010101010101010101010101010101010101010101000101010101010101010101010
