99 93
101010101010101010101010101010101010101010101010101010101010101010101010101010101010101010101
010101010101010101010101010101010101010101010101010101010101010101010101010101010101010101010
101010101010101010101010101010101010101010101010101010101010101010101010101010101010101010101
010101010101010101010101010101010101010101010101010101010101010101010101010101010101010101010
101010101010101010101010101010101010101010101010101010101010101010101010101010101010101010101
010101010101010101010101010101010101010101010101010101010101010101010101010101010101010101010
101010101010101010101010101010101010101010101010101010101010101010101010101010101010101010101
010101010101010101010101010101010101010101010101010101010101010101010101010101010101010101010
101010101010101010101010101010101010101010101010101010101010101010101010101010101010101010101
010101010101010101010101010101010101010101010101010101010101010101010101010101010101010101010
101010101010101010101010101010101010101010101010101010101010101010101010101010101010101010101
010101010101010101010101010101010101010101010101010101010101010101010101010101010101010101010
101010101010101010101010101010101010101010101010101010101010101010101010101010101010101010101
010101010101010101010101010101010101010101010101010101010101010101010101010101010101010101010
101010101010101010101010101010101010101010101010101010101010101010101010101010101010101010101
010101010101010101010101010101010101010101010101010101010101010101010101010101010101010101010
101010101010101010101010101010101010101010101010101010101010101010101010101010101010101010101
010101010101010101010101010101010101010101010101010101010101010101010101010101010101010101010
101010101010101000100010001000000000000000000000000000100000000000100000000000101010101010101
010101010101010001010101010101010101010101010101010101010101010101010101010100010101010101010
101010101010101010101010101010101010101010101010101010101010101010101010101010101010101010101
010101010101010101010101010101010101010101010101010101010101010101010101010100010101010101010
101010101010101010101010101010101010101010101010101010101010101010101010101010101010101010101
010101010101010001010101010101010101010101010101010101010101010101010101010100010101010101010
101010101010101010101010101010101010101010101010101010101010101010101010101010101010101010101
010101010101010001010101010101010101010101010101010101010101010101010101010100010101010101010
101010101010101010101010101010101010101010101010101010101010101010101010101010101010101010101
010101010101010001010101010101010101010101010101010101010101010101010101010100010101010101010
101010101010101010101010101010101010101010101010101010101010101010101010101010101010101010101
010101010101010101010101010101010101010101010101010101010101010101010101010100010101010101010
101010101010101010101010101010101010101010101010101010101010101010101010101010101010101010101
010101010101010001010101010101010101010101010101010101010101010101010101010101010101010101010
101010101010101010101010101010101010101010101010101010101010101010101010101010101010101010101
010101010101010001010101010101010101010101010101010101010101010101010101010100010101010101010
101010101010101010101010101010101010101010101010101010101010101010101010101010101010101010101
010101010101010001010101010101010101010101010101010101010101010101010101010101010101010101010
001010101010101010101010101010101010101010101010101010101010101010101010101010101010101010101
010101010101010001010101010101010101010101010101010101010101010101010101010100010101010101010
101010101010101010101010101010101010101010101010101010101010101010101010101010101010101010101
010101010101010101010101010101010101010101010101010101010101010101010101010100010101010101010
101010101010101010101010101010101010101010101010101010101010101010101010101010101010101010101
010101010101010101010101010101010101010101010101010101010101010101010101010100010101010101010
101010101010101010101010101010101010101010101010101010101010101010101010101010101010101010101
010101010101010001010101010101010101010101010101010101010101010101010101010100010101010101010
101010101010101010101010101010101010101010101010101010101010101010101010101010101010101010101
010101010101010001010101010101010101010101010101010101010101010101010101010100010101010101010
101010101010101010101010101010101010101010101010101010101010101010101010101010101010101010101
010101010101010001010101010101010101010101010101010101010101010101010101010100010101010101010
101010101010101010101010101010101010101010101010101010101010101010101010101010101010101010101
010101010101010101010101010101010101010101010101010101010101010101010101010101010101010101010
101010101010101010101010101010101010101010101010101010101010101010101010101010101010101010101
010101010101010101010101010101010101010101010101010101010101010101010101010100010101010101010
101010101010101010101010101010101010101010101010101010101010101010101010101010101010101010101
010101010101010101010101010101010101010101010101010101010101010101010101010101010101010101010
101010101010101010101010101010101010101010101010101010101010101010101010101010101010101010101
010101010101010001010101010101010101010101010101010101010101010101010101010101010101010101010
101010101010101010101010101010101010101010101010101010101010101010101010101010101010101010101
010101010101010001010101010101010101010101010101010101010101010101010101010100010101010101010
101010101010101010101010101010101010101010101010101010101010101010101010101010101010101010101
010101010101010001010101010101010101010101010101010101010101010101010101010100010101010101010
101010101010101010101010101010101010101010101010101010101010101010101010101010101010101010101
010101010101010001010101010101010101010101010101010101010101010101010101010100010101010101010
101010101010101010101010101010101010101010101010101010101010101010101010101010101010101010101
010101010101010001010101010101010101010101010101010101010101010101010101010101010101010101010
101010101010101010101010101010101010101010101010101010101010101010101010101010101010101010101
010101010101010001010101010101010101010101010101010101010101010101010101010101010101010101010
101010101010101010101010101010101010101010101010101010101010101010101010101010101010101010101
010101010101010101010101010101010101010101010101010101010101010101010101010101010101010101010
101010101010101010101010101010101010101010101010101010101010101010101010101010101010101010101
010101010101010001010101010101010101010101010101010101010101010101010101010100010101010101010
101010101010101010101010101010101010101010101010101010101010101010101010101010101010101010101
010101010101010001010101010101010101010101010101010101010101010101010101010100010101010101010
101010101010101010101010101010101010101010101010101010101010101010101010101010101010101010101
010101010101010001010101010101010101010101010101010101010101010101010101010101010101010101010
101010101010101010101010101010101010101010101010101010101010101010101010101010101010101010101
010101010101010001010101010101010101010101010101010101010101010101010101010100010101010101010
101010101010101010101010101010101010101010101010101010101010101010101010101010101010101010101
010101010101010001010101010101010101010101010101010101010101010101010101010100010101010101010
101010101010101010101010101010101010101010101010101010101010101010101010101010101010101010101
010101010101010001010101010101010101010101010101010101010101010101010101010100010101010101010
101010101010101000000000000000000000001000001000000000000000100010000000100000101010101010101
010101010101010101010101010101010101010101010101010101010101010101010101010101010101010101010
101010101010101010101010101010101010101010101010101010101010101010101010101010101010101010101
010101010101010101010101010101010101010101010101010101010101010101010101010101010101010101010
101010101010101010101010101010101010101010101010101010101010101010101010101010101010101010101
010101010101010101010101010101010101010101010101010101010101010101010101010101010101010101010
101010101010101010101010101010101010101010101010101010101010101010101010101010101010101010101
010101010101010101010101010101010101010101010101010101010101010101010101010101010101010101010
101010101010101010101010101010101010101010101010101010101010101010101010101010101010101010101
010101010101010101010101010101010101010101010101010101010101010101010101010101010101010101010
101010101010101010101010101010101010101010101010101010101010101010101010101010101010101010101
010101010101010101010101010101010101010101010101010101010101010101010101010101010101010101010
101010101010101010101010101010101010101010101010101010101010101010101010101010101010101010101
010101010101010101010101010101010101010101010101010101010101010101010101010101010101010101010
101010101010101010101010101010101010101010101010101010101010101010101010101010101010101010101
010101010101010101010101010101010101010101010101010101010101010101010101010101010101010101010
101010101010101010101010101010101010101010101010101010101010101010101010101010101010101010101
010101010101010101010101010101010101010101010101010101010101010101010101010101010101010101010
101010101010101010101010101010101010101010101010101010101010101010101010101010101010101010101
