91 92
10101010101010101000101010101010101010101010101010101010101010101010101010101010100010101010
01010101010101010101010101010101010101010101010101010101010101010101010101010101010101010101
10101010101010101010101010101010101010101010101010101010101010101010101010101010101010101010
01010101010101010101010101010101010101010101010101010101010101010101010101010101010101010100
10101010101010101010101010101010101010101010101010101010101010101010101010101010101010101010
01010101010101010101010101010101010101010101010101010101010101010101010101010101010101010101
10101010101010101010101010101010101010101010101010101010101010101010101010101010101010101010
01010101010101010101010101010101010101010101010101010101010101010101010101010101010101010101
10101010101010101010101010101010101010101010101010101010101010101010101010101010101010101010
01010101010101010101010101010101010101010101010101010101010101010101010101010101010101010101
10101010101010101010101010101010101010101010101010101010101010101010101010101010101010101010
01010101010101010101010101010101010101010101010101010101010101010101010101010101010101010101
10101010101010101010101010101010101010101010101010101010101010101010101010101010101010101010
01010101010101010101010101010101010101010101010101010101010101010101010101010101010101010101
10101010101010101010101010101010101010101010101010101010101010101010101010101010101010101010
01010101010101010101010101010101010101010101010101010101010101010101010101010101010101010101
10101010101010101010101010101010101010101010101010101010101010101010101010101010101010101010
01010101010101010101010101010101010101010101010101010101010101010101010101010101010101010101
10101010101010101010101010101010101010101010101010101010101010101010101010101010101010101010
01010101010101010101010101010101010101010101010101010101010101010101010101010101010101010101
10101010101010101010101000000000000000000000000010001010000000000000001010101010101010101010
01010101010101010101010101010101010101010101010101010101010101010101010101010101010101010101
10101010101010101010101010101010101010101010101010101010101010101010101010101010101010101010
01010101010101010101000101010101010101010101010101010101010101010101010001010101010101010101
10101010101010101010101010101010101010101010101010101010101010101010101010101010101010101010
01010101010101010101010101010101010101010101010101010101010101010101010101010101010101010101
10101010101010101010101010101010101010101010101010101010101010101010101010101010101010101010
01010101010101010101010101010101010101010101010101010101010101010101010001010101010101010101
10101010101010101010101010101010101010101010101010101010101010101010101010101010101010101010
01010101010101010101000101010101010101010101010101010101010101010101010101010101010101010101
10101010101010101010101010101010101010101010101010101010101010101010101010101010101010101010
01010101010101010101000101010101010101010101010101010101010101010101010001010101010101010101
10101010101010101010101010101010101010101010101010101010101010101010101010101010101010101010
01010101010101010101010101010101010101010101010101010101010101010101010001010101010101010101
10101010101010101010101010101010101010101010101010101010101010101010101010101010101010101010
01010101010101010101000101010101010101010101010101010101010101010101010001010101010101010101
10101010101010101010101010101010101010101010101010101010101010101010101010101010101010101010
01010101010101010101010101010101010101010101010101010101010101010101010001010101010101010101
10101010101010101010101010101010101010101010101010101010101010101010101010101010101010101010
01010101010101010101000101010101010101010101010101010101010101010101010001010101010101010101
10101010101010101010101010101010101010101010101010101010101010101010101010101010101010101010
01010101010101010101000101010101010101010101010101010101010101010101010001010101010101010101
10101010101010101010101010101010101010101010101010101010101010101010101010101010101010101010
01010101010101010101000101010101010101010101010101010101010101010101010001010101010101010101
10101010101010101010101010101010101010101010101010101010101010101010101010101010101010101010
01010101010101010101000101010101010101010101010101010101010101010101010001010101010101010101
10101010101010101010101010101010101010101010101010101010101010101010101010101010101010101010
01010101010101010101000101010101010101010101010101010101010101010101010001010101010101010101
10101010101010101010101010101010101010101010101010101010101010101010101010101010101010101010
01010101010101010101000101010101010101010101010101010101010101010101010101010101010101010101
10101010101010101010101010101010101010101010101010101010101010101010101010101010101010101010
01010101010101010101000101010101010101010101010101010101010101010101010001010101010101010101
10101010101010101010101010101010101010101010101010101010101010101010101010101010101010101010
01010101010101010101000101010101010101010101010101010101010101010101010001010101010101010101
10101010101010101010101010101010101010101010101010101010101010101010101010101010101010101010
01010101010101010101000101010101010101010101010101010101010101010101010001010101010101010101
10101010101010101010101010101010101010101010101010101010101010101010101010101010101010101010
01010101010101010101000101010101010101010101010101010101010101010101010001010101010101010101
10101010101010101010101010101010101010101010101010101010101010101010101010101010101010101010
01010101010101010101010101010101010101010101010101010101010101010101010001010101010101010100
10101010101010101010101010101010101010101010101010101010101010101010101010101010101010101010
01010101010101010101000101010101010101010101010101010101010101010101010001010101010101010101
10101010101010101010101010101010101010101010101010101010101010101010101010101010101010101010
01010101010101010101000101010101010101010101010101010101010101010101010101010101010101010101
10101010101010101010101010101010101010101010101010101010101010101010101010101010101010101010
01010101010101010101000101010101010101010101010101010101010101010101010101010101010101010101
10101010101010101010101010101010101010101010101010101010101010101010101010101010101010101010
01010101010101010101010101010101010101010101010101010101010101010101010001010101010101010101
10101010101010101010101010101010101010101010101010101010101010101010101010101010101010101010
01010101010101010101010101010101010101010101010101010101010101010101010001010101010101010101
10101010101010101010100000000000001000001000000010000000000010001000000010101010101010101010
01010101010101010101010101010101010101010101010101010101010101010101010101010101010101010101
10101010101010101010101010101010101010101010101010101010101010101010101010101010101010101010
01010101010101010101010101010101010101010101010101010101010101010101010101010101010101010101
10101010101010101010101010101010101010101010101010101010101010101010101010101010101010101010
01010101010101010101010101010101010101010101010101010101010101010101010101010101010101010101
10101010101010101010101010101010101010101010101010101010101010101010101010101010101010101010
01010101010101010101010101010101010101010101010101010101010101010101010101010101010101010101
10101010101010101010101010101010101010101010101010101010101010101010101010101010101010101010
01010101010101010101010101010101010101010101010101010101010101010101010101010101010101010101
10101010101010101010101010101010101010101010101010101010101010101010101010101010101010101010
01010101010101010101010101010101010101010101010101010101010101010101010101010101010101010101
10101010101010101010101010101010101010101010101010101010101010101010101010101010101010101010
01010101010101010101010101010101010101010101010101010101010101010101010101010101010101010101
10101010101010101010101010101010101010101010101010101010101010101010101010101010101010101010
01010101010101010101010101010101010101010101010101010101010101010101010101010101010101010101
10101010101010101010101010101010101010101010101010101010101010101010101010101010101010101010
01010101010101010101010101010101010101010101010101010101010101010101010101010101010101010101
10101010101010101010101010101010101010101010101010101010101010101010101010101010101010101010
01010101010101010101010101010101010101010101010101010101010101010101010101010101010101010101
10101010101010101010101010101010101010101010101010101010101010101010101010101010101010101010
