94 92
10101010101010101010101010101010001010101010101010101010101010101010101010101010101010101010
01010101010101010101010101010101010101010101010101010101010101010101010101010101010101010101
10101010101010101010101010101010101010101010101010101010101010101010101010101010101010101010
01010101010101010101010101010101010101010101010101010101010101010101010101010101010101010101
10101010101010101010101010101010101010101010101010101010101010101010101010101010101010101010
01010101010101010101010101010101010101010101010101010101010101010101010101010101010101010101
10101010101010101010101010101010101010101010101010101010101010101010101010101010101010101010
01010101010101010101010101010101010101010101010101010101010101010101010101010101010101010101
10101010101010101010101010101010101010101010101010101010101010101010101010101010101010101010
01010101010101010101010101010101010101010101010101010101010101010101010101010101010101010101
10101010101010101010101010101010101010101010101010101010101010101010101010101010101010101010
01010101010101010101010101010101010101010101010101010101010101010101010101010101010101010101
10101010101010101010101010101010101010101010101010101010101010101010101010101010101010101010
01010101010101010101010101010101010101010101010101010101010101010101010101010101010101010101
10101010101010101010101010101010101010101010101010101010101010101010101010101010101010101010
01010101010101010101010101010101010101010101010101010101010101010101010101010101010101010101
10101010101010101010101010101010101010101010101010101010101010101010101010101010101010101010
01010101010101010101010101010101010101010101010101010101010101010101010101010101010101010101
10101010101010101000000000001000000000000010000000000010101000000010100010001010101010101010
01010101010101010001010101010101010101010101010101010101010101010101010101000101010101010101
10101010101010101010101010101010101010101010101010101010101010101010101010101010101010101010
01010101010101010001010101010101010101010101010101010101010101010101010101010101010101010101
10101010101010101010101010101010101010101010101010101010101010101010101010101010101010101010
01010101010101010001010101010101010101010101010101010101010101010101010101000101010101010101
10101010101010101010101010101010101010101010101010101010101010101010101010101010101010101010
01010101010101010001010101010101010101010101010101010101010101010101010101000101010101010101
10101010101010101010101010101010101010101010101010101010101010101010101010101010101010101010
01010101010101010101010101010101010101010101010101010101010101010101010101000101010101010101
10101010101010101010101010101010101010101010101010101010101010101010101010101010101010101010
01010101010101010001010101010101010101010101010101010101010101010101010101000101010101010101
10101010101010101010101010101010101010101010101010101010101010101010101010101010101010101010
01010101010101010001010101010101010101010101010101010101010101010101010101000101010101010101
10101010101010101010101010101010101010101010101010101010101010101010101010101010101010101010
01010101010101010101010101010101010101010101010101010101010101010101010101010101010101010101
10101010101010101010101010101010101010101010101010101010101010101010101010101010101010101010
01010101010101010001010101010101010101010101010101010101010101010101010101000101010101010101
10101010101010101010101010101010101010101010101010101010101010101010101010101010101010101010
01010101010101010001010101010101010101010101010101010101010101010101010101010101010101010101
10101010101010101010101010101010101010101010101010101010101010101010101010101010101010101010
01010101010101010001010101010101010101010101010101010101010101010101010101000101010101010101
10101010101010101010101010101010101010101010101010101010101010101010101010101010101010101010
01010101010101010101010101010101010101010101010101010101010101010101010101000101010101010101
10101010101010101010101010101010101010101010101010101010101010101010101010101010101010101010
01010101010101010001010101010101010101010101010101010101010101010101010101000101010101010101
10101010101010101010101010101010101010101010101010101010101010101010101010101010101010101010
01010101010101010101010101010101010101010101010101010101010101010101010101000101010101010101
10101010101010101010101010101010101010101010101010101010101010101010101010101010101010101010
01010101010101010001010101010101010101010101010101010101010101010101010101000101010101010101
10101010101010101010101010101010101010101010101010101010101010101010101010101010101010101010
01010101010101010001010101010101010101010101010101010101010101010101010101010101010101010101
10101010101010101010101010101010101010101010101010101010101010101010101010101010101010101010
01010101010101010101010101010101010101010101010101010101010101010101010101000101010101010101
10101010101010101010101010101010101010101010101010101010101010101010101010101010101010101010
01010101010101010001010101010101010101010101010101010101010101010101010101010101010101010101
10101010101010101010101010101010101010101010101010101010101010101010101010101010101010101010
01010101010101010001010101010101010101010101010101010101010101010101010101010101010101010101
10101010101010101010101010101010101010101010101010101010101010101010101010101010101010101010
01010101010101010001010101010101010101010101010101010101010101010101010101000101010101010101
10101010101010101010101010101010101010101010101010101010101010101010101010101010101010101010
01010101010101010001010101010101010101010101010101010101010101010101010101000101010101010101
10101010101010101010101010101010101010101010101010101010101010101010101010101010101010101010
01010101010101010001010101010101010101010101010101010101010101010101010101000101010101010101
10101010101010101010101010101010101010101010101010101010101010101010101010101010101010101010
01010101010101010101010101010101010101010101010101010101010101010101010101000101010101010101
10101010101010101010101010101010101010101010101010101010101010101010101010101010101010101010
01010101010101010001010101010101010101010101010101010101010101010101010101010101010101010101
10101010101010101010101010101010101010101010101010101010101010101010101010101010101010101010
01010101010101010001010101010101010101010101010101010101010101010101010101000101010101010101
10101010101010101010101010101010101010101010101010101010101010101010101010101010101010101010
01010101010101010001010101010101010101010101010101010101010101010101010101010101010101010101
10101010101010101010101010101010101010101010101010101010101010101010101010101010101010101010
01010101010101010101010101010101010101010101010101010101010101010101010101010101010101010101
00101010101010101010101010101010101010101010101010101010101010101010101010101010101010101010
01010101010101010101010101010101010101010101010101010101010101010101010101000101010101010101
10101010101010101010101010101010101010101010101010101010101010101010101010101010101010101010
01010101010101010001010101010101010101010101010101010101010101010101010101010101010101010101
10101010101010101000000010000010100000000000000000001000000000001000000000001010101010101010
01010101010101010101010101010101010101010101010101010101010101010101010101010101010101010101
10101010101010101010101010101010101010101010101010101010101010101010101010101010101010101010
01010101010101010101010101010101010101010101010101010101010101010101010101010101010101010101
10101010101010101010101010101010101010101010101010101010101010101010101010101010101010101010
01010101010101010101010101010101010101010101010101010101010101010101010101010101010101010101
10101010101010101010101010101010101010101010101010101010101010101010101010101010101010101010
01010101010101010101010101010101010101010101010101010101010101010101010101010101010101010101
10101010101010101010101010101010101010101010101010101010101010101010101010101010101010101010
01010101010101010101010101010101010101010101010101010101010101010101010101010101010101010101
10101010101010101010101010101010101010101010101010101010101010101010101010101010101010101010
01010101010101010101010101010101010101010101010101010101010101010101010101010101010101010101
10101010101010101010101010101010101010101010101010101010101010101010101010101010101010101010
01010101010101010101010101010101010101010101010101010101010101010101010101010101010101010101
10101010101010101010101010101010101010101010101010101010101010101010101010101010101010101010
01010101010101010101010101010101010101010101010101010101010101010101010101010101010101010101
10101010101010101010101010101010101010101010101010101010101010101010101010101010101010101010
01010101010101010101010101010101010101010101010101010101010101010101010101010101010101010101
