95 92
10101010101010001010101010101010101010101010101010101010101010101010101010101010101010101010
01010101010101010101010101010101010101010101010101010101010101010101010101010101010101010101
10101010101010101010101010101010101010101010101010101010101010101010101010101010101010101010
01010101010101010101010101010101010101010101010101010101010101010101010101010101010101010101
10101010101010101010101010101010101010101010101010101010101010101010101010101010101010101010
01010101010101010101010101010101010101010101010101010101010101010101010101010101010101010101
10101010101010101010101010101010101010101010101010101010101010101010101010101010101010101010
01010101010101010101010101010101010101010101010101010101010101010101010101010101010101010101
10101010101010101010101010101010101010101010101010101010101010101010101010101010101010101010
01010101010101010101010101010101010101010101010101010101010101010101010101010101010101010101
10101010101010101010101010101010101010101010101010101010101010101010101010101010101010101010
01010101010101010101010101010101010101010101010101010101010101010101010101010101010101010101
10101010101010101010101010101010101010101010101010101010101010101010101010101010101010101010
01010101010101010101010101010101010101010101010101010101010101010101010101010101010101010101
10101010101010101010101010101010101010101010101010101010101010101010101010101010101010101010
01010101010101010101010101010101010101010101010101010101010101010101010101010101010101010101
10101010101010101010101010101010101010101010101010101010101010101010101010101010101010101010
01010101010101010101010101010101010101010101010101010101010101010101010101010101010101010101
10101010101010101010101010101010101010101010101010101010101010101010101010101010101010101010
01010101010101010101010101010101010101010101010101010101010101010101010101010101010101010101
10101010101010101010101010101010101010101010101010101010101010101010101010101010101010101010
01010101010101010101000000000000000000000001010100000101000000000000000101010101010101010101
10101010101010101010001010101010101010101010101010101010101010101010101000101010101010101010
01010101010101010101010101010101010101010101010101010101010101010101010101010101010101010101
10101010101010101010001010101010101010101010101010101010101010101010101000101010101010101010
01010101010101010101010101010101010101010101010101010101010101010101010101010101010101010101
10101010101010101010001010101010101010101010101010101010101010101010101000101010101010101010
01010101010101010101010101010101010101010101010101010101010101010101010101010101010101010101
10101010101010101010101010101010101010101010101010101010101010101010101000101010101010101010
01010101010101010101010101010101010101010101010101010101010101010101010101010101010101010101
10101010101010101010001010101010101010101010101010101010101010101010101000101010101010101010
01010101010101010101010101010101010101010101010101010101010101010101010101010101010101010101
10101010101010101010001010101010101010101010101010101010101010101010101000101010101010101010
01010101010101010101010101010101010101010101010101010101010101010101010101010101010101010101
10101010101010101010001010101010101010101010101010101010101010101010101000101010101010101010
01010101010101010101010101010101010101010101010101010101010101010101010101010101010101010101
10101010101010101010001010101010101010101010101010101010101010101010101000101010101010101010
01010101010101010101010101010101010101010101010101010101010101010101010101010101010101010101
10101010101010101010101010101010101010101010101010101010101010101010101010101010101010101010
01010101010101010101010101010101010101010101010101010101010101010101010101010101010101010101
10101010101010101010001010101010101010101010101010101010101010101010101010101010101010101010
01010101010101010101010101010101010101010101010101010101010101010101010101010101010101010101
10101010101010101010001010101010101010101010101010101010101010101010101000101010101010101010
01010101010101010101010101010101010101010101010101010101010101010101010101010101010101010101
10101010101010101010001010101010101010101010101010101010101010101010101000101010101010101010
01010101010101010101010101010101010101010101010101010101010101010101010101010101010101010101
10101010101010101010001010101010101010101010101010101010101010101010101010101010101010101010
01010101010101010101010101010101010101010101010101010101010101010101010101010101010101010101
10101010101010101010001010101010101010101010101010101010101010101010101000101010101010101010
01010101010101010101010101010101010101010101010101010101010101010101010101010101010101010101
10101010101010101010001010101010101010101010101010101010101010101010101000101010101010101010
01010101010101010101010101010101010101010101010101010101010101010101010101010101010101010101
10101010101010101010001010101010101010101010101010101010101010101010101000101010101010101010
01010101010101010101010101010101010101010101010101010101010101010101010101010101010101010101
10101010101010101010101010101010101010101010101010101010101010101010101010101010101010101010
01010101010101010101010101010101010101010101010101010101010101010101010101010101010101010101
10101010101010101010101010101010101010101010101010101010101010101010101000101010101010101010
01010101010101010101010101010101010101010101010101010101010101010101010101010101010101010101
10101010101010101010101010101010101010101010101010101010101010101010101000101010101010101010
01010101010101010101010101010101010101010101010101010101010101010101010101010101010101010101
10101010101010101010101010101010101010101010101010101010101010101010101000101010101010101010
01010101010101010101010101010101010101010101010101010101010101010101010101010101010101010101
10101010101010101010001010101010101010101010101010101010101010101010101000101010101010101010
01010101010101010101010101010101010101010101010101010101010101010101010101010101010101010101
10101010101010101010001010101010101010101010101010101010101010101010101010101010101010101010
01010101010101010101010101010101010101010101010101010101010101010101010101010101010101010101
10101010101010101010101010101010101010101010101010101010101010101010101000101010101010101010
01010101010101010101010101010101010101010101010101010101010101010101010101010101010101010101
10101010101010101010101010101010101010101010101010101010101010101010101010101010101010101010
01010101010101010101010101010101010101010101010101010101010101010101010101010101010101010101
10101010101010101010001010101010101010101010101010101010101010101010101000101010101010101010
01010101010101010101010101010101010101010101010101010101010101010101010101010101010101010101
10101010101010101010001010101010101010101010101010101010101010101010101000101010101010101010
01010101010101010101000000000001010001000000000100010000000001000000000101010101010101010101
10101010101010101010101010101010101010101010101010101010101010101010101010101010101010101010
01010101010101010101010101010101010101010101010101010101010101010101010101010101010101010101
10101010101010101010101010101010101010101010101010101010101010101010101010101010101010101010
01010101010101010101010101010101010101010101010101010101010101010101010101010101010101010101
10101010101010101010101010101010101010101010101010101010101010101010101010101010101010101010
01010101010101010101010101010101010101010101010101010101010101010101010101010101010101010101
10101010101010101010101010101010101010101010101010101010101010101010101010101010101010101010
01010101010101010101010101010101010101010101010101010101010101010101010101010101010101010101
10101010101010101010101010101010101010101010101010101010101010101010101010101010101010101010
01010101010101010101010101010101010101010101010101010101010101010101010101010101010101010101
10101010101010101010101010101010101010101010101010101010101010101010101010101010101010101010
01010101010101010101010101010101010101010101010101010101010101010101010101010101010101010101
10101010101010101010101010101010101010101010101010101010101010101010101010101010101010101010
01010101010101010101010101010101010101010101010101010101010101010101010101010101010101010101
10101010101010101010101010101010101010101010101010101010101010101010101010101010101010101010
01010101010101010101010101010101010101010101010101010101010101010101010101010101010101010101
10101010101010101010101010101010101010101010101010101010101010101010101010101010101010101010
01010101010101010101010101010101010101010101010101010101010101010101010101010101010101010101
10101010101010101010101010101010101010101010101010101010101010101010101010101010101010101010
01010101010101010101010101010101010101010101010101010101010101010101010101010101010101010101
10001010101010101010101010101010101010101010101010101010101010101010101010101010101010101010
