13
87 66 38 87 96 94 99 18 12 73 1 99 46 
81 41 87 35 35 63 86 38 54 14 9 80 25 
41 87 73 99 90 82 97 35 85 17 12 71 100 
32 47 81 40 17 71 68 96 10 56 91 50 37 
88 8 36 35 60 21 85 95 90 17 8 2 24 
65 3 81 24 11 81 43 50 68 44 22 84 100 
85 38 60 56 53 4 100 88 33 100 59 67 34 
48 31 83 61 91 87 86 40 35 22 11 6 16 
47 91 88 8 51 43 20 68 13 100 7 6 52 
12 99 13 23 29 25 73 23 61 62 60 50 56 
71 7 18 70 53 61 56 84 23 85 8 12 71 
82 28 20 84 23 40 6 36 27 96 58 81 10 
63 68 86 15 22 60 7 85 44 83 0 20 92 
