1000
2 999
2 998
2 997
2 996
2 995
2 994
2 993
2 992
2 991
2 990
2 989
2 988
2 987
2 986
2 985
2 984
2 983
2 982
2 981
2 980
2 979
2 978
2 977
2 976
2 975
2 974
2 973
2 972
2 971
2 970
2 969
2 968
2 967
2 966
2 965
2 964
2 963
2 962
2 961
2 960
2 959
2 958
2 957
2 956
2 955
2 954
2 953
2 952
2 951
2 950
2 949
2 948
2 947
2 946
2 945
2 944
2 943
2 942
2 941
2 940
2 939
2 938
2 937
2 936
2 935
2 934
2 933
2 932
2 931
2 930
2 929
2 928
2 927
2 926
2 925
2 924
2 923
2 922
2 921
2 920
2 919
2 918
2 917
2 916
2 915
2 914
2 913
2 912
2 911
2 910
2 909
2 908
2 907
2 906
2 905
2 904
2 903
2 902
2 901
2 900
2 899
2 898
2 897
2 896
2 895
2 894
2 893
2 892
2 891
2 890
2 889
2 888
2 887
2 886
2 885
2 884
2 883
2 882
2 881
2 880
2 879
2 878
2 877
2 876
2 875
2 874
2 873
2 872
2 871
2 870
2 869
2 868
2 867
2 866
2 865
2 864
2 863
2 862
2 861
2 860
2 859
2 858
2 857
2 856
2 855
2 854
2 853
2 852
2 851
2 850
2 849
2 848
2 847
2 846
2 845
2 844
2 843
2 842
2 841
2 840
2 839
2 838
2 837
2 836
2 835
2 834
2 833
2 832
2 831
2 830
2 829
2 828
2 827
2 826
2 825
2 824
2 823
2 822
2 821
2 820
2 819
2 818
2 817
2 816
2 815
2 814
2 813
2 812
2 811
2 810
2 809
2 808
2 807
2 806
2 805
2 804
2 803
2 802
2 801
2 800
2 799
2 798
2 797
2 796
2 795
2 794
2 793
2 792
2 791
2 790
2 789
2 788
2 787
2 786
2 785
2 784
2 783
2 782
2 781
2 780
2 779
2 778
2 777
2 776
2 775
2 774
2 773
2 772
2 771
2 770
2 769
2 768
2 767
2 766
2 765
2 764
2 763
2 762
2 761
2 760
2 759
2 758
2 757
2 756
2 755
2 754
2 753
2 752
2 751
2 750
2 749
2 748
2 747
2 746
2 745
2 744
2 743
2 742
2 741
2 740
2 739
2 738
2 737
2 736
2 735
2 734
2 733
2 732
2 731
2 730
2 729
2 728
2 727
2 726
2 725
2 724
2 723
2 722
2 721
2 720
2 719
2 718
2 717
2 716
2 715
2 714
2 713
2 712
2 711
2 710
2 709
2 708
2 707
2 706
2 705
2 704
2 703
2 702
2 701
2 700
2 699
2 698
2 697
2 696
2 695
2 694
2 693
2 692
2 691
2 690
2 689
2 688
2 687
2 686
2 685
2 684
2 683
2 682
2 681
2 680
2 679
2 678
2 677
2 676
2 675
2 674
2 673
2 672
2 671
2 670
2 669
2 668
2 667
2 666
2 665
2 664
2 663
2 662
2 661
2 660
2 659
2 658
2 657
2 656
2 655
2 654
2 653
2 652
2 651
2 650
2 649
2 648
2 647
2 646
2 645
2 644
2 643
2 642
2 641
2 640
2 639
2 638
2 637
2 636
2 635
2 634
2 633
2 632
2 631
2 630
2 629
2 628
2 627
2 626
2 625
2 624
2 623
2 622
2 621
2 620
2 619
2 618
2 617
2 616
2 615
2 614
2 613
2 612
2 611
2 610
2 609
2 608
2 607
2 606
2 605
2 604
2 603
2 602
2 601
2 600
2 599
2 598
2 597
2 596
2 595
2 594
2 593
2 592
2 591
2 590
2 589
2 588
2 587
2 586
2 585
2 584
2 583
2 582
2 581
2 580
2 579
2 578
2 577
2 576
2 575
2 574
2 573
2 572
2 571
2 570
2 569
2 568
2 567
2 566
2 565
2 564
2 563
2 562
2 561
2 560
2 559
2 558
2 557
2 556
2 555
2 554
2 553
2 552
2 551
2 550
2 549
2 548
2 547
2 546
2 545
2 544
2 543
2 542
2 541
2 540
2 539
2 538
2 537
2 536
2 535
2 534
2 533
2 532
2 531
2 530
2 529
2 528
2 527
2 526
2 525
2 524
2 523
2 522
2 521
2 520
2 519
2 518
2 517
2 516
2 515
2 514
2 513
2 512
2 511
2 510
2 509
2 508
2 507
2 506
2 505
2 504
2 503
2 502
2 501
2 500
2 499
2 498
2 497
2 496
2 495
2 494
2 493
2 492
2 491
2 490
2 489
2 488
2 487
2 486
2 485
2 484
2 483
2 482
2 481
2 480
2 479
2 478
2 477
2 476
2 475
2 474
2 473
2 472
2 471
2 470
2 469
2 468
2 467
2 466
2 465
2 464
2 463
2 462
2 461
2 460
2 459
2 458
2 457
2 456
2 455
2 454
2 453
2 452
2 451
2 450
2 449
2 448
2 447
2 446
2 445
2 444
2 443
2 442
2 441
2 440
2 439
2 438
2 437
2 436
2 435
2 434
2 433
2 432
2 431
2 430
2 429
2 428
2 427
2 426
2 425
2 424
2 423
2 422
2 421
2 420
2 419
2 418
2 417
2 416
2 415
2 414
2 413
2 412
2 411
2 410
2 409
2 408
2 407
2 406
2 405
2 404
2 403
2 402
2 401
2 400
2 399
2 398
2 397
2 396
2 395
2 394
2 393
2 392
2 391
2 390
2 389
2 388
2 387
2 386
2 385
2 384
2 383
2 382
2 381
2 380
2 379
2 378
2 377
2 376
2 375
2 374
2 373
2 372
2 371
2 370
2 369
2 368
2 367
2 366
2 365
2 364
2 363
2 362
2 361
2 360
2 359
2 358
2 357
2 356
2 355
2 354
2 353
2 352
2 351
2 350
2 349
2 348
2 347
2 346
2 345
2 344
2 343
2 342
2 341
2 340
2 339
2 338
2 337
2 336
2 335
2 334
2 333
2 332
2 331
2 330
2 329
2 328
2 327
2 326
2 325
2 324
2 323
2 322
2 321
2 320
2 319
2 318
2 317
2 316
2 315
2 314
2 313
2 312
2 311
2 310
2 309
2 308
2 307
2 306
2 305
2 304
2 303
2 302
2 301
2 300
2 299
2 298
2 297
2 296
2 295
2 294
2 293
2 292
2 291
2 290
2 289
2 288
2 287
2 286
2 285
2 284
2 283
2 282
2 281
2 280
2 279
2 278
2 277
2 276
2 275
2 274
2 273
2 272
2 271
2 270
2 269
2 268
2 267
2 266
2 265
2 264
2 263
2 262
2 261
2 260
2 259
2 258
2 257
2 256
2 255
2 254
2 253
2 252
2 251
2 250
2 249
2 248
2 247
2 246
2 245
2 244
2 243
2 242
2 241
2 240
2 239
2 238
2 237
2 236
2 235
2 234
2 233
2 232
2 231
2 230
2 229
2 228
2 227
2 226
2 225
2 224
2 223
2 222
2 221
2 220
2 219
2 218
2 217
2 216
2 215
2 214
2 213
2 212
2 211
2 210
2 209
2 208
2 207
2 206
2 205
2 204
2 203
2 202
2 201
2 200
2 199
2 198
2 197
2 196
2 195
2 194
2 193
2 192
2 191
2 190
2 189
2 188
2 187
2 186
2 185
2 184
2 183
2 182
2 181
2 180
2 179
2 178
2 177
2 176
2 175
2 174
2 173
2 172
2 171
2 170
2 169
2 168
2 167
2 166
2 165
2 164
2 163
2 162
2 161
2 160
2 159
2 158
2 157
2 156
2 155
2 154
2 153
2 152
2 151
2 150
2 149
2 148
2 147
2 146
2 145
2 144
2 143
2 142
2 141
2 140
2 139
2 138
2 137
2 136
2 135
2 134
2 133
2 132
2 131
2 130
2 129
2 128
2 127
2 126
2 125
2 124
2 123
2 122
2 121
2 120
2 119
2 118
2 117
2 116
2 115
2 114
2 113
2 112
2 111
2 110
2 109
2 108
2 107
2 106
2 105
2 104
2 103
2 102
2 101
2 100
2 99
2 98
2 97
2 96
2 95
2 94
2 93
2 92
2 91
2 90
2 89
2 88
2 87
2 86
2 85
2 84
2 83
2 82
2 81
2 80
2 79
2 78
2 77
2 76
2 75
2 74
2 73
2 72
2 71
2 70
2 69
2 68
2 67
2 66
2 65
2 64
2 63
2 62
2 61
2 60
2 59
2 58
2 57
2 56
2 55
2 54
2 53
2 52
2 51
2 50
2 49
2 48
2 47
2 46
2 45
2 44
2 43
2 42
2 41
2 40
2 39
2 38
2 37
2 36
2 35
2 34
2 33
2 32
2 31
2 30
2 29
2 28
2 27
2 26
2 25
2 24
2 23
2 22
2 21
2 20
2 19
2 18
2 17
2 16
2 15
2 14
2 13
2 12
2 11
2 10
2 9
2 8
2 7
2 6
2 5
2 4
2 3
2 2
2 1
2 0
