101
45772345 10000000 234659134
566 420338 859
242 199328 724
112 502669 876
189 871351 482
973 28994 547
817 306895 194
18 258587 86
840 380453 570
395 431817 890
482 879466 844
925 672922 549
75 997422 988
876 437714 105
420 615966 312
985 572761 3
852 67073 558
266 241029 149
616 625889 337
120 915294 185
853 270972 243
404 407209 968
621 73895 52
767 49345 949
156 256887 856
477 742239 148
412 298034 628
454 181013 409
994 780946 335
205 249012 16
429 792226 255
987 871532 240
334 878102 155
722 623720 431
110 693633 643
264 645489 531
201 826555 716
312 995421 796
501 665523 491
965 37515 830
972 921734 771
388 861890 48
781 316288 653
659 655578 278
86 325482 241
342 424887 647
769 545198 924
68 89005 954
865 506056 970
171 777958 831
742 455553 670
524 739351 848
416 34578 275
17 649908 642
145 725838 747
869 902248 79
799 753550 349
997 657058 499
29 579508 412
329 678357 267
924 583072 856
993 267417 336
274 744036 178
113 541539 179
884 480367 289
257 929894 558
947 39840 826
761 642390 66
668 318271 926
4 71674 338
361 489718 11
506 175238 307
459 698273 459
359 916880 26
666 89419 179
162 386755 266
975 963765 621
315 329656 677
52 629968 740
308 54285 494
551 929105 393
587 134780 965
889 212377 706
780 512032 676
924 90127 623
493 618949 3
385 345361 239
740 553217 951
903 331724 121
275 165848 829
584 766688 823
833 786342 506
410 398119 579
480 228136 580
797 378789 4
205 273681 585
559 641468 870
296 89470 616
770 939244 905
388 530115 290
760 814394 577
995 119691 106
197 396787 966
325 210454 835
18 922105 818
857 476303 848
374 13433 620
49 63352 122
915 399699 689
232 455366 336
103 663366 851
781 979955 806
945 130288 923
613 944919 344
146 949217 834
460 215393 206
177 69578 572
880 684083 526
834 26336 120
977 111260 734
444 492505 804
89 280940 824
635 275712 67
619 897183 714
508 127577 137
455 192328 679
775 216137 458
504 399623 743
902 694533 689
418 118684 313
235 296265 527
3 736033 966
410 610944 274
937 517036 614
698 457167 833
431 322484 935
383 883392 423
388 185302 364
285 606031 691
512 772894 910
346 448835 648
731 120985 845
145 391609 114
393 517991 775
595 481799 545
806 107422 86
236 922053 459
215 222116 925
742 433014 548
933 730687 261
876 315760 252
505 326013 801
413 815118 418
170 780287 999
879 225841 866
919 293714 930
540 1060 802
907 236775 640
379 728859 28
81 391654 638
969 550818 427
653 299395 683
637 218445 355
547 78137 808
318 832067 764
182 156898 953
444 194416 355
164 331274 332
301 950419 242
408 454643 253
917 88038 620
321 493531 146
969 254849 342
654 661110 500
794 514036 148
877 460997 988
566 933953 137
174 786963 642
528 589994 3
770 295505 276
953 468642 116
104 159760 840
786 213755 760
578 587733 729
815 956912 375
201 207469 697
158 439463 455
543 149398 645
92 576307 490
30 453883 551
169 342859 969
831 862691 961
333 699702 657
487 179090 87
915 16453 67
35 765044 485
949 430034 931
787 448090 792
904 585219 540
191 697395 955
537 569598 631
328 460717 21
931 383404 152
825 94035 797
756 289545 255
45 425960 678
55 683115 343
795 742199 737
439 15194 464
177 413839 786
29 615269 900
933 589491 652
907 292796 983
553 887930 470
731 173568 35
777 927304 297
674 653360 477
818 871689 89
450 442092 588
879 528323 806
15 739182 753
221 951686 578
95 437164 300
482 566272 104
84 208691 841
856 570878 217
645 204085 356
562 395998 617
535 185239 803
514 315051 378
441 59385 662
507 522043 933
871 265464 338
510 145541 5
126 119205 547
952 333808 285
940 352847 511
154 781380 833
325 504435 851
536 435450 16
311 832089 186
729 683973 625
387 863237 603
587 648631 402
468 849933 996
141 347447 937
765 101571 733
10 16235 489
26 718060 917
613 847777 175
877 462365 533
892 385200 811
429 703675 786
79 853839 964
499 343928 808
588 396563 162
824 723415 331
152 553495 91
46 498258 934
302 960868 779
73 706204 548
823 197843 536
304 499849 262
435 547041 602
99 640680 502
272 216756 367
444 625641 582
206 862873 487
23 572809 875
431 108838 498
390 536713 591
319 755229 522
794 69330 850
198 558914 590
890 402377 580
694 408104 827
266 912637 143
432 486187 606
837 357262 779
515 166660 488
926 42737 280
128 976187 780
700 432045 74
126 565365 511
716 11900 426
408 299626 30
112 348430 44
529 388354 935
674 467628 373
218 471301 56
977 819016 524
505 840146 499
324 429574 474
882 52156 670
638 242671 144
628 154833 498
31 376030 650
883 147630 99
966 936036 547
670 221880 731
770 405607 754
531 805430 283
428 291789 246
190 56636 656
14 989734 896
405 265833 442
468 504296 313
295 193716 180
696 81616 554
695 767651 419
784 753262 359
859 331338 685
441 597239 538
859 862998 562
321 986018 509
704 804782 212
525 534096 149
212 443954 175
59 689072 325
516 717060 925
269 243210 99
352 934282 787
938 289530 868
501 804950 256
817 620120 30
560 349302 762
474 77036 379
64 368492 363
495 230427 704
566 177054 20
915 786841 250
6 842102 797
213 635542 194
312 283877 877
5 234629 267
22 835401 522
616 434245 653
622 297528 271
691 643726 300
507 721898 669
919 785702 496
900 170965 897
334 555318 927
933 103652 671
657 429540 58
256 879913 3
282 462299 655
326 730036 670
771 468627 71
702 457355 878
852 557383 733
587 698722 337
761 430166 536
303 818048 287
69 236091 722
697 17024 485
846 370736 805
430 76221 370
736 245252 304
52 851714 138
332 40906 972
496 309544 777
653 617632 15
453 45441 920
650 375042 881
833 972521 46
82 783325 869
518 727875 926
757 821929 342
577 412423 494
769 498524 57
527 99705 454
862 281854 381
721 190880 139
105 482303 202
961 717612 241
674 665738 594
721 164263 414
267 902025 842
271 858340 99
634 341983 950
290 525985 693
394 98016 117
609 790003 79
815 986626 598
276 263835 887
151 188120 858
579 28735 573
468 602444 530
766 735476 633
237 442755 520
226 908819 971
402 722629 157
803 315242 847
684 571108 679
828 44419 788
645 64657 145
359 315334 635
8 309091 33
209 511036 378
113 149979 74
449 634566 855
554 949671 113
629 824819 648
215 655154 757
535 837772 821
608 706213 171
493 47850 394
608 510057 293
610 619001 937
99 49457 916
394 597530 160
560 8778 184
591 851629 256
981 408750 91
277 588195 763
614 448845 93
925 678501 246
605 878161 64
709 783078 859
511 64389 75
547 345255 267
684 818103 897
552 484755 212
577 268881 348
570 729915 533
653 493094 597
527 942187 541
25 473066 952
358 771909 568
521 136268 505
452 102487 91
874 993712 850
872 253628 428
537 81272 14
167 785545 318
437 818811 317
423 637642 199
241 852171 82
405 609626 330
590 244845 691
231 912707 538
744 351985 239
131 246069 973
262 651751 811
423 651691 278
297 540488 35
112 831211 703
856 931203 717
361 734534 352
494 241881 144
731 613670 637
562 333841 451
456 439372 566
671 972982 566
322 165093 414
746 751074 29
830 854954 967
344 932542 638
524 732519 774
885 697070 913
498 817467 845
753 542324 799
435 560455 982
744 506571 562
930 824909 615
851 180560 321
571 260814 484
751 514158 891
167 632116 105
296 998423 453
905 558824 454
768 230577 716
847 479584 13
306 960121 688
495 993043 107
715 781767 511
808 159206 548
419 497258 92
465 397593 918
754 126204 57
146 370044 521
520 418076 915
363 244754 152
980 816197 810
876 67266 402
684 962201 928
155 176028 331
816 318744 72
573 757376 109
682 141525 189
371 299814 534
585 161594 276
652 942853 546
225 757847 192
172 83792 669
947 420122 993
165 169331 145
269 737892 610
350 920180 118
147 310652 453
255 378444 952
955 676343 66
527 691953 374
303 905850 686
672 519461 988
31 727502 658
76 918165 585
162 237814 605
970 622829 937
813 236214 175
515 306505 127
38 304479 592
296 788764 396
27 748665 214
404 791198 605
885 744976 446
897 793999 225
99 293695 647
0 384383 925
705 199552 740
740 269822 748
733 75245 148
198 419096 320
751 619693 933
899 654535 827
849 966555 728
506 11976 475
217 44059 818
567 373441 76
204 446748 474
90 823826 146
377 605877 115
875 949504 728
288 870426 967
133 446145 900
375 787389 310
874 997793 914
305 210892 56
44 991771 886
113 187007 51
339 306844 389
336 667634 960
270 717738 755
953 314782 690
281 460057 949
999 778690 889
729 758496 147
165 181824 791
308 700260 64
184 928523 653
133 297603 356
351 699284 687
227 990560 499
705 392026 935
712 756016 85
274 152541 414
516 474609 925
927 305287 215
109 825110 426
809 266199 599
582 789413 794
712 203735 521
458 422556 448
964 625541 130
921 933795 1000
258 18295 470
914 899161 47
177 470042 686
575 645659 71
655 670177 308
146 74823 937
341 124585 452
543 491158 929
235 654920 888
564 931705 929
258 583994 612
21 118908 479
60 256321 808
294 42766 885
473 16512 419
606 382363 525
97 280870 142
159 63760 991
706 201851 958
879 283480 808
944 453319 480
201 866847 237
311 169440 889
986 940795 153
151 864010 230
479 143922 250
490 552484 791
110 35044 13
486 108584 375
196 557801 855
191 423476 893
988 435444 915
719 10697 154
388 769383 30
919 626783 304
848 959762 568
749 68371 352
706 918908 123
886 873913 50
419 471302 661
150 14603 167
60 389448 479
229 117118 506
892 765926 616
475 132853 851
130 930751 876
227 966934 45
986 952246 794
886 218045 575
12 471550 397
736 169290 987
499 278099 946
939 323698 232
528 198489 635
284 407818 173
995 606437 902
606 685815 111
943 729763 378
544 946981 741
501 993758 775
863 464152 675
126 461618 152
112 881641 939
375 74202 197
415 191504 863
402 415821 271
826 8710 45
722 202433 341
395 71611 645
629 166238 279
53 586480 726
3 558434 765
108 516334 771
251 672632 939
659 497286 414
722 667347 314
151 562703 915
347 99819 133
612 579112 524
349 37473 632
491 60483 681
951 950294 346
424 141761 602
841 869559 15
318 770865 153
136 88466 590
882 933227 717
432 40505 643
766 766917 966
658 484611 947
770 71883 683
560 814602 450
818 776421 76
147 756685 79
542 710119 943
84 985445 146
979 357713 707
131 838108 391
139 445047 181
177 401625 156
542 49160 159
396 349649 695
413 741899 5
534 79336 499
529 882892 438
454 503546 544
854 885752 266
793 355032 859
634 903416 914
135 617963 621
577 227192 851
299 781232 381
740 581744 451
565 569939 813
770 737551 18
611 718627 943
849 265644 724
45 764928 870
57 139342 615
388 827593 923
495 56657 665
606 451069 793
484 127507 745
545 912249 737
969 754496 248
238 456310 327
65 447118 721
821 820174 643
937 759446 62
79 676503 218
115 843143 372
147 350916 606
279 73406 380
67 892605 112
803 147911 49
458 376416 201
224 790181 673
818 745105 235
638 21895 885
840 626466 863
111 715662 775
760 943801 258
838 113443 162
143 842337 960
354 8512 144
772 41056 976
787 653071 842
470 251694 488
444 981985 939
856 346649 693
30 747966 600
159 567922 370
50 457501 847
599 812365 458
516 892296 944
168 966997 661
573 310610 878
453 964423 539
28 458970 230
993 745014 147
705 99951 568
76 211890 781
25 188470 672
518 609512 110
837 919861 310
279 109191 727
324 940379 663
420 807705 286
394 867228 746
319 400850 654
349 223221 984
49 544758 266
410 763233 442
568 926578 915
876 268261 736
891 395226 867
945 20596 284
817 714840 216
506 662857 72
32 660776 233
152 796963 308
743 843029 731
286 809026 48
243 877336 686
76 825041 914
277 892351 186
212 722817 187
592 924768 579
528 560118 667
926 75580 315
546 940134 566
713 442217 693
588 535599 133
282 365778 313
158 544629 523
130 502241 919
587 67164 468
249 204121 187
346 583293 292
270 746861 247
629 696188 693
760 614946 147
840 385360 164
61 438646 337
999 13048 876
980 806160 416
938 550166 989
256 129962 175
14 750932 661
274 583115 117
972 619569 96
863 903516 594
164 290780 858
463 154091 108
575 700573 973
341 387305 654
610 967990 35
108 155504 925
435 553762 272
435 997111 171
372 821502 333
871 974961 205
498 913192 969
795 109659 896
784 675887 930
183 700301 249
816 53342 759
777 119558 110
38 697076 888
771 272729 595
500 868767 21
61 583167 656
912 812338 316
774 672182 763
483 982066 921
971 902488 672
987 635153 51
498 213040 539
36 645805 479
653 252234 540
953 785578 330
43 278325 466
246 453995 693
482 703179 810
812 746759 129
348 70486 404
913 128784 32
358 744923 135
79 648192 144
388 206927 325
563 897949 890
767 661199 450
286 616369 608
576 238371 713
530 228854 816
756 460840 949
380 583438 395
597 418216 227
318 934459 603
205 317541 588
845 694485 119
216 300979 506
686 917040 578
49 721528 162
616 704082 180
820 997973 254
161 65220 639
325 796270 198
125 2715 958
701 168338 15
947 69947 906
202 483356 191
44 163720 612
355 73542 254
404 175046 33
362 548658 952
568 151352 180
309 273488 650
582 127960 521
401 612911 67
302 580610 941
241 792347 739
487 846320 620
113 659829 754
88 669450 243
411 832242 296
51 565951 626
818 724887 621
354 773998 234
665 362909 91
0 485952 672
113 717895 87
798 647404 226
535 165457 926
69 176477 327
693 582478 493
503 812948 619
187 158361 75
277 264826 592
124 245603 166
801 692029 604
247 83797 527
216 165488 109
725 60266 940
462 377667 94
767 882463 673
541 869756 675
930 694469 916
46 194133 582
837 334996 329
130 60529 377
780 669613 467
486 433337 891
619 798118 225
617 67943 932
447 1424 751
240 908601 999
821 113630 364
239 431441 60
904 646551 262
575 216440 415
861 18388 884
212 83921 970
154 707949 167
832 846972 790
257 633376 318
78 423566 278
655 602174 455
729 533589 732
990 860009 385
747 789013 946
821 641722 158
48 482513 11
871 761783 711
152 103449 68
749 735527 174
270 372853 627
166 259408 121
762 703289 572
563 160754 430
998 267802 426
998 717535 381
369 617043 178
10 608998 430
232 827587 226
303 251216 543
878 810010 187
201 960031 435
843 464804 659
331 830214 281
36 160409 918
641 486207 799
803 332761 174
984 509286 856
318 182588 894
933 440656 220
20 287450 908
488 362572 596
411 762923 78
801 232398 931
836 213784 381
175 950208 44
2 424038 758
322 641487 84
536 356712 216
387 395292 159
830 882975 904
501 777329 859
424 547839 330
764 399324 198
193 918929 63
595 733279 46
319 468186 314
439 774253 195
380 816177 142
808 140662 128
529 337703 941
901 319244 154
709 897838 636
257 75325 130
638 672166 17
544 120301 364
148 916061 141
359 19857 736
687 998082 10
162 600863 457
701 314303 230
8 834597 463
577 666226 190
912 901507 126
29 627286 15
199 940557 884
762 154436 197
514 416873 619
992 534280 975
986 167384 180
577 500294 273
686 567940 412
89 331337 878
914 969483 538
768 754308 585
104 137782 705
972 838088 882
311 963436 146
44 594233 366
382 748926 615
505 4735 129
93 989824 814
758 491149 800
850 310430 227
66 734869 422
952 152603 488
8 67917 884
141 512821 881
50 689731 810
93 539126 158
769 540651 691
851 699002 341
759 89540 156
893 573974 942
857 383813 765
794 689268 729
158 777519 20
121 209683 353
830 609574 575
608 388543 375
179 62243 433
626 407523 13
126 302053 250
739 253970 968
537 103930 392
621 611430 335
38 297070 43
57 950979 650
254 860302 151
