100
1484418794 787585177 305619715
372652300 350343489 1851448392
597388648 95880458 2072298807
1157920789 397521006 216362025
898121933 1065302531 1199976980
1276480614 872995331 11669522
1683200089 654615492 1840301785
1304954943 1797859647 521605187
435019087 238964877 1563478726
79056864 533173093 1309816572
43320044 1573847198 240451356
1880041865 503773106 2137972861
349361777 1581037111 384069401
2021838202 274296679 644647686
1073598238 196396440 1697824765
283670003 16522692 376039127
2043698738 1598055681 1214710026
1658875700 1231126536 20473392
1279966959 57523378 604568448
769042301 1065237878 1960594769
1387480724 1855026923 1099498140
1709817614 1955362634 1251820154
1864971361 568643564 202785698
1616549927 427399368 1013669355
1373503894 1524901365 1236768206
1011377928 47359789 1371322852
1470706035 594676038 3852900
1084047857 2023952825 1378321061
927637817 1700973599 1294892192
1664037154 1717174702 1914472046
323967014 1060410048 1975148997
557432539 1131031115 1162233215
976017275 1507320681 2110396690
108267356 385358033 842039832
1321658999 848082522 362707912
1042761957 1871381629 1945915513
691271261 939001299 1232694564
415888310 1934892690 822388450
573819498 112582164 12069482
415447567 1983930959 410480019
325906399 130805085 676338391
572203056 816375029 1560743628
1260681723 2055246830 1212293035
1526402137 1813358017 133727949
1808029184 322597895 1681417256
1845679818 723967479 233960406
1445206829 439124456 1294118285
999709123 509137108 235775527
958945987 1588761553 474295067
1684504964 150346649 1003859968
1508667391 794980866 1473103375
2107694157 942441862 1844180385
88789029 1526032059 1705243052
1983162974 1104695258 759348554
104323698 1397640764 1522989873
1156869623 289015256 870956859
1543710758 1778394821 204397023
674560856 1030409405 378779060
1748196483 215556246 1908637427
434309313 1745040329 555248885
1297118408 1897278959 345941425
1712078450 1510507582 1146573630
1720752181 84087568 1332486997
369149611 1775538523 452888783
66807819 1374352953 1113372450
1733385644 1313605728 182087656
389533576 2069721002 1807702615
1410195893 173490318 695319753
584602605 1156323747 49614901
281568006 1999735586 1423050162
815391866 1151639652 1695757817
1560327135 1287848799 747688675
984164975 782979629 1093161702
1539078272 1155063428 1260727964
2023905547 1031417662 632776764
1815066409 1085291473 350074141
1251966352 711490007 1100857656
1836705818 401044615 802628774
860442430 993969720 3621662
77301139 344583140 125267319
1568571218 599493281 1261780266
686300116 25845545 638665168
851806480 621555538 339458208
1901648157 1067431318 2020877809
1969029556 2036244107 2096711868
608411054 2014859370 1095565338
1264478337 2127516812 1846368961
1796901831 1708645095 1700472971
403142327 1125642133 1404110318
217585576 844339789 1436416388
215871380 1350713318 1924553603
1021024145 922828250 2042552133
1845620824 1958991807 17970881
597316546 2068590286 589031438
1134739525 1938168672 1254395109
1638471291 734355564 133616671
103424155 947835145 1452490034
436354044 1893834736 376219064
1666325655 1880961274 497770728
898384517 574252190 1610199321
