25 25 15
397
19 39
1 44
19 48
4 47
20 45
25 48
25 35
16 41
5 46
12 46
16 35
20 36
15 39
21 50
16 44
24 41
17 45
11 28
24 46
5 34
24 49
13 26
7 45
25 29
7 38
12 45
8 45
5 26
23 40
4 31
19 43
16 29
8 32
8 43
11 49
3 49
8 31
22 48
21 42
8 39
25 31
17 28
3 36
2 42
19 47
19 44
21 44
20 37
5 43
9 34
1 35
3 44
12 32
5 45
23 29
6 28
14 39
13 35
20 50
3 34
2 34
18 47
25 37
16 43
22 27
23 34
10 36
21 30
20 26
17 44
11 37
6 35
13 45
20 49
14 35
6 31
4 50
19 40
20 47
1 34
22 31
10 28
11 29
14 46
15 30
23 36
13 37
23 46
8 33
24 30
14 48
7 39
5 29
9 36
9 38
6 39
16 39
14 41
4 41
11 27
23 47
11 30
25 36
10 39
9 45
9 37
22 46
3 30
14 37
13 38
18 30
21 38
19 46
2 43
17 26
16 28
1 42
12 34
17 49
14 32
17 27
23 42
20 33
16 34
24 28
25 40
15 32
2 32
4 45
12 26
6 33
19 33
21 40
25 39
22 41
15 44
24 36
20 43
24 32
25 47
3 38
25 43
20 27
25 46
15 34
4 48
14 36
14 42
17 39
20 38
1 30
15 31
15 38
18 39
19 28
18 43
9 41
16 42
9 39
9 43
24 38
25 28
8 29
23 30
9 42
5 32
6 40
13 44
25 50
19 37
25 41
21 34
4 29
23 50
2 46
17 35
22 36
6 41
22 33
11 43
13 27
6 27
5 49
17 31
13 50
4 43
1 37
6 44
14 27
17 36
12 38
19 41
13 29
10 30
12 43
3 37
11 39
8 27
18 27
15 47
18 36
14 38
10 37
1 47
16 37
12 37
7 31
20 29
8 37
2 36
22 40
3 46
25 42
2 41
2 30
24 39
15 49
13 40
14 43
24 50
25 34
5 33
24 44
8 42
15 37
4 38
9 33
6 36
7 48
16 26
14 30
17 38
10 31
22 35
4 26
21 36
11 26
7 32
7 50
9 50
24 45
24 43
13 30
3 50
1 45
11 50
3 39
15 35
7 49
24 47
7 28
13 48
4 35
19 29
1 46
11 38
9 40
14 47
15 36
17 43
12 31
19 26
14 44
20 44
9 32
25 45
7 44
18 41
20 40
12 48
21 32
7 46
10 49
14 45
19 35
20 46
12 27
1 31
18 46
3 40
22 30
8 46
6 34
8 50
25 27
13 42
4 32
12 47
8 41
20 48
4 44
3 29
23 31
22 42
4 42
18 34
22 49
9 44
21 39
11 40
12 41
4 36
14 40
23 39
6 46
25 33
1 43
22 37
13 31
8 48
14 33
17 41
22 26
5 35
24 40
9 46
6 26
5 42
9 30
21 45
1 50
11 44
7 34
23 37
7 42
2 50
10 26
11 48
17 40
1 48
3 28
22 39
2 45
17 30
11 45
5 40
21 41
21 29
20 39
19 32
18 45
6 48
14 26
10 47
5 31
18 29
11 41
24 48
5 50
24 42
1 40
23 28
23 43
23 49
4 28
11 32
23 45
12 36
8 40
10 41
15 29
3 47
1 49
23 48
1 41
19 36
7 26
10 33
3 35
6 29
7 43
11 36
5 27
18 48
3 27
15 27
24 37
20 35
2 33
6 37
18 38
17 50
15 40
6 43
12 39
12 28
2 31
9 29
19 50
18 49
15 48
17 37
21 35
13 49
19 34
18 35
4 27
0

