100 100 41
7281
28 168
45 156
13 140
34 141
33 181
35 157
30 121
7 106
45 126
76 129
53 101
74 132
63 175
10 195
64 111
76 180
73 139
38 124
86 199
50 143
47 175
89 117
22 111
53 129
61 198
18 184
21 190
82 189
22 188
38 195
98 114
54 119
17 104
87 159
72 183
32 174
64 132
48 193
57 176
81 117
19 157
5 199
67 165
70 161
3 127
68 140
21 149
8 130
26 113
89 159
64 189
15 143
60 130
97 195
62 180
55 127
41 153
12 185
39 132
100 117
49 116
57 108
80 116
80 134
7 151
97 156
68 138
48 143
41 143
32 196
79 156
62 199
83 140
28 172
56 190
83 182
9 139
38 103
87 104
38 134
94 146
89 183
69 183
81 140
87 122
47 115
25 195
22 116
61 109
54 192
27 153
54 172
67 192
84 124
94 112
45 127
63 147
8 123
86 103
48 179
91 198
21 169
3 114
5 127
51 129
40 180
11 175
37 156
23 111
72 177
96 136
56 122
55 160
45 157
53 118
98 132
18 176
94 192
18 165
18 108
100 125
2 117
90 181
81 155
8 172
98 162
5 160
75 188
35 193
84 131
84 130
4 133
76 149
16 104
77 148
6 102
66 168
77 143
54 124
71 193
76 115
86 179
46 191
11 162
9 104
92 169
49 114
87 119
9 181
73 105
22 198
4 120
68 155
31 159
58 105
88 181
82 122
49 130
79 166
7 104
91 124
14 189
8 189
24 192
47 143
36 111
35 108
34 160
12 102
61 141
50 125
62 143
68 105
10 197
57 120
98 168
72 109
65 102
51 112
94 151
63 113
25 115
85 195
87 181
69 175
65 171
98 195
17 135
66 185
42 115
16 126
75 128
30 199
83 134
40 146
41 181
52 139
52 143
53 120
72 150
100 187
71 147
47 135
43 200
5 101
57 147
47 188
66 101
32 126
97 162
16 133
77 113
61 172
15 116
56 102
63 166
87 115
49 191
64 148
73 109
40 165
18 182
45 142
60 142
35 194
95 115
65 173
45 144
100 140
97 157
4 123
94 128
81 114
71 123
26 114
4 160
5 164
21 140
45 165
7 110
22 166
83 170
9 143
70 118
73 172
50 177
95 139
78 187
99 154
10 188
70 146
89 146
57 169
7 155
65 175
37 132
92 171
76 127
11 179
60 140
30 151
5 113
41 172
11 191
61 113
70 133
3 197
97 136
6 175
3 113
67 137
79 164
66 193
51 141
67 118
82 147
67 116
79 193
19 128
94 120
24 118
69 105
36 127
55 176
39 116
28 149
36 174
89 102
53 110
75 173
92 199
2 112
42 139
70 136
63 189
75 170
43 164
56 170
97 198
11 154
9 178
51 105
40 129
60 144
54 186
76 164
52 186
59 128
53 143
48 120
25 116
27 144
28 160
50 134
84 154
97 109
84 123
34 199
18 131
76 175
96 156
25 153
47 152
43 127
7 186
30 172
2 143
99 183
53 109
48 129
52 148
2 174
66 145
74 196
58 200
22 155
42 133
94 106
49 109
35 127
95 112
72 194
2 187
90 121
53 152
34 151
65 170
91 174
82 156
55 178
9 174
3 121
16 192
85 139
47 121
10 154
73 127
43 124
23 134
74 144
92 139
97 190
50 176
36 160
84 102
72 115
94 162
36 121
55 198
93 196
95 169
62 148
85 122
66 134
27 137
40 177
52 161
98 153
7 127
25 120
26 154
18 156
6 104
39 189
79 121
82 183
68 161
8 125
31 187
46 120
55 136
72 181
57 144
49 185
20 165
81 139
38 102
97 106
35 164
7 102
57 140
36 156
11 193
46 147
39 127
95 135
79 138
32 198
38 126
93 179
56 177
86 116
20 196
14 117
12 193
60 116
87 189
67 130
24 138
78 179
53 168
94 161
30 180
43 151
27 160
8 183
53 199
99 193
96 196
72 151
55 105
98 171
57 101
27 192
60 102
49 101
10 182
58 179
63 104
58 162
7 128
100 194
66 132
80 184
72 195
96 164
31 107
27 176
62 177
23 187
89 126
30 183
8 151
68 160
100 153
94 170
37 164
63 118
33 160
20 118
88 175
70 142
23 102
38 151
61 143
97 183
15 104
61 137
84 197
91 125
37 118
10 143
42 136
90 105
12 130
81 160
99 188
70 147
59 144
25 168
43 143
62 134
74 180
91 129
99 195
37 188
70 105
87 187
7 137
70 172
99 126
21 109
49 115
46 148
7 187
78 159
93 119
22 189
20 116
69 169
40 136
73 147
72 104
100 188
39 175
20 108
71 132
51 148
23 103
12 164
65 192
12 116
55 158
24 194
41 130
78 197
100 139
48 122
2 101
22 132
30 134
21 105
89 151
48 181
46 121
59 172
55 159
42 193
88 103
25 144
56 121
65 123
53 183
86 131
43 160
66 113
26 155
14 148
34 117
96 145
21 196
38 116
26 196
8 129
31 158
91 189
70 109
2 118
23 123
71 135
50 190
83 158
68 126
24 129
20 104
76 146
61 104
32 197
46 153
6 187
18 197
75 105
94 185
53 156
69 149
17 122
58 122
46 172
80 158
72 186
56 138
63 155
94 167
54 171
47 172
47 191
27 136
14 186
12 124
99 184
18 105
48 159
12 119
78 102
66 106
44 146
54 157
99 113
88 127
13 110
81 143
78 199
51 161
87 164
69 186
59 180
75 136
54 180
29 185
42 187
31 126
72 155
61 163
57 133
77 122
69 177
44 141
63 172
96 183
21 131
83 171
84 162
93 194
7 148
29 157
49 125
6 181
98 159
49 189
58 155
10 176
69 163
80 139
48 114
71 108
40 167
26 150
45 197
35 109
91 157
18 126
36 148
26 186
87 160
30 194
76 158
86 176
24 184
86 160
47 134
63 119
54 123
27 152
12 103
100 134
94 137
84 159
90 164
59 139
6 133
36 155
26 175
54 154
68 115
87 166
95 181
25 185
70 149
19 113
60 189
47 126
13 130
20 156
66 194
7 167
53 161
35 171
84 156
12 145
36 153
8 160
16 173
32 167
94 110
10 125
62 181
61 161
98 154
46 111
80 169
77 128
73 144
77 196
62 187
6 182
17 153
84 141
92 153
53 105
88 188
20 200
73 115
58 156
18 161
53 171
15 125
29 153
65 185
37 187
7 192
84 164
71 177
100 120
59 101
6 194
86 197
47 112
99 189
69 188
44 184
72 138
76 116
93 167
88 198
24 182
2 110
100 165
73 113
51 164
77 136
36 168
70 195
78 183
8 113
91 188
11 184
7 111
16 142
27 172
76 157
12 169
11 167
53 195
96 119
62 198
28 130
62 149
74 108
32 183
29 141
20 151
11 200
62 146
88 152
78 157
83 152
48 192
92 161
85 184
76 131
40 145
38 170
92 181
63 154
16 169
90 199
87 141
65 137
17 176
55 130
86 163
29 103
46 107
67 104
49 127
83 155
32 145
92 108
76 179
55 168
79 162
46 143
80 119
96 153
82 197
18 137
73 103
74 138
62 108
33 177
28 108
84 140
40 139
37 142
81 161
97 179
79 174
42 121
92 109
81 157
91 164
67 180
59 192
47 200
26 111
60 200
79 165
37 150
93 199
91 103
39 143
8 141
23 138
26 191
81 153
18 134
63 185
68 183
15 164
54 136
37 191
84 150
82 129
45 118
57 145
61 194
43 111
57 200
92 127
35 183
71 125
97 135
98 170
48 172
75 134
36 196
34 128
18 162
1 122
84 199
90 172
20 192
88 194
86 194
56 116
96 103
20 150
86 135
90 143
80 179
32 187
9 188
56 179
88 176
65 178
59 151
37 185
12 114
60 101
47 185
21 144
79 130
75 192
85 150
26 146
61 183
78 184
94 152
31 152
8 176
94 144
96 197
96 141
95 124
72 140
67 177
100 116
48 113
98 163
60 118
64 164
41 125
80 162
9 112
19 167
90 166
73 196
8 197
32 172
10 110
34 124
19 166
41 197
56 182
13 127
38 160
21 172
42 104
39 138
56 148
39 123
78 113
8 104
22 158
80 200
51 138
1 200
83 162
17 129
99 109
56 154
32 195
77 110
30 171
16 145
34 120
9 103
91 187
76 113
54 173
79 184
8 178
84 163
37 173
98 129
97 116
76 147
69 115
72 142
73 134
25 193
50 186
42 140
5 105
81 179
70 150
77 140
39 168
17 147
86 147
88 156
86 108
9 155
69 198
26 116
76 182
53 194
17 197
70 108
3 150
58 182
79 177
4 104
25 136
24 158
73 184
35 102
42 128
92 165
1 159
81 101
92 192
77 124
58 178
88 123
19 104
6 162
33 115
64 161
56 104
23 153
72 102
85 119
96 137
66 178
87 157
19 176
3 195
88 149
69 172
39 183
97 193
18 123
21 154
47 159
78 160
29 171
27 193
82 133
1 181
88 137
71 153
43 189
82 170
78 190
38 108
61 110
85 180
89 144
96 142
41 157
96 185
61 151
71 190
54 195
79 122
97 200
93 136
87 176
17 149
18 193
10 147
45 125
14 197
98 121
84 182
30 189
31 173
79 199
15 101
22 171
22 200
38 180
34 154
11 116
59 120
6 171
59 185
41 198
25 190
89 188
21 187
80 193
87 114
4 143
89 185
48 180
72 124
70 125
35 192
40 138
9 130
8 101
18 115
79 126
58 123
54 117
50 157
71 154
50 147
25 147
48 168
86 126
11 138
64 115
62 123
74 123
30 109
13 122
93 173
52 172
67 164
35 152
64 155
82 180
70 153
52 134
48 152
15 177
58 120
97 160
32 182
98 161
96 160
19 178
65 142
48 135
60 178
20 185
79 187
66 103
60 141
35 106
35 148
96 128
94 197
4 185
32 155
88 138
90 139
72 108
8 179
90 157
41 118
91 105
83 129
56 139
28 123
43 155
3 120
79 188
41 147
13 152
66 115
28 190
79 117
84 166
91 197
37 104
72 110
27 159
52 154
80 102
62 197
19 184
97 145
95 171
6 186
44 181
7 133
84 175
26 148
96 110
10 199
22 131
66 142
18 149
54 147
86 155
17 190
64 165
63 164
13 183
83 103
7 132
72 167
72 160
55 182
71 185
47 107
68 141
56 194
20 152
60 166
90 174
8 121
70 138
5 159
47 153
46 145
77 166
77 126
32 104
9 113
72 145
22 174
51 188
41 168
21 115
59 142
51 194
63 142
45 178
17 106
70 103
27 164
69 164
85 191
21 122
8 146
42 197
19 117
12 192
71 151
86 133
72 128
24 130
4 106
58 174
16 196
91 137
70 123
44 171
77 127
27 187
55 137
32 175
48 109
1 113
91 123
60 115
3 125
65 163
44 139
81 104
83 187
1 109
78 188
21 179
93 135
51 131
9 137
41 122
8 198
68 130
34 114
67 121
66 160
26 125
43 156
69 184
58 109
48 158
18 168
8 142
54 146
27 175
91 165
85 135
89 181
82 176
25 148
83 174
60 197
39 180
79 154
94 107
51 193
28 139
6 126
22 114
34 132
67 139
69 182
10 138
43 123
91 175
35 136
32 199
15 139
77 157
66 187
71 109
54 194
32 160
21 156
68 148
41 173
75 160
19 149
20 123
12 186
100 129
69 146
1 150
3 179
87 145
68 199
55 191
79 161
57 166
84 137
2 150
5 141
39 164
83 160
15 178
7 124
28 200
9 195
9 111
85 169
33 170
36 118
12 135
69 102
53 134
12 153
91 196
18 192
33 103
8 195
66 111
97 153
52 113
82 107
43 152
60 172
100 191
33 133
64 181
81 165
32 123
30 184
35 111
47 106
58 164
31 193
22 191
83 117
73 111
59 129
26 119
2 168
49 162
100 178
99 151
99 116
93 115
89 166
89 113
34 101
91 168
53 178
63 141
39 177
44 127
42 123
24 176
20 106
97 180
63 124
85 163
98 173
39 159
79 116
25 184
20 159
11 198
49 179
14 161
77 117
22 102
95 121
85 172
28 194
49 142
54 133
59 143
31 106
10 118
29 140
89 157
63 114
75 172
46 160
87 143
14 135
20 131
60 129
29 137
25 140
51 119
61 191
9 175
45 114
56 178
9 152
2 129
35 156
91 108
22 146
73 193
59 115
91 101
77 114
62 151
6 180
52 150
34 118
16 183
45 160
68 162
20 163
36 136
94 122
9 132
35 130
12 128
67 175
88 161
55 163
76 134
20 113
10 181
93 128
76 169
64 110
20 162
67 147
29 128
48 105
58 170
78 195
97 119
37 166
54 187
96 191
41 135
52 151
72 174
88 128
5 200
53 162
79 145
88 179
89 198
85 154
15 185
88 125
40 153
28 107
91 118
65 186
87 109
66 155
60 154
95 157
63 128
96 147
54 105
23 122
63 197
78 196
17 130
76 178
76 184
11 141
98 184
14 137
6 161
88 132
9 191
55 123
65 198
94 168
35 131
27 169
81 167
55 143
88 148
39 194
81 200
19 106
82 154
54 185
83 154
6 149
97 170
79 113
88 119
5 183
65 177
87 194
56 110
95 161
69 110
16 154
72 197
76 144
77 192
67 134
15 156
1 171
94 190
44 120
13 181
73 125
85 110
78 164
1 125
34 176
2 125
58 194
40 137
35 114
57 146
34 110
82 128
44 133
26 180
34 184
88 129
12 106
52 200
39 146
70 175
48 156
17 145
41 161
100 149
47 131
83 177
55 131
13 134
49 149
45 112
99 169
42 171
75 183
87 124
26 129
92 175
22 117
71 143
68 172
52 194
83 193
83 195
24 169
26 140
50 139
62 178
64 139
58 195
58 187
12 133
31 143
86 146
89 153
44 195
47 174
90 109
64 187
72 200
92 102
77 171
100 128
99 128
77 106
84 139
46 183
7 108
66 174
75 194
10 191
7 126
23 128
38 198
31 145
56 198
100 151
31 122
64 101
63 161
64 194
15 168
37 111
76 128
19 119
60 191
57 105
10 105
79 114
4 155
28 153
16 177
55 192
74 104
89 189
100 136
99 191
39 107
46 159
20 190
31 117
77 185
1 160
77 151
90 120
98 135
47 109
66 133
51 133
47 187
4 126
97 141
3 116
35 187
19 111
68 109
34 138
29 151
55 141
45 106
83 146
64 116
64 182
93 101
88 126
85 182
40 198
33 198
19 121
100 169
32 146
19 197
38 122
4 132
97 187
98 191
53 146
3 161
90 106
64 180
50 102
48 190
88 135
88 150
93 103
56 156
94 135
71 138
16 188
42 110
13 114
93 127
79 158
23 173
53 185
3 177
2 154
48 103
34 165
69 143
69 107
16 112
20 137
90 179
69 192
88 200
99 145
99 177
68 107
84 174
14 181
36 145
89 148
97 182
86 148
23 126
62 116
95 197
62 147
82 168
80 198
69 114
61 146
49 152
38 179
23 177
18 106
61 101
82 166
46 186
94 143
59 122
68 190
51 126
28 174
44 117
99 157
25 134
88 116
93 143
3 131
19 193
48 106
1 188
18 147
100 110
32 148
74 181
10 172
85 143
65 112
80 136
85 171
3 108
54 184
83 163
80 126
26 200
11 118
28 195
93 189
100 111
31 129
28 137
57 116
3 165
63 110
70 115
67 146
48 119
3 152
14 123
20 122
24 193
100 155
51 103
31 170
61 176
3 174
25 197
82 130
29 181
98 122
86 138
86 157
54 167
8 106
96 166
38 162
13 145
84 108
47 140
46 189
68 132
73 194
87 155
15 108
70 198
29 131
80 125
69 121
2 186
53 131
74 135
89 124
5 130
30 182
98 144
38 120
94 155
43 178
15 196
17 188
97 148
100 154
51 163
16 176
84 187
73 149
36 131
37 130
9 121
4 127
9 182
45 182
6 164
39 131
34 107
82 155
24 140
64 163
49 178
35 118
86 186
40 150
65 166
74 153
54 137
99 176
29 126
30 142
11 189
4 194
11 142
23 137
12 180
2 164
55 149
70 159
13 162
1 119
10 119
84 183
39 161
23 199
85 137
71 142
87 185
82 186
13 149
67 157
78 163
36 123
51 132
75 142
80 159
100 159
81 187
36 110
56 159
52 125
50 113
45 150
60 143
63 194
100 146
8 138
58 166
90 176
2 165
7 175
45 180
14 157
68 164
82 177
74 158
9 185
5 102
96 108
7 160
89 103
94 127
46 175
82 113
16 168
38 141
62 109
63 187
7 198
64 193
87 121
43 165
97 143
20 158
75 109
100 157
55 190
88 113
60 112
93 145
59 155
63 145
10 180
98 178
84 144
6 153
74 173
99 106
23 110
44 115
100 132
94 193
15 142
99 132
2 151
40 143
18 177
7 177
85 177
67 142
65 144
16 138
6 192
100 126
70 199
73 173
45 120
95 114
41 183
74 154
45 196
80 109
50 115
18 194
49 107
98 115
95 196
68 159
35 169
66 144
10 140
33 139
69 138
53 188
64 196
7 144
13 171
32 177
9 144
95 109
91 199
50 120
70 141
94 129
69 180
17 141
9 138
88 195
59 175
38 139
59 127
98 140
87 161
100 108
12 165
2 126
43 131
83 121
75 129
75 174
100 141
13 147
97 155
24 163
62 137
44 185
6 108
97 139
85 178
69 144
62 159
19 141
24 152
30 138
38 137
76 120
49 169
68 144
38 171
68 157
56 106
6 200
63 167
89 167
66 117
78 172
83 198
17 126
42 157
56 111
84 145
13 175
24 157
47 105
98 185
75 159
65 193
17 128
70 183
28 102
25 121
91 113
86 150
63 158
31 164
46 137
93 138
46 101
42 117
60 107
81 122
96 188
88 124
86 101
58 110
12 149
64 136
8 196
58 185
84 195
80 140
83 105
1 190
26 103
73 130
46 144
72 199
5 187
72 159
3 186
58 180
4 165
73 188
93 147
5 192
50 128
67 136
67 196
62 106
72 173
1 185
95 116
86 169
69 167
40 158
45 192
33 138
24 125
23 133
80 194
29 147
96 178
64 145
29 123
42 134
39 144
59 163
62 101
55 200
77 175
27 125
14 112
47 169
61 131
48 200
25 111
65 194
72 120
92 118
96 123
83 131
26 177
75 147
76 137
67 173
13 158
94 114
83 159
63 103
81 198
71 189
14 175
90 152
12 120
63 162
6 119
78 200
78 108
83 141
56 152
49 143
65 197
6 145
65 160
89 134
60 163
98 197
41 114
5 118
63 105
60 126
48 146
72 176
70 193
92 195
79 167
11 187
24 119
56 142
35 181
27 120
95 177
21 181
32 141
41 120
49 123
68 198
37 159
87 139
13 113
25 172
68 191
63 180
12 131
66 164
82 178
10 113
92 117
15 118
43 145
94 169
82 195
21 116
57 199
61 138
40 104
11 150
4 138
49 180
44 108
46 200
70 154
10 165
41 192
88 136
90 200
51 108
53 196
100 168
80 124
7 200
71 122
98 177
76 122
96 126
95 126
10 174
35 103
45 188
49 184
92 184
2 157
11 114
47 160
41 186
62 192
12 200
42 172
33 157
24 134
33 197
68 118
93 172
70 186
33 156
22 192
99 141
41 170
61 107
83 125
96 102
19 189
38 104
83 116
10 116
98 139
45 108
1 152
16 156
18 139
16 141
44 199
80 157
21 142
72 119
84 196
73 171
10 193
69 129
6 111
91 106
57 151
36 164
81 182
39 111
37 141
18 120
85 108
81 144
94 105
1 110
42 143
7 136
68 123
71 141
18 173
33 169
10 103
45 117
46 133
99 104
67 162
84 170
23 198
84 181
93 122
65 105
25 175
43 147
60 168
45 103
83 122
7 161
43 139
97 140
28 161
83 108
74 168
77 135
29 101
39 113
55 111
32 109
27 163
94 126
68 166
37 129
11 133
18 169
26 117
29 166
88 164
30 152
1 175
39 141
89 120
96 120
63 179
43 192
28 173
26 122
6 150
3 169
91 122
8 136
16 166
59 168
16 116
10 153
58 141
69 108
61 173
59 117
95 176
85 161
17 179
74 187
90 154
5 103
95 111
47 119
86 128
58 125
87 150
57 155
30 191
13 118
91 169
38 164
51 167
14 183
5 157
30 155
34 129
7 131
45 183
13 123
92 198
66 123
21 103
86 168
68 182
84 200
44 102
16 146
33 151
34 136
36 146
35 155
26 194
43 179
23 107
76 154
35 107
100 121
86 181
80 143
78 185
37 189
43 110
30 128
26 147
14 162
17 113
77 199
31 169
6 185
14 102
65 168
22 120
8 152
69 123
59 133
78 118
8 168
88 106
80 183
2 124
83 128
52 128
99 140
85 116
95 192
98 157
13 194
51 111
51 154
69 161
95 108
27 143
99 110
65 121
40 192
47 177
37 112
27 166
74 110
30 150
55 117
24 177
15 128
68 116
96 116
88 147
47 186
19 146
29 116
21 195
98 152
72 184
89 104
82 161
25 191
16 125
2 177
10 142
76 112
49 151
46 104
15 174
31 109
5 188
62 126
100 137
83 190
39 160
8 177
75 163
95 128
66 120
31 185
29 136
65 104
8 112
71 166
28 136
31 194
66 126
33 117
72 127
53 102
82 184
54 110
75 144
41 191
7 141
85 147
22 122
2 136
44 155
14 168
70 130
41 127
63 143
68 136
34 194
15 167
92 160
88 169
11 165
24 110
66 114
85 115
76 198
78 149
93 185
52 159
22 178
19 182
59 182
84 133
86 182
15 153
55 196
7 115
17 116
74 197
34 104
95 131
19 151
84 135
68 103
81 110
17 154
95 199
74 188
61 178
99 192
36 200
95 172
74 184
53 169
26 133
82 192
83 136
82 172
44 121
61 166
70 169
61 200
62 142
53 103
42 176
43 113
11 107
50 110
3 164
58 158
18 128
57 172
61 164
24 106
88 159
25 113
99 143
66 137
29 182
46 129
83 164
69 193
50 132
79 173
51 166
30 195
38 176
27 197
63 129
4 125
35 120
58 175
11 125
63 156
16 109
68 186
30 156
68 145
84 116
40 174
42 112
42 102
56 163
21 141
26 106
16 140
43 150
57 153
30 125
46 195
94 130
23 197
46 162
37 160
7 117
89 143
57 109
92 164
57 103
56 143
64 107
47 139
14 130
83 137
44 106
65 150
60 117
61 171
80 165
28 110
34 143
18 185
71 156
63 112
77 200
20 167
88 197
4 170
27 154
23 158
42 153
89 172
26 162
22 144
16 106
16 147
32 142
21 171
14 113
79 152
86 183
58 101
66 136
33 119
78 136
71 148
70 137
20 138
34 156
93 148
20 161
15 152
78 129
35 149
48 126
28 179
42 101
93 126
1 176
48 157
18 118
4 166
38 165
53 200
68 185
29 114
28 197
98 188
3 182
29 174
65 176
100 123
34 200
90 159
65 195
93 165
32 113
29 117
86 166
21 132
52 104
89 192
34 187
66 165
41 171
37 162
64 199
43 183
13 109
32 111
33 137
58 139
33 172
80 170
75 187
50 171
72 154
19 191
30 197
74 119
45 169
14 125
95 154
9 134
51 106
75 124
23 193
6 196
40 182
55 121
85 174
77 102
98 172
70 111
75 107
65 148
41 101
44 131
94 101
19 164
87 120
28 183
47 199
69 154
23 191
84 105
20 194
25 141
3 168
18 183
19 161
99 187
29 119
16 162
63 191
21 164
18 181
61 186
8 131
5 129
89 136
38 182
43 103
78 106
82 127
78 165
25 132
13 139
95 174
36 192
81 128
19 109
37 135
22 194
100 102
96 132
40 118
19 173
10 173
33 180
23 168
3 166
70 121
100 190
37 195
15 171
87 165
78 137
86 175
53 144
83 120
82 143
51 127
29 108
81 185
60 180
45 115
4 146
16 190
83 199
17 178
43 168
82 134
12 113
41 109
45 133
26 199
76 118
38 143
91 132
12 140
73 177
10 114
10 111
95 137
16 198
21 166
40 191
13 116
76 171
43 134
14 151
20 178
60 190
65 199
29 184
12 190
29 132
96 138
27 188
95 195
9 135
50 152
62 153
37 181
10 133
99 170
94 157
46 192
67 109
73 129
38 145
78 128
100 173
57 126
31 196
1 192
1 177
97 169
35 165
42 159
17 175
17 120
59 196
45 200
87 130
18 114
3 145
89 162
65 136
1 132
3 110
71 184
41 158
3 156
73 151
90 126
85 106
8 108
14 144
35 101
38 168
22 109
24 135
25 107
5 114
100 197
86 136
99 173
19 143
17 170
81 194
21 193
1 197
98 107
51 189
54 145
23 176
94 172
2 197
70 148
93 133
36 180
4 164
73 135
36 113
57 141
52 102
81 171
81 105
23 178
33 190
98 190
10 187
14 156
55 104
18 130
17 186
75 119
40 168
10 178
38 121
1 121
62 193
80 138
100 160
31 105
9 169
18 145
54 112
32 118
87 198
52 101
50 151
95 144
1 124
41 102
94 154
61 189
82 151
4 130
83 148
25 194
27 118
90 198
44 126
9 166
52 160
14 131
28 159
99 175
85 130
96 114
41 185
92 134
28 142
19 118
26 145
51 109
82 171
31 116
35 186
82 141
70 182
48 173
61 122
77 155
91 158
94 188
89 115
81 174
85 168
9 149
26 178
67 197
14 101
29 127
34 196
36 181
4 162
87 183
76 161
3 141
73 142
74 195
35 126
71 119
66 152
61 190
2 131
10 139
22 145
6 184
54 132
5 173
41 200
95 147
45 179
35 139
28 145
50 159
43 162
13 148
39 135
21 165
44 152
19 156
53 155
93 160
21 198
80 172
56 157
73 170
23 150
1 106
3 136
92 115
10 151
71 117
87 153
5 115
36 103
38 187
10 107
41 156
92 106
97 112
100 107
32 124
98 182
19 165
4 105
63 199
78 171
57 117
92 194
81 125
24 199
61 123
96 115
2 159
36 125
41 174
10 175
22 168
79 153
86 104
54 102
26 126
53 139
24 167
18 143
58 190
2 120
88 145
89 199
48 164
12 168
82 173
20 111
100 181
6 198
78 119
57 189
73 120
42 160
38 167
91 154
24 109
99 122
41 165
94 116
38 158
43 199
61 130
52 153
31 148
44 124
61 180
48 147
90 142
9 160
52 177
53 137
27 113
49 156
36 147
46 168
16 111
93 162
38 190
90 124
28 191
11 136
75 200
18 191
89 155
59 112
83 119
38 191
19 179
17 182
42 122
95 170
68 152
88 142
27 140
15 145
16 155
79 118
55 185
28 101
85 151
68 127
87 154
66 150
78 120
76 188
79 180
83 184
67 186
42 130
10 161
100 171
36 190
10 186
66 158
18 122
51 195
16 122
87 196
48 127
9 180
73 160
79 104
10 189
52 173
1 134
81 129
24 160
79 168
43 117
27 115
6 127
55 140
63 157
44 166
6 128
16 150
1 162
37 106
5 166
38 183
10 144
31 101
51 173
63 106
61 111
46 114
93 132
53 181
49 187
57 185
94 181
52 171
64 174
40 134
58 159
23 118
41 131
41 146
90 162
13 189
49 150
61 126
10 184
90 149
26 165
95 103
16 117
7 123
9 131
86 139
94 138
70 168
71 198
75 165
97 146
97 172
68 102
6 148
78 134
1 103
27 184
21 189
24 195
23 170
57 186
91 148
80 122
41 155
59 106
83 109
51 182
4 154
11 101
56 119
59 197
89 141
14 146
62 189
68 133
25 196
23 179
22 149
81 133
50 191
72 116
22 176
47 114
29 187
73 140
99 200
99 168
67 189
51 123
59 184
29 154
43 184
34 126
68 171
43 171
56 164
42 199
77 168
77 145
7 149
11 151
63 131
21 184
2 183
81 162
71 103
6 193
36 188
36 126
60 137
38 194
7 147
96 158
44 178
6 120
25 118
42 111
19 153
96 146
48 138
49 193
99 117
78 133
11 145
89 160
27 139
71 179
71 169
83 194
74 177
93 104
32 150
46 132
91 144
90 167
57 191
92 130
47 192
89 131
91 102
84 109
4 141
45 191
18 163
15 170
1 105
58 168
75 112
3 176
72 169
51 116
28 182
28 156
28 175
93 113
70 185
71 178
77 104
85 101
29 186
3 147
31 192
78 186
6 114
76 162
49 133
98 145
40 194
39 173
99 101
41 163
84 160
9 171
58 144
27 181
12 161
29 189
45 111
21 180
62 131
6 174
56 185
70 152
23 166
85 138
49 105
56 146
29 200
41 124
82 190
86 124
54 120
6 173
9 168
36 163
39 191
79 102
67 103
92 147
37 200
36 172
52 188
24 116
56 127
45 161
14 116
32 140
4 159
12 134
69 159
39 200
44 200
12 163
59 194
80 114
67 188
67 115
15 102
56 118
28 171
35 119
47 157
32 173
83 144
98 105
81 148
40 157
34 122
21 182
44 197
22 105
27 116
22 143
27 156
100 162
16 108
79 169
53 135
47 195
45 124
34 174
5 147
80 144
66 183
55 189
15 112
73 186
13 157
100 186
15 189
46 197
42 191
73 162
60 132
99 172
31 182
45 158
36 157
30 181
14 140
54 113
84 106
57 122
38 184
85 166
85 131
87 175
20 119
32 117
9 127
35 143
77 120
31 189
36 105
95 105
92 156
15 110
77 146
43 112
11 192
74 185
34 108
44 186
27 168
46 141
52 157
49 104
67 112
17 166
71 159
20 189
31 190
97 151
90 110
81 180
28 164
81 178
15 188
94 171
70 112
57 127
57 142
96 149
33 150
98 156
6 125
45 116
59 111
30 143
68 113
8 181
38 114
73 183
68 156
72 121
72 103
37 117
66 195
68 137
77 180
19 102
65 174
69 178
79 159
83 186
5 169
65 120
20 125
39 152
96 181
97 142
18 196
8 155
43 101
89 173
99 124
30 173
45 159
36 176
79 129
62 156
69 140
78 139
90 183
54 135
27 130
5 124
97 121
13 135
68 112
31 137
6 188
1 193
37 178
82 198
42 154
94 180
50 138
56 131
5 162
19 103
96 125
29 145
89 186
15 149
20 120
80 148
63 122
63 190
62 127
100 130
40 163
78 132
79 163
77 172
15 134
14 105
33 107
51 184
13 196
17 159
35 185
47 122
99 137
74 125
33 148
99 133
97 138
47 111
72 188
63 186
98 174
59 126
39 150
57 192
56 149
35 182
78 191
59 165
56 133
10 135
78 103
19 199
77 111
24 154
70 158
4 144
88 134
2 161
84 114
52 179
24 122
40 144
6 172
75 146
92 180
1 199
97 178
81 195
26 169
73 128
80 130
17 142
73 154
84 188
91 166
6 146
44 103
32 161
51 174
21 133
28 115
35 133
54 152
39 169
48 136
43 119
34 127
98 192
1 195
70 164
22 156
78 145
24 113
64 121
39 158
8 185
63 140
14 132
18 179
10 185
42 163
12 104
58 114
57 168
46 154
7 145
87 170
32 133
48 102
23 112
32 159
80 131
96 200
75 182
87 113
30 200
64 144
68 188
71 133
21 107
18 142
21 176
17 198
72 175
25 160
29 158
3 184
45 186
41 164
36 112
77 153
63 182
34 161
80 150
49 121
13 167
72 113
17 146
51 149
50 161
94 153
30 141
3 162
85 157
70 181
92 196
81 170
77 177
74 165
74 169
14 170
93 144
88 157
60 183
31 172
13 150
88 172
93 112
74 112
49 175
53 126
59 136
90 184
90 145
11 178
62 128
81 159
57 163
51 125
30 137
64 172
2 184
35 159
15 166
30 113
34 191
53 170
41 137
92 158
73 169
80 123
97 165
1 169
92 112
59 135
41 113
4 140
31 175
88 111
5 110
97 191
38 150
53 140
49 137
58 126
94 118
44 175
54 177
66 141
45 134
86 164
68 175
96 113
17 143
40 106
39 134
13 120
76 167
69 128
1 174
98 123
51 170
64 179
3 151
61 115
27 194
19 163
85 149
24 139
78 124
85 123
62 161
82 164
62 191
62 179
55 170
19 172
30 108
80 135
62 118
69 151
49 194
76 145
27 155
38 101
48 185
75 120
55 113
28 189
86 178
85 160
2 192
30 153
66 130
54 150
94 150
50 183
62 157
85 187
35 142
77 169
48 194
9 120
30 177
61 149
67 120
25 179
36 162
57 131
57 112
1 164
73 153
4 118
44 101
21 188
23 124
63 149
76 135
99 103
63 108
40 125
95 125
54 179
47 123
17 173
71 186
36 104
92 188
29 135
5 198
45 123
39 165
32 129
44 176
84 172
88 183
55 152
13 186
42 106
35 184
37 145
91 128
93 150
61 118
37 168
53 154
97 114
38 159
39 176
49 183
37 171
3 115
59 170
39 195
85 107
58 145
17 184
64 114
33 108
80 153
7 199
22 140
77 147
16 105
60 111
60 181
79 110
71 118
20 141
16 148
53 112
5 176
91 126
61 199
34 140
10 200
36 179
40 188
15 135
49 110
99 148
70 101
7 196
9 198
35 122
36 120
31 177
46 198
30 133
56 162
28 135
10 141
2 175
80 132
28 144
88 170
83 185
46 188
15 107
55 187
55 128
50 111
47 179
6 139
73 190
44 132
28 170
27 165
55 129
32 105
30 167
29 167
88 174
9 157
26 144
26 123
4 192
34 148
68 117
91 186
31 118
70 177
94 187
36 119
98 199
37 101
20 112
94 179
71 195
66 125
25 156
26 198
29 165
13 124
1 153
9 163
13 178
35 128
22 142
72 190
93 155
79 144
74 156
30 114
45 171
8 126
47 166
87 152
17 123
94 191
27 112
90 131
28 113
95 200
30 165
81 151
84 148
88 102
4 189
73 137
10 130
92 170
81 136
14 199
7 165
62 184
74 137
66 122
85 170
52 132
75 148
34 112
36 195
16 134
15 192
75 177
39 156
85 144
5 193
42 118
35 110
97 118
13 129
39 119
33 141
34 144
31 156
69 104
40 196
55 180
93 177
3 128
95 102
52 119
11 126
1 141
99 159
74 143
18 150
1 115
37 124
40 110
67 171
93 170
78 161
30 146
78 115
56 108
16 102
82 137
99 131
28 157
42 184
86 153
53 127
74 109
77 129
14 169
5 175
13 168
6 141
45 145
8 111
59 102
72 131
16 137
2 170
32 171
7 170
57 128
34 103
86 109
55 139
30 154
4 117
27 123
84 115
87 132
53 184
95 168
4 187
2 153
67 132
11 176
17 158
31 144
16 180
29 176
76 121
41 182
24 131
14 147
16 110
43 176
36 194
26 101
71 192
54 143
75 140
97 134
23 139
90 114
84 132
39 171
53 175
92 167
24 124
61 134
92 185
43 105
46 119
75 133
67 199
22 104
100 142
63 102
47 132
95 186
4 119
15 120
40 159
28 166
39 114
55 194
57 139
65 149
42 114
97 174
82 121
15 190
18 159
4 186
21 127
9 107
100 180
29 152
85 145
91 104
17 131
52 131
96 190
22 157
22 154
76 126
57 119
9 177
5 116
77 159
92 104
80 187
6 110
48 197
54 118
2 106
59 160
77 163
75 102
67 128
41 112
15 150
17 124
45 148
22 180
33 135
92 186
61 144
89 174
82 103
68 158
93 146
75 175
91 139
40 197
78 180
5 155
87 137
97 196
71 137
64 112
97 120
53 128
21 186
74 134
50 149
87 105
5 153
85 125
36 139
67 187
74 161
7 166
51 165
92 141
45 130
29 134
78 140
63 171
94 131
40 123
56 112
2 109
88 162
71 199
42 156
86 102
90 175
36 161
96 130
33 182
34 173
97 161
85 173
94 109
41 169
1 173
26 128
73 165
14 172
26 139
4 110
55 103
82 119
44 168
87 110
100 145
76 114
76 152
42 190
79 190
26 184
82 117
89 195
13 117
40 131
80 113
18 200
75 193
27 141
54 196
96 133
92 114
34 123
70 167
52 169
83 127
63 137
80 190
46 194
99 160
20 130
74 189
4 148
57 154
86 191
15 175
3 181
71 101
77 189
14 187
73 104
19 148
43 186
81 164
25 133
77 103
89 176
75 101
60 156
19 136
79 149
79 109
83 167
9 145
3 119
68 189
68 142
91 194
87 136
93 114
44 198
21 119
55 164
63 173
22 147
97 185
80 161
6 135
50 173
23 159
34 145
99 178
86 120
80 147
96 175
73 159
25 158
96 170
68 167
54 168
14 122
1 178
40 183
97 104
95 113
21 126
16 197
75 114
44 144
45 167
18 119
63 178
13 132
95 164
12 195
17 139
29 193
3 112
59 108
1 194
30 102
65 187
96 195
56 160
25 146
73 143
57 106
72 164
6 107
20 160
66 163
37 179
37 103
30 157
50 170
83 175
91 149
9 165
84 161
61 154
46 105
36 149
14 120
27 134
59 177
31 119
62 183
19 108
26 187
94 115
99 125
86 196
3 133
37 127
88 114
78 153
70 114
38 156
51 191
81 175
1 143
99 152
53 133
7 119
1 179
87 117
94 156
13 143
49 120
88 189
53 107
11 173
47 133
15 151
39 178
75 130
82 111
73 122
79 183
38 118
17 169
46 177
42 177
93 166
20 144
21 153
21 110
69 194
70 162
36 150
85 142
14 106
4 178
72 129
76 108
50 181
38 123
80 108
23 114
8 107
54 148
60 138
27 190
61 121
76 107
91 114
76 195
56 123
98 125
77 197
65 140
79 146
83 133
31 127
5 120
56 191
24 188
92 103
49 176
58 161
38 128
30 136
28 117
99 112
12 162
7 118
30 124
10 170
40 170
35 163
88 110
24 187
75 155
85 188
48 184
79 192
96 140
21 114
43 115
79 197
45 175
97 137
56 175
34 163
73 114
30 145
33 186
94 184
46 157
82 116
30 190
4 147
1 123
22 134
1 182
53 138
60 119
65 119
75 115
3 178
28 104
11 171
92 140
5 134
33 127
43 175
51 155
45 184
45 149
56 140
100 176
41 104
27 178
61 187
66 139
93 178
1 145
39 103
55 157
6 195
17 121
92 148
81 168
25 174
56 153
51 107
26 131
32 162
17 137
97 186
84 107
1 137
12 196
93 153
60 135
69 139
49 196
92 124
60 188
34 150
47 181
21 112
56 193
46 122
96 165
22 187
98 155
62 144
52 196
65 152
50 101
50 140
21 102
16 103
12 110
24 180
22 110
51 144
77 191
58 115
13 104
69 142
75 166
98 151
54 165
28 165
79 200
34 164
41 187
95 134
46 110
38 140
23 131
29 178
38 132
85 155
42 146
43 161
23 155
31 197
16 179
84 168
98 186
4 115
43 191
96 192
95 123
86 127
83 104
88 122
60 123
96 174
3 140
89 109
56 114
5 139
71 180
45 138
82 142
42 168
70 166
31 174
89 145
100 113
50 189
24 148
76 151
21 152
50 121
35 180
49 108
90 127
100 144
24 120
24 179
14 136
86 172
78 105
45 193
43 196
59 157
42 125
30 139
42 162
85 193
24 161
60 134
21 168
61 188
56 169
18 121
18 140
99 171
44 167
94 160
29 164
54 141
51 196
66 157
92 145
27 131
98 136
18 101
10 134
99 163
30 174
62 121
31 138
51 186
94 163
72 148
8 187
66 200
26 121
78 135
32 137
26 142
64 118
40 115
17 152
70 132
44 187
40 112
54 111
93 169
79 123
31 120
74 174
8 192
51 185
40 132
18 153
27 149
98 200
30 185
27 108
1 189
58 150
28 127
60 161
46 134
14 149
53 141
97 111
35 160
59 199
51 121
60 148
44 161
74 172
46 182
28 112
48 139
36 197
61 135
53 163
43 133
65 145
34 188
65 133
67 174
44 169
60 193
14 145
33 196
50 196
41 176
9 192
18 198
76 192
91 190
9 179
52 166
41 133
55 118
96 157
32 131
47 184
28 131
48 153
85 196
10 128
80 149
10 127
20 181
56 103
98 101
62 194
27 114
60 195
81 169
19 134
4 174
22 139
90 129
79 139
25 130
91 135
77 118
5 135
2 179
92 110
29 192
30 147
61 165
19 150
61 170
81 121
60 196
76 104
67 153
32 101
34 147
77 198
69 153
57 159
90 104
31 166
24 189
85 159
88 180
52 167
45 189
5 195
90 173
17 119
19 195
94 199
31 139
100 109
71 115
52 126
80 106
69 147
37 122
84 111
19 192
31 104
37 175
34 149
83 156
77 181
80 176
21 136
2 148
42 186
50 122
75 121
49 164
77 167
88 163
64 167
29 109
71 145
4 184
54 176
88 178
5 172
8 134
11 148
57 180
97 107
94 104
97 130
63 160
50 129
36 135
85 167
27 199
59 113
67 113
53 117
50 198
92 193
27 150
22 159
61 102
35 158
36 158
23 160
7 101
66 151
24 171
80 128
42 135
68 101
30 115
53 180
20 102
83 166
50 179
51 197
44 119
63 151
85 148
11 121
76 109
91 176
18 166
73 101
58 130
100 172
26 173
5 152
79 196
78 151
61 169
65 179
50 119
33 102
28 134
76 133
36 141
71 162
16 159
46 161
20 187
3 139
8 103
66 146
52 107
91 152
62 136
82 163
16 160
10 121
88 131
3 153
30 198
3 137
55 124
86 154
81 186
65 106
78 107
50 117
47 128
13 198
3 130
25 122
27 161
50 118
24 183
27 142
54 170
23 142
57 183
12 151
3 157
60 187
77 170
4 179
55 195
20 105
87 108
90 119
82 148
96 169
78 168
47 118
90 112
35 134
72 189
64 129
79 182
5 143
23 149
78 150
100 166
8 186
3 111
84 117
32 107
27 200
66 116
46 139
69 157
98 160
76 142
32 108
66 188
31 191
6 134
87 144
8 200
31 186
37 115
4 107
36 184
22 112
34 133
81 163
93 191
57 179
73 156
29 175
79 150
33 109
95 182
68 168
9 140
23 156
99 120
62 120
39 157
73 182
11 160
87 106
54 175
2 196
53 104
40 176
3 185
85 186
82 159
37 128
13 141
54 114
75 132
73 136
46 158
90 191
73 126
71 165
99 196
63 133
89 127
83 118
54 161
6 131
6 156
50 103
30 117
65 180
39 166
24 153
96 168
41 175
74 139
59 116
42 183
70 131
87 101
29 102
33 179
62 110
44 179
12 136
29 194
26 115
79 186
12 132
92 190
49 158
21 174
88 108
37 170
24 145
45 162
37 143
46 164
84 194
31 136
15 141
3 198
26 108
20 173
47 173
4 124
56 117
40 120
57 129
17 107
44 134
55 151
20 198
58 152
61 150
52 181
35 154
97 129
97 115
72 130
24 117
82 146
40 142
87 178
51 158
94 119
86 125
96 107
97 108
29 138
73 168
65 110
42 107
96 186
91 127
77 139
89 128
44 105
8 161
66 191
33 136
40 127
8 137
80 101
90 156
89 138
58 146
57 121
45 163
90 111
55 199
37 169
55 110
17 195
6 191
88 191
46 149
88 112
5 161
87 195
69 171
87 112
58 171
4 136
13 195
29 159
86 129
64 171
86 144
60 122
51 157
53 165
61 155
25 186
24 166
8 191
76 191
10 198
14 160
8 173
27 195
92 149
13 179
10 177
41 196
50 141
29 124
73 133
55 169
76 117
85 146
3 163
26 174
2 190
85 197
31 154
66 124
76 181
76 200
96 171
58 142
34 111
42 105
96 143
72 114
22 160
81 127
27 167
38 147
55 165
95 149
12 187
65 118
54 155
48 131
13 144
15 173
24 165
41 184
99 130
96 199
24 111
95 198
67 172
77 101
24 146
92 177
78 170
52 121
21 162
2 115
26 185
98 110
4 191
43 180
70 194
96 121
55 172
74 130
11 169
43 122
23 141
93 109
87 147
31 184
8 115
79 106
83 123
92 111
25 192
95 153
63 123
79 176
47 148
20 154
67 150
8 109
28 152
25 173
74 199
28 196
95 138
95 150
100 184
2 195
63 170
37 121
40 160
44 151
72 147
12 107
27 180
34 105
41 160
91 192
38 153
20 136
12 158
32 130
25 176
6 155
52 124
75 127
55 166
71 136
12 156
36 167
49 163
65 139
96 187
10 136
1 165
33 143
29 122
27 110
91 111
97 199
39 197
74 145
99 164
3 106
13 154
33 175
52 189
16 170
83 132
61 196
66 192
60 198
69 106
75 180
14 114
11 182
23 116
30 178
91 136
2 191
40 166
62 124
7 103
25 157
59 164
22 113
88 190
100 101
29 168
9 187
6 199
59 188
24 197
56 126
5 189
90 195
74 136
35 174
1 130
93 193
57 188
45 132
94 178
53 106
64 125
7 168
70 129
31 133
91 200
62 122
40 149
25 139
3 193
53 114
77 108
89 177
98 142
66 166
52 103
5 151
35 137
66 162
80 141
10 158
8 149
47 183
52 147
50 106
75 153
63 150
75 125
76 136
63 198
57 137
75 156
74 182
49 171
82 196
50 174
13 138
71 129
47 129
97 124
86 174
89 196
62 104
22 184
12 129
65 126
10 159
6 159
81 109
15 140
46 124
69 120
2 114
5 196
7 129
41 119
78 101
57 187
24 112
17 164
23 147
69 122
32 158
49 166
49 198
65 162
49 161
67 152
85 118
97 147
9 170
75 131
57 175
20 179
88 115
9 151
21 137
21 175
71 161
64 131
46 117
65 154
94 174
93 106
49 118
28 116
20 127
66 176
13 119
6 197
36 186
1 133
80 177
13 166
50 199
80 167
38 113
43 188
32 149
87 149
96 151
20 191
58 167
90 182
80 189
41 116
68 173
59 149
22 163
67 151
5 149
83 191
93 192
14 111
84 173
45 168
5 138
89 129
77 150
78 189
77 161
61 133
28 138
33 144
96 177
26 168
32 106
4 101
30 110
89 116
34 130
39 126
16 163
80 129
74 117
56 171
95 140
21 157
43 104
84 120
54 131
82 157
16 195
52 176
85 165
83 147
32 127
90 136
64 123
38 133
49 157
61 197
93 151
42 147
67 107
16 132
68 192
90 190
12 148
98 131
11 117
43 121
82 181
26 112
27 101
68 111
23 104
92 126
23 175
64 177
69 119
86 156
13 128
27 107
12 184
1 112
31 195
44 135
69 116
21 151
15 159
32 112
67 102
87 134
27 198
81 142
12 194
47 189
46 118
76 148
76 172
4 157
41 195
54 101
40 181
7 191
86 161
7 152
99 108
57 115
34 186
37 148
71 121
61 193
42 178
42 137
2 132
83 180
100 133
8 117
82 199
76 190
98 180
44 114
57 134
11 134
85 198
55 102
36 177
95 187
58 154
99 174
57 123
7 179
64 176
48 170
66 186
15 154
44 170
28 155
55 175
29 179
41 193
25 178
10 171
52 168
71 176
24 185
11 149
48 196
45 199
11 144
52 117
55 106
93 111
59 159
73 123
7 138
54 189
89 184
47 178
88 130
55 142
94 200
29 190
24 107
56 176
60 169
33 171
63 165
58 116
64 191
34 171
15 182
3 154
49 170
74 171
72 163
95 146
42 175
62 154
25 169
27 109
72 106
72 171
89 169
55 138
79 175
79 132
85 162
41 148
1 155
7 109
35 162
58 183
72 141
78 143
2 163
87 133
63 136
44 164
94 140
34 169
61 140
61 148
14 121
54 199
67 141
91 193
75 106
4 137
95 188
28 147
60 146
20 110
59 103
48 137
60 158
68 151
99 197
59 174
41 151
91 112
48 144
86 158
21 134
90 107
86 184
53 123
84 119
84 149
93 108
74 152
29 146
89 163
36 169
87 102
36 138
86 195
6 136
25 150
19 144
7 159
40 133
53 115
73 117
40 135
64 150
72 136
30 186
70 122
40 101
86 141
91 180
12 109
47 165
64 160
33 166
2 193
71 191
61 157
67 135
78 125
31 157
80 133
79 194
88 184
59 173
86 145
4 145
68 131
81 166
38 107
64 190
92 154
48 110
27 105
47 156
77 152
46 167
17 105
91 109
11 119
17 103
63 109
97 152
45 135
40 195
91 156
92 191
89 106
19 196
31 131
15 160
89 200
11 131
49 160
3 149
90 147
45 122
71 171
90 185
41 144
89 111
22 193
68 174
7 116
29 156
67 161
10 196
89 161
65 151
46 127
66 172
90 192
43 118
41 106
50 168
61 142
68 195
10 124
28 124
30 135
17 199
7 190
56 147
42 158
57 184
47 144
68 128
88 173
88 155
45 152
69 185
86 149
67 114
60 186
69 156
43 102
42 161
87 184
99 135
45 155
54 166
8 188
74 107
100 119
45 166
40 126
25 155
30 119
83 110
5 186
12 117
57 138
64 168
57 110
1 172
48 189
88 160
19 125
98 106
43 137
64 105
50 164
36 165
80 188
2 104
5 171
11 102
94 142
48 133
35 175
46 190
23 135
70 171
15 147
64 169
12 141
22 129
29 130
94 166
16 127
19 120
81 112
30 193
87 199
22 103
38 155
8 114
37 180
26 105
15 180
76 101
96 104
99 142
49 102
22 128
49 144
54 151
26 158
26 176
26 138
18 111
26 104
85 113
69 111
7 197
58 148
70 126
71 164
61 159
99 194
90 196
59 125
26 118
61 108
19 107
11 143
40 116
84 126
87 156
97 122
100 192
8 110
24 198
48 107
60 153
17 140
69 160
49 174
56 161
65 111
100 185
25 161
74 170
13 192
2 167
44 137
2 108
69 126
44 182
50 126
36 142
16 119
59 171
51 169
77 141
64 186
42 149
61 112
86 193
15 200
5 165
6 116
27 171
2 189
67 184
21 191
25 164
100 189
22 124
89 108
73 108
43 106
76 199
52 110
57 107
37 147
67 158
30 159
58 199
82 125
25 137
59 138
5 158
32 188
36 159
16 157
38 136
83 178
57 143
16 143
19 123
37 125
28 125
76 141
29 188
47 196
95 175
61 175
20 114
20 176
70 107
72 187
14 198
51 139
31 146
91 153
75 195
16 189
3 175
26 167
83 173
13 153
14 129
70 173
51 146
49 112
9 193
31 178
15 186
31 135
35 113
16 185
18 102
32 103
68 176
74 124
41 123
59 158
20 126
89 152
39 162
40 171
87 173
92 150
16 194
15 121
50 142
21 167
75 176
64 135
65 143
18 104
59 162
57 158
84 176
100 124
31 125
9 122
46 173
17 134
20 142
99 190
26 166
9 154
49 106
32 190
77 162
10 122
2 169
27 189
78 167
62 105
94 173
1 142
44 138
80 166
12 199
38 115
25 165
29 196
71 126
30 168
25 189
83 150
72 152
27 146
17 174
76 156
58 128
45 129
61 127
95 117
14 139
23 185
56 165
71 170
15 169
9 101
72 111
52 145
42 151
5 168
10 120
37 196
66 128
60 185
14 118
25 138
99 162
32 144
23 140
64 178
48 188
58 198
61 162
33 173
100 147
49 199
15 198
54 116
36 152
76 160
25 114
72 107
36 101
5 148
72 112
52 140
33 174
82 144
76 155
52 116
2 121
76 189
87 116
48 171
62 169
95 156
62 113
42 141
70 124
11 115
6 154
39 136
67 101
67 133
60 121
25 105
24 162
27 151
62 114
6 113
23 152
4 131
9 172
93 158
42 152
17 115
60 159
81 173
19 174
65 114
56 125
40 117
8 175
65 159
35 153
74 118
20 143
40 148
92 189
44 191
77 116
68 150
12 108
60 171
30 187
92 105
12 154
76 186
64 133
98 146
74 127
63 148
66 121
41 189
46 176
28 186
63 195
30 112
99 139
23 195
31 161
31 181
41 115
50 158
50 146
65 103
53 167
100 122
78 155
34 121
63 153
65 181
43 116
71 114
85 164
53 182
27 183
75 149
48 176
52 129
65 117
50 107
77 194
74 148
4 102
9 133
35 132
48 178
73 145
92 152
52 146
85 194
30 170
47 127
48 183
93 107
43 170
95 163
20 129
3 155
74 106
92 183
28 154
43 140
53 113
67 140
46 125
75 110
6 115
74 115
5 146
1 149
22 126
87 126
14 192
39 124
20 174
95 136
55 125
66 129
54 139
48 115
37 123
30 131
78 166
65 115
14 155
41 141
5 197
26 197
42 131
35 177
13 169
66 102
52 133
66 148
17 181
98 127
14 154
67 111
72 134
1 146
38 138
3 104
55 171
58 149
77 165
91 178
33 158
84 128
26 179
70 163
97 149
82 188
96 180
35 117
11 127
50 135
16 171
52 187
69 199
99 107
43 187
42 192
3 191
54 182
76 173
9 167
13 159
41 128
89 171
55 181
98 194
100 196
59 167
85 181
86 143
43 172
100 103
80 154
26 137
18 174
63 176
28 132
97 181
16 164
92 174
52 170
25 108
92 132
23 194
46 115
63 121
19 186
80 178
83 168
36 102
94 113
74 194
93 175
12 189
21 138
33 185
66 131
80 152
52 156
5 119
91 141
64 140
23 101
67 117
49 113
67 148
64 141
45 153
86 115
67 194
69 173
70 160
78 141
56 200
73 112
45 113
6 130
58 184
72 117
48 142
3 118
84 104
43 128
54 164
79 127
35 146
13 176
78 144
62 141
45 105
6 109
92 151
69 176
74 155
76 125
20 164
69 181
55 193
32 179
15 191
73 198
7 182
47 180
53 176
39 167
70 174
50 175
28 199
45 140
70 134
50 114
33 199
86 117
73 187
79 170
89 187
38 142
5 125
85 109
38 119
47 161
67 131
6 189
66 143
16 200
84 121
79 151
2 140
90 118
83 114
83 153
64 109
75 157
25 128
35 116
9 176
33 159
16 113
38 109
94 108
27 196
96 198
3 196
66 182
80 104
54 142
39 145
43 173
73 199
91 170
19 147
30 163
2 156
27 182
56 101
35 167
71 146
37 144
17 189
90 150
99 155
29 183
7 195
83 179
37 151
53 151
2 137
99 153
12 142
47 117
26 130
63 184
95 193
81 118
30 101
12 177
1 161
51 150
66 161
96 118
63 174
7 114
76 196
48 111
100 118
4 176
59 195
7 122
92 179
15 137
15 199
49 124
72 161
65 167
17 101
80 146
76 174
69 125
62 185
73 124
68 146
64 198
80 164
92 120
47 124
49 131
11 155
22 183
51 190
66 175
81 138
51 199
31 123
68 153
98 149
7 142
66 107
11 139
44 172
99 138
22 118
6 129
85 105
6 167
89 135
90 158
79 133
8 174
7 135
43 132
37 113
65 134
62 160
62 115
3 126
40 121
48 124
65 125
13 182
5 106
52 136
44 150
1 154
29 198
8 140
81 108
97 164
63 116
61 168
13 193
56 186
49 195
40 107
34 146
68 163
21 101
64 153
2 134
90 134
49 103
92 162
72 123
13 142
67 160
23 169
90 148
55 108
13 173
66 199
58 133
76 193
85 190
92 163
29 139
76 124
29 125
23 151
79 181
23 144
38 169
20 157
49 186
61 158
69 189
10 164
89 164
88 186
12 118
81 152
61 105
50 165
66 135
15 123
97 150
31 111
1 102
28 176
33 145
82 150
98 143
86 152
31 113
49 136
58 102
9 197
69 130
70 145
34 159
5 179
52 178
18 155
66 190
47 162
55 186
1 116
81 137
10 123
48 198
36 183
16 199
42 179
100 161
88 107
54 178
78 138
69 101
55 119
64 108
62 107
89 139
44 113
84 191
36 140
62 111
77 173
18 180
52 152
54 200
76 163
16 165
65 101
47 193
44 123
34 179
20 140
44 160
4 193
24 115
86 180
13 164
1 191
57 124
4 114
61 181
50 200
39 105
34 153
8 135
34 172
96 144
17 177
22 199
20 139
98 158
58 165
8 171
50 124
47 198
97 163
6 165
72 179
89 105
22 167
81 183
30 188
2 171
54 169
17 151
37 146
88 167
98 109
57 177
82 139
13 156
33 121
1 117
63 159
19 160
26 132
25 123
52 130
86 171
26 134
44 110
62 130
53 198
1 120
72 191
81 132
33 105
33 142
64 117
7 153
52 149
15 176
77 179
66 156
89 180
81 197
25 167
36 129
40 156
22 197
9 148
28 126
19 145
96 106
92 173
24 114
39 106
82 179
87 138
74 147
83 192
35 176
16 149
60 109
41 105
84 158
9 108
23 129
81 115
64 157
34 162
34 155
78 122
77 154
47 142
23 130
11 174
8 154
22 182
54 107
66 180
6 190
65 122
58 111
74 101
60 152
37 198
11 137
80 127
61 114
17 187
83 183
42 129
76 123
63 144
46 146
97 126
86 112
58 192
76 183
75 118
33 195
48 121
59 176
43 167
16 135
37 161
90 169
85 192
1 131
57 194
53 147
95 155
19 139
39 133
39 193
5 112
44 196
84 178
53 179
17 161
90 180
10 194
18 129
28 185
36 173
3 105
79 128
95 142
10 106
47 155
83 112
91 145
89 133
6 170
54 149
10 115
48 167
70 106
42 144
79 179
43 120
21 185
71 110
34 195
100 115
57 165
72 101
59 200
57 174
22 148
70 170
4 169
31 110
47 190
39 112
75 108
17 180
19 180
89 107
46 108
91 121
85 153
91 120
6 137
13 106
19 168
87 103
53 158
12 181
52 141
78 147
29 170
78 182
27 126
100 179
21 104
19 162
84 192
16 151
53 149
57 132
86 177
50 195
86 188
59 161
25 119
16 139
91 133
11 156
5 190
2 200
87 180
42 198
48 174
56 166
44 111
56 158
2 146
79 178
38 172
97 177
91 167
3 107
4 116
26 120
9 161
62 170
14 179
39 149
10 166
69 141
92 143
67 138
100 177
6 168
32 165
21 160
60 106
63 125
85 102
28 140
25 110
58 140
10 108
23 121
41 177
90 137
96 162
26 124
47 182
30 158
39 199
89 182
16 107
90 125
92 166
85 126
63 107
84 118
9 153
46 138
57 160
49 168
34 152
7 154
97 102
34 182
17 162
57 102
71 152
66 173
44 129
80 196
62 133
12 144
83 151
6 117
14 164
25 126
83 101
41 145
29 120
38 186
58 188
88 104
8 170
15 103
85 120
11 180
76 106
39 155
77 115
42 132
29 148
72 118
56 109
3 117
63 177
18 138
59 166
67 179
34 158
4 167
94 103
68 180
46 135
64 137
12 115
14 138
23 132
82 132
31 179
90 138
75 164
96 150
37 157
73 110
18 109
32 102
46 123
4 112
47 168
20 183
89 175
34 185
49 146
30 176
15 122
38 175
42 120
57 182
54 198
84 198
90 178
32 134
23 143
27 179
18 113
50 112
75 189
58 193
4 142
18 124
61 136
7 184
50 178
98 175
58 131
49 138
53 186
50 109
58 147
81 123
51 145
84 186
28 103
85 185
49 167
8 128
26 153
75 158
44 174
36 199
90 193
21 135
86 110
1 198
98 134
81 147
24 137
76 170
35 189
33 162
35 173
26 181
72 180
25 112
37 102
55 177
36 109
53 145
10 132
26 152
6 176
71 200
95 166
39 120
20 148
63 193
72 178
91 163
42 180
61 184
23 127
34 135
15 197
87 197
24 186
79 101
3 187
26 164
22 125
85 140
73 166
51 101
69 200
35 138
79 141
75 154
51 143
45 195
38 154
82 187
80 185
30 175
75 191
37 177
77 121
79 103
73 118
66 108
24 136
75 168
25 127
11 158
82 185
52 114
33 167
46 184
68 194
60 165
48 150
41 129
14 180
51 128
2 128
87 168
15 117
67 195
24 143
25 171
92 187
82 174
37 109
45 173
33 110
11 195
60 151
14 171
91 147
67 166
14 173
35 115
92 200
4 135
4 139
4 161
27 133
71 144
84 193
68 139
52 183
2 135
21 111
20 124
33 140
59 156
93 152
48 155
64 113
13 101
95 191
61 129
21 108
16 178
19 194
14 196
73 200
58 197
26 127
79 155
89 125
44 180
52 135
81 190
9 190
71 120
82 153
91 172
51 122
72 192
88 158
85 176
86 119
81 111
44 147
11 153
57 130
35 179
72 166
65 161
51 200
4 172
72 153
43 138
19 142
93 186
78 176
67 105
38 174
9 146
12 123
92 146
43 148
32 132
11 183
45 170
1 163
19 110
91 146
20 147
2 144
59 183
17 108
54 162
52 193
92 136
14 110
21 173
93 142
34 106
8 182
37 172
32 136
48 191
14 182
2 102
23 120
45 176
4 156
75 145
40 140
57 156
3 189
87 182
75 181
1 136
85 124
86 137
80 174
50 166
56 167
8 193
46 163
91 155
67 176
83 111
72 125
77 137
14 167
63 139
38 185
77 134
75 116
2 107
56 135
83 115
64 127
43 130
88 140
81 119
5 145
67 182
51 153
36 130
46 171
91 131
62 195
57 152
39 182
60 192
31 199
82 182
39 110
90 122
73 161
19 127
15 193
92 107
30 126
64 142
94 196
76 177
57 193
76 176
80 151
45 154
73 152
43 107
28 109
35 150
16 186
10 104
74 190
26 136
32 181
10 163
30 122
74 151
62 129
56 120
82 175
98 141
50 160
33 113
67 129
68 178
53 136
81 106
51 120
9 117
5 177
41 111
49 182
9 118
9 162
89 140
78 158
35 123
18 135
74 116
67 143
100 193
80 160
91 160
7 146
34 180
1 186
31 141
79 142
33 118
19 132
85 117
65 182
2 133
9 115
2 127
70 200
9 116
57 196
12 111
79 115
10 152
67 119
32 180
68 197
44 158
58 136
53 111
89 178
44 192
82 135
75 161
51 183
63 188
72 133
2 182
2 181
6 105
34 102
43 157
100 198
80 191
58 132
81 150
25 166
70 104
46 116
48 160
5 136
7 172
58 106
71 163
99 149
57 167
78 178
27 138
100 143
54 193
98 193
47 146
43 169
61 153
69 150
7 121
35 145
20 109
82 136
38 146
39 172
7 183
81 130
92 135
65 189
23 161
50 192
100 114
63 183
5 194
37 155
80 111
8 184
15 161
81 192
42 148
9 156
64 162
42 169
37 184
11 140
84 122
44 157
93 183
4 113
89 101
4 173
8 120
29 106
36 134
19 116
72 143
82 152
62 200
70 190
21 150
21 129
64 185
38 135
74 200
96 148
73 175
50 162
34 198
53 190
18 199
51 118
5 154
4 163
23 117
40 173
99 123
88 196
9 136
63 181
1 196
85 114
42 195
77 132
65 131
10 155
52 195
72 168
67 178
91 161
23 196
37 190
7 120
42 189
51 160
88 144
68 110
15 162
36 107
27 145
44 149
86 130
49 119
99 180
53 192
48 104
49 190
18 186
47 141
4 152
51 187
69 137
53 173
90 130
13 126
54 125
55 179
29 172
97 184
33 191
93 110
18 154
30 196
21 192
79 198
20 177
78 198
32 185
81 156
72 149
44 112
89 114
33 146
46 170
71 181
35 191
4 129
95 151
69 131
23 192
80 195
38 177
54 129
90 197
75 186
27 121
20 121
73 119
19 131
21 163
37 133
12 105
71 116
84 142
31 155
33 147
64 126
5 111
19 124
44 130
82 118
93 130
10 129
94 183
18 148
6 140
21 158
21 159
97 173
12 147
3 173
78 116
81 103
53 174
42 138
2 116
90 133
13 190
56 180
48 132
91 195
42 108
55 115
100 131
64 152
56 155
52 164
33 101
21 200
70 197
54 128
66 189
56 145
94 148
7 176
23 183
8 169
23 106
14 107
16 124
75 113
40 141
3 188
8 180
22 165
56 124
86 134
68 121
17 183
25 142
36 178
46 102
49 140
29 191
52 142
42 103
47 138
15 138
39 109
29 133
54 122
73 146
43 181
38 173
70 151
9 114
10 102
57 149
16 161
65 138
58 153
34 168
76 132
52 182
46 130
36 151
75 184
13 121
59 150
53 125
25 149
79 125
54 130
73 155
33 134
33 194
3 109
84 171
28 148
57 136
92 197
69 187
95 122
57 170
42 165
98 187
6 142
24 178
100 182
90 102
93 154
25 152
26 170
13 131
98 104
51 162
71 160
92 113
61 174
84 103
95 165
1 118
58 104
40 179
71 155
52 127
56 134
34 178
17 165
19 133
48 187
97 110
10 148
35 195
70 192
44 189
84 155
9 109
8 147
48 165
81 196
33 106
7 125
73 150
57 125
76 153
45 187
90 187
71 175
2 139
47 145
39 147
76 111
66 149
96 155
72 146
10 183
71 106
91 184
39 117
45 109
9 199
39 192
49 188
22 119
47 137
64 154
26 109
61 128
68 177
90 177
2 198
67 155
45 198
31 130
43 185
82 114
49 159
3 170
75 104
25 143
14 142
53 157
41 121
11 161
93 105
20 170
95 179
1 108
42 188
83 139
6 178
29 118
11 130
2 173
93 125
64 200
43 126
30 123
22 101
13 105
53 189
37 134
92 176
80 115
42 113
54 191
67 159
7 173
31 103
8 133
79 140
70 113
47 164
59 140
86 122
63 132
91 162
24 144
32 178
11 135
54 181
33 153
57 171
96 117
44 125
79 160
74 121
66 181
83 130
75 199
37 119
9 183
22 133
39 154
89 149
65 155
15 163
59 119
42 145
19 190
21 113
8 132
25 109
55 174
40 186
13 187
12 198
69 168
8 163
76 110
44 190
74 103
31 142
80 155
14 134
47 103
84 190
84 113
31 132
69 145
69 197
5 185
85 179
9 194
92 138
27 148
100 104
38 112
69 162
94 121
60 149
70 116
38 157
68 104
51 178
35 105
2 141
85 183
57 113
64 151
46 174
58 124
25 145
60 184
64 149
47 110
57 135
98 179
83 189
39 181
63 120
32 153
39 118
92 128
15 109
89 132
58 137
50 105
7 112
93 188
62 132
99 158
66 170
91 142
81 177
39 198
56 181
79 171
73 192
63 117
29 195
98 176
65 113
65 153
2 119
90 165
84 165
12 121
30 149
67 163
9 189
23 157
89 158
32 154
21 106
67 106
98 165
39 186
32 110
78 109
39 101
91 151
15 179
73 158
46 140
93 171
87 123
10 101
9 119
79 134
29 163
63 196
14 193
26 190
49 132
83 200
27 127
2
95 173
