783 56430 2568 46 37
858 61314 21730 34 23
540 48095 98587 33 41
918 67918 97370 5 6
787 2955 68140 10 52
612 76349 28805 26 6
380 11900 33453 67 17
869 22843 2022 5 25
796 92293 17989 9 12
570 1840 33418 16 4
517 87517 41082 50 14
837 77218 94019 51 53
7 9486 36504 47 18
488 90182 87983 22 14
494 32558 939 65 44
422 38271 63639 68 8
882 50187 19916 13 12
646 90953 20357 8 8
350 52252 84524 68 35
687 84304 33063 52 26
115 46621 13282 16 28
801 4698 73568 15 43
491 47434 336 1 27
504 62174 41010 24 26
563 72001 43706 46 18
88 96523 21785 23 40
363 5251 11927 41 52
161 52303 77602 26 6
367 51395 18326 59 26
764 7232 3442 20 15
620 9440 99268 45 27
471 988 34304 29 36
894 88550 51353 34 28
940 93055 82051 3 18
555 95514 98338 24 29
493 46712 52862 55 41
70 15390 5193 7 5
695 14897 73371 65 28
367 22903 16348 24 19
169 1271 70291 34 2
118 77305 82494 52 33
102 26573 45942 32 35
28 73202 30758 23 28
43 94626 57772 41 5
516 61258 64336 7 41
476 40216 9429 22 8
816 11205 94012 5 28
725 24658 39004 29 31
533 70160 85701 11 10
583 96505 36222 67 8
561 90718 17184 30 37
689 76264 20568 50 39
299 4620 81020 16 49
938 53157 26646 54 19
525 40075 40611 13 41
192 43365 64948 25 15
381 9186 25787 22 16
631 31386 86265 41 28
0 0 0 0 0
