371 98316 94325 43 26
468 60379 51435 26 18
842 88229 37765 54 48
276 99229 16438 23 2
625 42063 67638 20 30
706 15668 73941 49 23
622 23206 21994 61 4
959 49909 8873 32 28
530 90369 51747 53 47
749 78051 88028 69 52
215 61887 41313 66 47
359 3494 33682 21 47
919 28994 43769 17 43
926 66329 22574 7 4
771 27956 39037 45 2
173 94985 58271 21 21
540 73110 78225 19 11
315 94584 35991 45 52
929 70338 47644 19 46
365 61076 9955 14 4
691 85906 24221 43 41
854 91088 40436 20 4
961 85206 63611 42 32
264 82438 82640 56 28
499 18108 55952 32 4
335 2907 13862 43 16
943 83163 87709 21 51
748 96856 44210 52 13
459 39834 78005 66 32
462 81984 45326 14 50
411 17570 62112 50 48
555 8431 90959 34 25
841 43861 58804 44 15
696 61649 574 61 29
556 99094 15236 55 37
449 3448 10436 40 29
500 24261 9119 67 40
618 46895 71895 64 21
315 48618 99214 62 28
207 88925 22597 59 38
960 61930 66125 27 18
338 33607 23787 10 19
38 91467 74968 14 26
836 36874 6485 21 27
718 7572 61632 52 23
954 8583 98393 61 23
84 87351 58698 21 25
909 75413 16216 58 39
976 30531 72073 4 27
982 32075 48474 45 16
917 10353 70792 3 7
152 19678 8765 22 4
939 17754 28617 18 40
329 48991 93260 48 21
450 24492 63044 63 11
534 84988 48076 51 19
542 40593 49154 29 18
565 91217 91648 13 51
170 88778 34582 58 41
129 475 47870 31 34
288 78674 6848 24 23
771 61750 75123 18 28
1000 1 0 1 1
1000 1 0 1 2
0 0 0 0 0
