937 55543 43377 33 44
973 79293 40085 64 37
274 14770 60380 39 51
143 21861 47256 62 35
203 28203 18945 8 9
249 57754 18809 34 2
24 9118 90361 43 47
101 47387 26313 40 4
480 14413 20091 45 19
293 39391 56683 51 16
232 62952 1948 19 52
131 63859 87091 66 20
533 32232 76788 3 28
640 40529 60911 13 15
422 98383 66128 54 46
70 95512 87666 51 13
365 4668 91639 64 11
761 62845 11957 68 51
324 33991 72762 68 22
126 25063 38958 29 47
155 37089 43025 51 2
341 46572 26653 61 32
187 4214 53334 36 19
547 87135 29500 30 4
812 7467 54164 9 45
943 83045 74397 9 27
166 64902 11 68 21
645 61709 29781 16 11
300 40354 81885 26 22
181 27352 54932 68 36
482 3070 70642 35 45
368 4897 82720 38 18
515 2346 81424 17 49
658 5808 25973 35 44
43 839 33767 16 27
887 69452 77441 29 40
490 45290 32905 44 3
459 82650 99959 20 41
627 86312 38446 25 42
778 34226 96343 60 52
662 26504 48089 7 35
156 35501 5248 19 42
655 32653 3848 42 15
56 16851 28239 13 36
241 18296 19362 35 16
70 33258 78686 25 11
9 61592 56299 30 38
224 54447 69742 9 4
906 19349 11022 8 47
871 63995 16324 26 7
970 55230 20499 14 29
853 32909 24348 14 11
335 20753 55663 3 44
196 29327 54733 30 33
950 70869 45416 24 39
400 59155 88872 53 2
51 47984 6182 33 34
918 62976 78848 8 42
348 94 12401 45 24
81 18811 78004 28 5
558 59190 57510 5 26
683 66067 18447 47 20
555 80825 15639 12 42
685 47846 43038 49 41
534 87184 11059 17 2
464 54526 94910 67 47
686 63594 77539 9 29
19 59790 73872 37 47
640 15223 94224 32 3
146 44726 84863 23 34
65 65406 99279 45 45
873 72700 78727 38 53
155 3638 71276 46 53
330 75352 40288 8 36
67 72933 45147 21 40
1000 1000 0 1000 1
1000 0 500 2 1
0 0 0 0 0
