764 20060 68691 22 43
43 75012 18457 51 35
282 6997 99171 52 7
337 36328 77085 15 26
997 48900 87982 59 27
250 49798 73789 13 28
691 4235 14678 57 24
405 61797 46140 41 5
686 94978 35380 28 51
594 30127 11575 69 25
807 56729 53960 34 2
484 12298 1963 17 30
208 83175 65003 44 45
838 74803 16488 1 23
606 71523 822 52 19
572 11805 78258 67 46
496 51226 98139 38 37
296 10636 63954 66 19
592 61080 65626 30 7
410 99753 89570 14 6
466 14812 15874 29 16
524 80530 15950 23 48
609 32564 42554 31 51
661 71199 59896 32 10
627 59561 21091 58 49
590 36957 20513 31 34
97 50213 95368 15 35
448 79691 99243 34 27
961 97236 30152 5 1
776 64836 29491 18 9
444 92632 6893 56 6
627 25835 3194 71 43
834 59640 88866 24 46
645 37284 54590 33 24
555 83459 21925 11 43
282 31555 38265 10 47
338 58083 43059 39 49
162 98389 28657 64 41
380 33103 95842 52 13
681 56710 42710 29 38
28 37542 12377 51 10
203 56388 16510 57 24
704 34056 32484 22 52
98 871 30387 2 45
493 97814 97 69 27
561 33662 82347 63 15
872 17554 86253 7 9
995 20161 63291 45 45
47 31810 36637 59 45
946 68159 42204 3 25
984 65440 84489 58 41
727 74359 47758 19 52
644 39848 98168 59 42
698 23970 35091 39 7
901 88019 66393 4 43
790 73770 27017 13 32
104 87784 44043 6 18
592 7753 96472 2 3
830 49293 57097 36 45
341 98953 53815 55 29
593 39013 78521 46 11
398 32039 72442 66 33
138 55728 47780 1 23
348 94410 53144 59 51
243 63039 29833 14 13
975 74538 44318 63 1
701 324 66558 46 25
979 16615 94011 28 11
1000 21753 61569 4 53
287 68967 48851 60 26
634 79280 6372 38 11
90 73798 44208 65 40
662 79983 20759 28 8
448 13466 77504 40 32
915 9340 48306 37 23
524 23416 98211 30 46
317 68838 59390 60 8
166 89013 54195 9 42
487 43281 51104 26 2
676 33507 47919 29 32
206 46769 97248 21 4
1000 3 1 7 6
0 0 0 0 0
