716 59709 63369 13 27
744 75857 36988 61 12
614 55764 64444 47 50
132 974 90072 61 24
419 69180 19757 66 33
659 65985 29151 21 19
233 53827 570 53 11
169 49615 26058 11 52
553 4917 34995 18 7
594 99632 19081 32 17
718 76983 44823 17 38
968 21121 62950 18 36
951 70348 1064 19 47
723 65405 68826 41 35
564 44267 95022 6 28
658 12351 11784 62 35
578 92394 36611 25 3
218 50400 75483 31 5
536 26970 46040 70 47
12 53667 32476 37 21
744 96181 2672 54 53
404 69830 2558 20 5
90 13092 20173 61 10
571 14938 52742 46 3
441 66497 15610 64 41
166 46705 16340 13 4
562 7132 68485 27 4
979 71473 94426 16 17
893 36627 97931 4 30
983 30776 29417 58 25
485 14423 51900 27 19
632 6369 14411 5 23
539 80570 72498 67 22
586 77471 35019 25 31
841 51531 98987 50 5
568 87571 66840 16 4
278 35768 13009 15 15
862 36689 85901 31 9
503 86230 28448 9 47
991 3767 67564 32 26
759 53580 26265 39 11
143 61737 76258 47 34
15 86228 95039 19 40
727 75705 27683 54 36
365 41188 11415 28 28
561 73950 27835 1 43
747 29730 98531 70 30
411 54834 29502 36 40
418 40187 10013 29 2
785 35327 30644 59 12
7 58642 2781 52 49
254 95658 46677 28 5
387 76899 77950 54 52
721 9429 38147 52 36
508 24636 31161 58 20
684 83349 1843 4 21
388 64304 13160 57 22
395 75261 86307 22 33
553 16033 82913 7 3
586 43659 44071 15 35
401 49639 39256 50 38
158 44778 65574 16 33
781 91880 73288 30 27
18 98188 49477 60 25
121 44651 54092 23 9
845 93830 47224 28 37
967 81617 1569 16 52
653 86306 18264 68 10
477 18398 24151 40 17
16 65737 11965 9 39
110 18985 13322 66 48
991 74832 58857 41 51
798 92858 28786 62 30
217 96586 39839 7 6
202 20697 87829 13 53
765 43386 11137 66 4
541 57107 65132 28 23
579 45432 42790 30 18
161 5357 61764 65 4
93 50800 89349 44 46
945 34456 92984 25 30
979 35047 83779 22 28
226 22219 49110 12 51
192 39610 20897 3 7
13 57667 32621 66 27
645 57688 33495 36 35
740 98657 56830 70 28
676 66037 97244 62 32
844 79146 93256 28 46
857 86359 96836 7 43
11 2942 48146 69 37
395 59446 30143 10 25
631 11486 82329 44 7
0 0 0 0 0
