794 36916 92778 3 49
737 89173 83427 67 15
70 23059 34023 16 37
587 72354 79498 17 6
619 724 47797 62 51
341 65085 16467 38 22
891 21649 32134 67 19
700 97698 4795 33 9
648 32291 28947 40 23
638 10874 28459 13 26
806 56852 22605 30 51
233 89436 45083 17 14
68 59427 5990 4 17
814 11132 15351 58 39
889 17956 4311 51 7
673 72556 22198 45 30
422 87335 42440 2 18
852 86507 99016 4 36
872 28829 18860 51 46
113 41352 13084 17 47
290 23920 42660 11 15
903 61730 90193 35 10
711 79970 58233 18 26
87 87331 51743 44 39
788 74883 64046 48 30
116 95569 56795 50 35
217 87543 55826 43 23
874 81305 5736 36 20
428 20529 39054 25 45
124 37582 17544 28 51
99 86464 58753 68 27
519 28827 43321 38 9
985 95816 53597 32 34
89 5361 5982 59 20
500 59684 34814 24 19
293 55383 28224 48 32
237 42870 90524 17 24
148 49956 87903 57 49
631 27209 28803 70 43
701 41239 37210 67 10
712 90770 96635 46 29
496 79928 20660 19 47
261 62719 37968 48 44
796 35048 80457 25 12
126 67251 64557 49 14
859 27646 55595 43 6
805 67124 10947 29 25
288 11557 23382 14 9
745 27631 47295 25 43
185 89142 74187 33 45
826 5546 80710 53 19
990 53492 4486 14 13
30 34957 25414 53 4
359 59968 18024 31 42
373 58052 20240 9 9
316 4736 59555 34 40
150 57447 77217 35 31
58 75110 60187 15 11
527 1102 66257 10 16
140 91255 72327 35 12
694 4413 24150 8 51
432 25348 99961 27 44
511 59317 1534 52 51
973 4351 52328 45 32
480 43900 4172 45 49
766 68898 15129 29 32
284 66132 40419 3 47
241 70888 23355 65 28
419 7397 81338 20 2
747 74636 66708 71 52
654 16549 51606 56 30
416 84241 6578 25 9
455 49947 55163 11 11
297 36405 80397 22 19
501 84909 34272 1 13
763 64673 87187 40 6
117 17775 81414 55 23
281 32289 20800 66 18
760 8429 39335 42 48
131 91010 25328 63 41
919 1149 88923 70 47
758 77487 66318 18 17
370 40801 48122 2 20
291 83196 58815 31 14
979 10960 38955 3 48
283 40585 10800 30 1
432 28192 20614 31 39
112 61879 550 8 19
296 51135 42817 59 14
329 22952 89792 19 38
337 10620 21237 1 11
747 50463 55383 69 3
151 95154 73516 10 14
62 67765 88884 32 26
333 53684 84538 9 15
23 49295 60708 20 5
999 999 500 1498 499
0 0 0 0 0
