70
1 49 1 65 
2 48 
3 46 
4 11 4 25 4 41 
5 8 5 24 5 46 
6 17 6 43 6 44 6 70 
7 43 7 58 7 62 
8 36 8 44 8 46 8 69 
9 18 9 41 
10 16 10 30 10 64 10 70 
11 61 
12 21 12 67 
13 19 13 20 13 47 
14 31 14 45 
15 50 15 53 15 65 15 70 

17 31 17 60 
18 49 18 65 

20 37 
21 23 21 37 21 40 
22 57 22 61 22 63 
23 30 23 52 
24 38 
25 52 
26 30 26 59 26 67 
27 28 27 51 

29 33 
30 38 

32 38 32 39 
33 39 33 50 
34 49 
35 37 


38 58 38 61 

40 66 
41 51 41 54 41 56 41 63 
42 48 





48 63 48 66 






55 61 

57 70 



61 64 



65 69 

67 68 



