90
1 60 1 62 1 63 1 75 
2 20 2 23 2 67 
3 37 
4 62 4 67 
5 8 5 61 
6 65 
7 18 
8 11 8 27 
9 89 
10 36 10 51 10 60 10 61 
11 24 11 37 11 79 
12 26 
13 30 13 35 13 60 
14 61 
15 39 15 56 15 88 
16 39 
17 21 17 34 17 54 17 76 
18 79 
19 29 19 59 
20 76 
21 33 21 44 
22 38 22 81 
23 28 23 48 

25 70 25 75 25 78 25 83 
26 45 26 65 

28 32 
29 47 
30 42 30 87 
31 48 31 89 
32 59 

34 71 
35 40 
36 47 
37 65 
38 59 
39 51 39 69 
40 80 
41 45 41 73 41 89 
42 52 42 79 
43 88 
44 86 44 89 
45 82 
46 68 46 75 
47 73 

49 50 49 73 
50 85 


53 83 

55 66 

57 59 
58 64 58 84 



62 67 62 77 
63 90 
64 68 
65 69 
66 83 

68 79 

70 81 

72 77 

74 76 74 80 
75 89 


78 81 





84 86 






