9423 8494 6234
3282 4926 856
79 1706 8098
7329 2215 4783
3201 37 4848
8996 7375 5855
5701 7191 3531
234 4012 2956
4110 5373 8262
3640 8053 4454
4229 4984 5832
6159 4453 2833
9877 6192 2715
9893 250 5019
9614 8010 7908
3549 7849 8932
391 973 8284
9032 7296 1480
403 5943 5360
9067 3244 7600
5513 2166 5399
6633 6732 2302
5187 5594 4050
3506 4585 983
557 1695 3009
6539 5740 5744
9547 8771 5001
4464 4728 192
7709 6210 5433
8225 3607 333
9027 258 9950
2195 5315 7800
4181 5969 7420
5231 9523 1942
5162 1083 3304
7537 7048 2358
377 3774 9453
4816 6468 1389
4096 4728 8801
3334 7401 51
3840 2867 7835
1490 4498 8959
9815 6430 1646
3238 5290 1189
7282 5176 6573
9580 9184 4756
6533 8232 9407
4322 4733 1649
1461 3842 605
2479 3512 6292
7263 4950 7454
2393 2050 1956
6196 6407 2394
8746 3998 7218
8093 8698 7218
1414 3601 9146
5295 7593 6425
7711 4322 3603
211 2136 8054
947 3628 9062
3685 3057 8631
9732 2251 6671
4210 3094 5990
8020 4203 9254
7515 8050 281
8768 8129 3395
3688 5730 5142
2322 1840 5125
522 7363 8366
7424 5729 8861
7696 5878 72
6133 7773 4489
2438 5489 7009
7124 8734 6809
4050 741 9882
2905 1462 8188
7718 8387 6929
8564 8635 7246
8049 5585 7311
879 9334 6939
5373 771 2494
108 2328 2555
3614 2592 8629
667 3298 7049
3185 5316 8398
4274 188 5986
6401 9532 2596
8192 6077 163
2092 2703 481
4982 7902 8959
905 8392 9279
6895 2866 4715
9019 3888 7734
698 7845 6056
6083 6650 2008
5616 1368 9205
8932 8528 5019
1151 8279 9141
0 0 0
