7398 933 8575
2301 9435 4784
8176 2130 8241
9801 1611 8208
8846 2376 4589
5271 3384 2915
5252 2135 3941
9413 8955 9962
5789 3038 3054
585 877 4936
7797 5348 3903
5975 1920 7433
5816 3642 4022
3139 2104 2825
3335 86 5686
9685 5968 2817
6780 347 5221
8753 4570 8618
7072 9984 8026
9461 4415 8855
5717 7442 6161
7822 6965 1863
9777 6546 9177
2800 8373 1685
8703 4777 5920
7368 5065 7277
6697 6810 899
3823 7563 8030
2448 3838 4142
9162 7965 4013
4517 1306 3852
8386 6531 9397
891 8874 7283
4066 5406 446
5916 9950 2696
7691 3289 8428
2598 1970 4627
5251 9498 884
3743 6033 1663
4277 9931 5067
7215 3494 1111
5450 6599 3105
9334 964 3892
6816 7229 2702
1795 1798 6494
5896 7646 8135
2024 4918 303
2617 7763 6925
243 8604 2879
7112 7715 6168
9359 1054 6294
9237 4608 2083
1681 8964 5157
4197 8086 5029
62 3444 7046
9107 5104 3268
6022 7205 1362
1775 6608 100
4269 1394 4704
3590 1749 3898
7504 2777 2504
6255 4625 7104
8072 5281 3229
5362 4739 1552
9497 2384 3888
5564 1265 1653
1903 1591 9201
530 3195 7215
6345 7333 2464
9005 8359 1977
4784 7302 9342
4401 4597 5588
535 7490 7225
2400 1778 3728
8978 6263 8055
7283 4467 6614
5963 5749 2202
6171 7464 8270
2074 2736 754
9261 824 884
592 9434 4073
6518 2943 8366
6030 9749 1260
5319 444 4079
4270 7524 8928
2350 7598 7659
5216 2428 4060
4737 6467 8096
9999 5117 5204
3116 7479 2860
7979 8940 4692
1158 9362 9021
9429 9034 2346
5217 2941 50
8763 4239 4054
2241 5798 4609
5867 977 7207
7120 9880 8993
323 4234 4901
291 2447 6417
572 7138 2717
5861 7856 1881
8050 564 1328
7793 4249 4251
626 5670 5873
79 884 5402
954 8622 4513
4233 9169 3087
9155 5924 4550
7236 9171 7548
6322 3979 492
3134 3984 5117
1185 5864 5196
5187 2575 3066
7597 4891 8269
698 8119 2081
922 6562 5918
748 9090 3954
7489 1006 9021
9965 5084 5533
8715 5172 2003
426 4101 3917
878 962 9688
6900 3513 5206
8511 305 3403
961 8731 8184
4505 4011 6733
7307 2369 8131
9061 6197 6208
9837 8024 2585
3017 3338 8347
5979 7322 3662
4671 4590 2657
8427 2281 8312
3371 1221 5881
1994 7838 2062
3776 5712 6690
2911 7293 1253
2142 8694 7792
6554 7025 6819
6113 2285 4599
644 1786 7317
2764 4871 1877
2284 8734 3326
1783 2956 2796
2112 2839 7650
2230 3580 4078
5392 8988 9108
7979 4048 7227
1141 2560 144
9292 7473 4643
4595 1235 3228
1659 1065 1474
8520 1803 6163
8677 2256 4923
3218 7471 5042
8945 3818 3062
6681 9216 3871
8372 6210 579
3373 9772 4960
4543 1620 21
5602 6378 2078
9485 2644 9496
3631 9250 2358
6938 7423 2212
2593 2333 1016
734 5454 5164
4076 1972 8311
7675 2323 4468
1103 3285 8937
2080 417 8828
5165 3879 3290
5486 4327 1067
6232 5737 5958
4550 7413 6176
9290 9221 2494
8555 7799 3579
7071 3868 9034
5757 1198 6846
6455 9561 3960
694 2483 6612
8560 4409 4493
3188 901 7543
7966 2855 7109
9725 3518 8484
7996 4820 7021
9741 900 2033
4547 4659 1900
8834 6332 6369
3853 3027 6506
8591 8229 3811
7784 5982 1221
4185 2851 7928
7082 9528 6653
6880 4177 9712
6314 4821 1697
4576 7906 3966
7530 5120 1771
280 228 5248
641 915 565
0 0 0
