15.9
48.9 46.2 47.5
846
97.9 22.2 53.6
33.9 71.4 96.2
5.1 72.0 59.4
20.8 89.1 32.6
83.2 72.8 21.4
90.5 19.6 62.5
78.2 48.1 60.7
73.2 57.6 76.6
5.1 8.8 59.9
13.8 75.5 24.8
91.1 3.5 40.3
98.6 5.4 84.0
36.1 7.4 60.0
34.0 68.3 15.8
98.6 53.7 48.3
94.7 67.8 4.8
36.1 74.4 73.7
8.6 31.9 75.3
76.2 28.0 87.5
28.7 6.9 1.0
30.4 83.0 27.8
65.2 91.0 70.3
11.3 28.7 93.1
36.7 88.9 47.9
98.6 41.6 95.2
60.1 27.5 67.0
0.7 70.2 76.3
21.3 29.4 85.6
54.2 98.5 55.0
29.3 45.0 57.3
1.3 55.4 1.4
95.2 88.2 37.0
13.8 18.1 24.9
79.9 79.3 39.5
92.1 79.2 10.0
51.7 60.4 56.4
86.5 88.9 11.1
39.7 54.8 25.4
20.4 65.6 87.6
81.8 88.4 16.5
49.8 51.4 84.8
94.6 38.9 36.7
12.1 80.5 50.6
6.1 96.6 75.3
24.2 15.6 35.1
4.0 33.1 6.0
72.8 19.4 6.8
11.7 72.0 30.1
93.9 15.7 49.0
37.4 85.0 16.6
59.5 35.9 97.8
81.5 49.4 61.7
32.6 27.3 35.6
14.0 73.9 4.5
27.2 78.0 3.8
17.2 65.0 39.0
36.7 55.1 14.6
82.0 39.6 0.8
75.2 45.3 70.5
57.7 91.3 15.3
15.1 8.4 86.8
74.7 0.2 70.6
60.6 48.8 64.8
8.8 99.5 3.9
41.5 20.6 44.6
7.3 56.5 33.8
48.3 95.5 90.2
2.1 34.7 25.8
75.4 74.0 17.6
7.0 38.9 23.4
96.9 69.8 39.5
61.1 24.0 61.1
38.7 78.8 88.1
3.8 41.1 44.2
10.2 3.9 11.7
44.9 97.0 31.2
20.8 7.0 79.4
18.3 71.4 10.2
39.5 88.3 27.7
63.2 84.7 0.8
15.1 44.8 65.8
96.8 43.1 77.3
66.8 10.1 33.2
26.2 91.2 77.2
52.8 18.5 86.1
54.8 74.1 50.8
82.6 50.4 20.7
23.2 71.9 69.7
12.2 2.6 55.3
32.8 49.3 29.1
74.3 99.4 39.2
37.1 71.5 94.8
72.9 4.1 16.3
8.1 81.3 62.2
63.3 21.8 91.0
84.4 27.1 14.9
72.8 18.5 27.1
84.2 3.2 13.6
21.0 76.2 99.1
85.7 5.5 48.0
85.9 23.9 72.6
46.8 59.0 98.7
84.6 87.8 69.2
56.7 38.8 75.2
58.3 96.6 64.4
15.9 9.3 69.8
52.5 6.7 36.5
64.6 99.3 38.1
31.7 7.8 87.4
81.7 26.3 49.1
93.9 78.8 6.2
21.1 1.3 20.7
7.6 11.2 79.3
55.7 94.9 25.5
35.8 72.1 0.9
75.7 58.7 40.4
7.7 47.7 86.3
93.4 71.6 12.5
48.7 89.8 38.9
80.2 90.4 40.7
42.9 88.8 67.8
95.5 87.8 15.9
40.4 16.3 64.7
16.2 26.9 27.3
52.6 68.9 97.8
0.6 93.1 98.6
6.8 55.2 2.3
58.8 94.9 2.1
62.2 45.2 68.2
72.8 96.8 50.0
38.0 25.1 51.8
37.6 1.6 71.0
61.9 25.0 12.3
92.7 72.1 15.3
95.3 33.9 37.4
20.6 50.4 2.8
34.2 78.3 20.1
22.8 1.9 95.9
26.3 24.0 30.5
6.1 31.5 16.0
0.7 34.8 50.2
47.8 87.6 11.6
66.4 3.7 91.8
10.2 97.8 50.0
48.9 63.0 33.5
39.5 37.3 5.2
31.2 85.3 47.3
10.7 83.2 54.3
38.3 66.2 70.8
91.2 69.6 91.1
55.2 11.3 8.1
20.2 5.4 85.5
15.8 9.8 37.6
71.1 94.2 31.4
12.8 28.9 22.3
27.1 79.7 3.2
10.0 46.0 12.9
18.5 10.0 21.4
31.4 17.0 52.5
52.1 0.6 76.5
87.2 86.6 6.6
92.5 23.1 43.9
47.5 25.5 33.2
37.9 10.2 53.3
94.8 16.7 15.8
80.7 74.0 58.9
6.9 40.3 82.6
64.7 57.3 90.3
61.5 72.8 96.6
80.4 85.2 57.6
99.5 39.8 38.7
8.6 56.8 2.5
42.3 80.9 32.7
3.0 37.5 38.4
53.1 32.6 19.1
92.3 46.8 27.8
63.1 16.1 54.1
91.5 67.9 73.9
61.0 99.2 41.9
10.5 61.4 63.0
93.2 54.7 94.0
35.6 40.8 56.3
20.4 10.3 32.3
35.3 75.2 86.7
11.0 59.9 62.3
93.9 31.9 6.3
57.8 26.1 33.6
16.1 64.6 30.5
55.6 61.7 86.5
61.2 45.5 63.3
35.2 62.4 26.2
13.9 15.2 51.8
11.2 42.5 15.6
10.3 21.9 79.2
1.5 63.1 67.3
11.4 7.4 24.3
90.8 74.7 66.4
26.1 7.2 36.7
78.3 49.3 74.4
61.0 1.0 33.0
28.4 20.0 70.9
32.1 26.5 3.8
36.9 70.9 52.1
32.8 4.1 99.2
62.9 29.3 26.7
82.5 97.7 84.8
31.5 59.9 99.9
12.0 71.7 65.3
13.4 85.0 85.8
49.4 69.1 72.5
14.0 35.4 70.5
75.8 2.1 97.8
29.4 7.7 37.3
62.5 20.6 52.8
28.3 29.9 46.7
23.9 78.2 59.4
24.5 55.2 28.4
46.3 25.5 54.0
61.8 22.2 82.6
81.7 50.9 4.5
54.2 25.7 47.3
76.6 59.8 9.1
5.6 41.0 39.5
84.1 14.1 90.5
74.0 88.2 50.5
4.0 87.7 76.8
18.2 49.0 1.3
58.0 11.5 24.2
57.2 81.7 90.3
15.9 6.9 0.6
11.3 97.7 90.4
11.2 27.1 58.7
38.7 35.2 85.3
15.4 77.8 89.6
23.3 29.3 31.7
7.6 60.5 48.6
62.5 15.9 21.3
47.2 36.1 57.9
98.5 13.6 0.7
97.3 92.4 52.9
55.7 28.8 55.0
7.5 24.1 1.7
75.9 71.5 34.5
75.5 72.6 60.9
57.9 72.4 56.1
17.4 90.4 39.9
67.7 0.5 94.5
21.2 73.7 37.2
45.0 33.3 3.8
67.4 77.5 25.0
15.3 33.9 76.5
36.7 43.6 91.4
1.8 54.0 20.9
68.6 75.1 34.9
64.9 36.0 62.8
55.5 92.5 87.6
1.3 43.6 85.8
15.0 22.8 40.6
73.8 96.7 21.5
69.0 92.1 56.8
55.6 56.6 94.9
70.2 77.8 24.3
89.0 86.3 9.0
7.3 78.1 44.4
19.7 1.5 17.5
31.9 68.7 30.3
24.4 59.8 0.5
13.7 48.4 56.9
56.3 67.1 55.4
13.7 13.7 33.0
2.0 39.3 19.1
36.3 56.2 37.0
15.8 5.2 0.2
54.5 0.9 38.4
29.0 34.0 58.8
76.7 28.8 88.5
67.5 86.3 79.1
18.1 24.7 28.8
93.1 39.7 19.7
68.6 40.7 40.1
31.1 76.5 22.1
91.0 44.6 22.4
28.6 57.4 61.6
45.8 13.0 37.7
25.5 76.1 83.4
13.4 13.9 38.3
24.3 1.9 20.9
57.9 95.8 64.1
41.9 73.6 77.5
79.5 7.4 81.2
87.5 99.2 7.3
87.5 38.1 97.5
78.8 25.3 84.2
57.9 10.5 2.9
83.5 3.1 70.1
17.2 46.7 69.1
61.0 77.4 3.4
93.6 83.2 1.1
25.7 9.7 5.0
46.4 9.5 71.4
83.4 62.3 65.2
47.7 83.9 6.8
62.8 93.1 83.8
23.4 6.9 89.6
88.7 86.2 48.5
20.2 21.8 3.3
6.2 5.1 30.6
68.4 38.7 10.9
78.4 16.7 8.8
61.3 90.7 98.6
70.8 59.5 74.2
91.2 32.2 36.9
33.8 88.9 5.7
14.6 68.6 39.9
39.3 37.4 30.8
18.7 11.1 37.9
30.3 51.2 61.1
42.9 37.8 15.2
53.5 80.1 69.7
3.9 66.6 89.4
60.6 18.1 70.2
20.6 6.1 68.7
5.5 51.6 84.1
71.2 50.2 54.9
27.5 96.4 35.6
3.6 72.0 76.5
55.5 30.5 14.6
45.8 99.3 14.6
21.8 12.4 44.6
6.9 66.8 29.9
40.1 74.8 30.7
76.1 36.5 26.6
67.9 40.5 90.6
24.5 16.4 97.8
6.5 2.0 31.8
36.1 16.0 54.7
8.9 49.3 85.5
98.1 86.9 70.1
67.4 92.9 83.4
7.1 82.4 68.8
95.2 37.1 97.9
69.4 48.3 27.0
2.5 59.1 18.1
73.6 28.2 45.2
97.2 96.0 81.9
76.6 14.9 47.0
81.9 97.8 39.3
32.9 32.4 73.4
28.8 98.6 77.2
91.5 1.1 83.3
87.6 76.3 73.4
35.9 28.1 12.5
38.1 8.4 20.9
48.6 84.6 56.9
48.0 74.6 16.8
29.6 34.0 2.0
80.3 61.9 0.5
81.0 68.8 6.7
24.2 84.5 14.5
34.6 76.0 64.8
7.6 31.4 78.0
65.4 89.3 35.1
0.2 7.2 9.8
17.9 95.0 51.1
11.4 24.1 14.8
60.7 27.2 69.2
70.8 26.9 0.5
88.8 74.4 85.9
80.4 86.5 39.2
69.0 81.0 95.5
69.4 31.1 67.0
1.8 75.0 97.6
46.9 34.8 49.6
20.8 50.5 59.5
1.7 1.7 35.4
83.9 5.4 15.4
81.3 91.5 97.0
2.6 10.9 27.0
17.8 18.8 42.3
41.3 29.6 13.2
41.9 97.5 5.3
96.0 51.1 28.2
20.3 13.8 96.6
63.6 69.7 38.1
1.8 74.0 44.7
91.7 39.7 82.6
8.5 68.4 16.6
63.6 91.2 59.5
23.4 50.7 80.5
66.2 23.3 53.4
20.8 29.1 73.0
78.1 90.3 59.6
9.8 27.2 29.0
80.3 28.1 88.0
43.0 7.8 90.1
8.6 1.9 7.5
46.7 49.2 25.1
59.7 71.5 5.7
58.8 99.9 58.8
2.5 0.7 62.4
76.8 11.5 42.5
8.0 43.3 96.5
42.6 32.3 0.4
75.7 20.5 19.6
0.5 3.3 87.1
42.7 42.7 17.0
70.8 68.2 71.7
96.4 91.0 23.6
69.3 20.9 79.1
35.9 61.2 23.0
28.9 75.5 57.4
64.6 90.7 43.5
91.1 79.8 92.7
18.8 81.5 57.0
57.0 26.0 89.0
95.8 85.2 19.7
94.7 43.0 76.1
18.6 53.0 19.3
31.1 81.7 33.9
49.2 51.2 28.2
44.1 21.2 50.6
91.1 81.0 67.8
42.2 8.4 47.7
7.4 83.0 11.2
96.2 14.1 81.8
50.0 92.1 73.4
25.3 33.2 35.7
30.0 93.1 6.0
37.8 50.9 5.4
96.5 50.9 13.8
32.1 63.2 83.5
57.7 63.6 35.5
10.9 13.1 93.7
0.9 13.8 72.8
67.9 88.6 18.9
50.3 81.3 21.2
93.7 42.7 14.5
64.7 63.4 88.2
93.8 3.2 26.9
75.9 62.6 71.2
29.9 44.3 68.0
83.5 1.9 31.1
77.3 99.1 48.6
22.1 46.2 68.5
29.4 44.8 36.9
1.5 48.1 75.3
45.9 64.3 77.8
54.8 64.9 36.7
52.9 57.8 0.6
62.1 30.0 93.5
33.3 19.3 65.4
7.1 63.1 80.1
91.1 68.5 36.6
36.4 73.3 53.2
66.7 91.0 4.1
37.0 91.7 10.7
97.3 81.8 9.2
90.5 67.6 5.6
30.9 89.2 33.8
61.8 63.0 14.0
79.8 8.5 90.1
2.5 6.1 21.4
64.4 0.2 5.8
65.1 51.9 42.6
41.8 71.3 80.1
74.0 94.0 84.6
99.6 40.9 27.3
22.5 85.5 29.6
79.2 89.7 2.1
95.7 20.6 60.4
97.2 38.8 2.0
86.6 17.9 62.3
55.3 73.6 46.4
39.9 23.3 60.9
92.0 0.0 72.6
77.8 31.2 48.9
40.6 67.6 32.4
11.4 6.9 33.6
86.2 97.3 98.1
46.2 26.5 1.0
5.2 89.5 76.6
19.0 38.1 22.0
6.3 88.4 47.2
26.2 57.0 74.4
14.2 94.3 37.7
62.3 31.2 27.2
38.3 2.6 62.4
41.3 4.5 51.7
36.2 34.2 95.9
28.3 26.0 35.9
17.6 37.2 10.8
29.1 18.1 69.8
22.5 0.4 64.0
57.6 24.4 78.2
18.0 58.0 11.2
48.5 81.7 39.8
21.6 41.1 47.2
71.3 63.2 75.1
65.7 9.1 46.4
3.5 96.2 66.4
34.0 64.4 1.2
23.5 15.0 12.0
42.5 24.7 59.2
82.6 81.6 57.0
30.1 12.1 1.2
93.9 47.2 28.3
5.7 14.2 48.7
40.4 23.3 70.2
93.7 13.9 0.6
94.7 22.9 27.1
49.7 27.6 86.1
58.9 84.3 73.4
26.7 77.4 90.5
26.9 68.3 97.5
91.7 21.9 38.5
70.4 75.5 87.9
94.0 60.1 26.5
54.3 25.2 36.1
59.5 40.1 20.0
24.2 83.0 7.0
82.7 27.4 85.1
84.0 39.1 21.9
16.6 87.8 85.8
78.1 53.5 45.3
92.9 95.3 55.2
21.0 85.8 1.7
13.7 1.3 93.4
15.1 19.3 92.8
41.5 46.0 75.8
0.9 55.1 17.0
21.5 15.5 20.1
56.4 11.9 33.2
42.7 93.2 82.8
8.2 86.8 96.5
49.7 74.3 61.8
25.0 5.7 40.7
78.4 38.2 8.6
44.8 26.2 9.4
1.7 3.4 72.9
94.0 58.6 98.2
27.7 25.3 36.9
46.7 37.6 26.1
36.6 51.9 39.2
41.7 26.3 40.3
55.2 28.6 17.6
87.4 50.3 26.4
28.0 54.8 37.7
48.6 26.5 84.6
96.3 10.8 49.6
77.2 95.3 40.8
98.2 33.7 59.4
3.3 62.2 75.0
45.4 8.5 62.4
65.8 63.8 4.3
32.5 30.5 71.0
23.2 99.6 83.9
3.1 91.7 26.1
31.1 9.5 31.2
37.9 82.3 46.9
25.0 51.1 39.0
92.7 30.6 35.5
81.0 87.8 73.6
42.0 8.3 78.1
58.8 19.7 56.4
21.4 62.4 68.7
89.1 22.2 65.9
4.5 42.2 81.0
80.8 85.5 48.0
47.4 98.2 33.3
62.8 67.6 86.5
6.2 85.0 3.6
13.7 84.9 46.4
73.8 33.7 33.3
95.5 31.7 15.5
89.2 31.0 32.7
73.0 67.7 44.1
74.5 25.6 75.4
66.2 37.7 75.3
80.7 24.8 36.0
14.3 76.5 15.7
87.3 97.5 3.7
21.4 97.5 77.3
80.8 8.4 40.6
49.2 27.9 79.7
2.8 0.0 95.1
22.3 11.3 83.9
20.7 57.2 1.4
54.1 45.3 39.1
19.4 24.7 51.7
75.1 37.9 57.9
35.5 70.5 27.5
5.4 90.8 72.2
75.2 38.2 61.6
78.1 80.8 60.9
29.9 14.6 73.2
94.0 18.8 96.0
63.7 18.5 7.7
38.0 77.3 86.7
4.4 69.8 19.2
7.6 43.3 69.2
23.4 37.0 98.5
98.5 33.0 78.9
3.4 25.5 91.9
50.0 39.3 38.8
33.8 0.8 32.0
17.7 25.3 8.8
8.4 89.7 19.4
44.7 20.6 52.8
38.3 95.5 9.6
46.3 92.0 63.1
65.8 48.7 94.2
19.6 3.7 80.4
87.8 8.3 36.1
56.5 57.3 49.5
45.8 52.8 77.9
99.3 62.4 1.1
2.9 69.1 15.9
43.3 93.6 98.4
86.7 39.3 21.1
5.1 98.4 82.1
39.6 36.0 65.0
19.4 52.5 10.5
40.1 45.9 92.0
59.4 2.3 11.5
88.9 56.7 94.0
38.6 61.2 31.6
60.9 64.0 74.2
6.0 90.0 29.6
48.0 14.2 45.2
45.5 70.5 54.1
28.6 93.3 56.3
62.3 51.9 97.0
62.6 67.3 93.1
26.9 68.8 35.3
66.9 93.7 58.8
98.0 16.7 63.4
47.5 48.1 2.8
69.5 15.2 34.1
6.9 16.7 36.9
1.6 47.3 36.9
62.6 10.4 84.8
98.2 29.4 99.7
42.6 69.0 89.0
61.2 75.5 34.7
3.6 91.2 67.4
54.5 93.2 36.6
97.1 96.7 47.5
13.6 28.9 44.8
9.7 27.7 39.2
5.4 84.3 84.6
56.2 19.9 50.9
55.6 72.0 71.3
61.9 50.4 95.5
56.0 4.7 69.9
97.1 82.9 5.4
27.1 69.6 1.7
26.7 42.1 15.1
33.8 10.5 21.7
84.8 11.7 42.7
67.5 33.4 22.1
53.4 62.4 47.0
11.4 20.2 0.8
98.8 82.2 80.4
92.1 4.2 50.0
36.8 54.0 41.0
33.8 45.3 64.6
4.5 91.3 94.5
21.0 78.1 2.6
55.9 80.4 12.1
78.7 83.7 94.5
63.1 95.4 53.9
79.0 7.1 45.8
86.5 17.4 70.8
10.0 96.9 70.4
74.2 53.5 43.7
57.6 17.5 5.9
17.8 70.1 38.7
36.2 93.3 9.1
43.5 3.2 72.4
96.2 80.3 18.9
80.0 9.4 21.8
3.2 34.5 23.2
58.7 98.2 73.9
59.7 44.2 82.7
23.2 52.6 46.4
9.7 38.3 84.8
10.7 43.1 33.1
8.4 4.0 20.3
43.9 2.6 89.0
91.5 64.8 73.7
1.5 68.9 9.9
42.6 7.3 32.5
67.3 82.2 36.3
7.9 30.3 88.5
71.6 77.3 57.1
27.3 73.7 25.7
64.5 99.4 24.6
91.9 94.6 12.3
14.0 38.1 28.7
57.3 19.4 49.2
30.8 85.9 22.9
59.9 83.0 38.1
37.0 42.6 63.3
64.9 86.2 78.0
65.4 55.0 56.4
56.7 73.0 51.5
97.4 26.4 97.5
95.2 43.9 77.8
21.5 36.3 71.3
78.4 7.8 35.8
36.3 60.3 37.5
27.0 26.9 56.8
40.1 69.5 55.8
95.0 26.8 47.9
43.8 52.6 43.1
86.5 28.8 79.6
30.7 10.6 94.6
23.7 90.2 2.5
73.6 52.1 56.1
9.8 66.9 40.3
95.4 37.2 45.2
11.1 44.9 66.8
7.9 95.6 22.9
70.5 5.3 30.5
7.9 29.7 2.5
39.7 28.2 46.8
62.5 6.5 13.6
51.2 77.2 47.3
3.3 34.8 68.7
68.4 26.4 53.8
50.6 40.7 37.4
90.2 95.0 13.6
52.3 12.4 25.8
45.8 11.3 57.7
54.3 92.5 96.4
84.0 21.6 11.2
47.1 60.0 11.8
54.5 90.5 25.2
22.7 37.1 28.8
12.3 58.2 59.4
83.6 10.5 83.8
60.3 10.3 83.8
38.6 12.8 82.0
76.5 22.3 48.2
32.6 8.0 91.6
26.3 74.6 75.4
65.1 33.5 3.9
79.7 74.5 65.8
83.6 75.7 67.2
27.6 13.1 14.9
44.2 29.9 48.6
97.7 17.0 44.0
22.3 43.5 48.5
25.2 95.6 9.7
27.9 77.4 98.6
81.5 9.9 3.4
71.3 67.3 16.2
83.5 33.7 73.2
28.8 85.2 47.5
14.1 58.7 17.2
57.1 82.6 79.8
94.4 4.5 24.0
35.7 77.4 35.7
47.7 1.8 70.3
1.1 91.1 61.5
78.7 29.5 44.4
22.1 97.2 8.2
44.3 93.3 2.0
49.3 13.9 19.6
83.2 13.3 57.1
10.8 14.6 92.7
38.6 68.1 39.3
80.9 96.8 14.5
86.8 67.4 88.4
95.2 99.9 22.6
91.1 24.2 31.6
69.3 0.1 45.0
37.3 69.1 59.4
96.3 24.1 48.4
82.0 72.5 63.0
51.5 82.3 41.9
23.1 83.2 35.7
85.8 6.9 23.4
44.8 86.0 85.8
42.1 64.0 52.6
61.2 0.0 24.9
82.3 9.5 46.6
58.0 38.6 25.4
38.3 17.3 67.7
72.3 6.1 17.3
33.1 46.1 48.4
19.3 12.7 86.6
69.3 40.3 29.8
88.5 0.9 41.5
71.9 28.9 85.4
56.1 94.9 57.5
43.0 59.7 90.9
73.2 44.8 11.1
66.9 19.1 61.9
60.4 85.1 33.0
28.8 96.8 51.0
40.6 60.0 42.5
42.5 59.6 53.4
25.2 77.7 31.3
91.0 59.1 5.8
88.1 61.3 6.3
93.3 71.2 7.5
30.7 10.1 1.2
78.3 12.0 90.6
78.3 9.7 36.7
61.3 33.3 54.2
50.0 18.9 3.2
88.7 24.7 16.1
90.8 61.9 23.2
27.1 54.4 24.7
60.7 33.3 22.5
81.1 39.4 92.6
10.2 88.7 41.1
19.1 82.3 15.7
73.7 97.8 88.7
13.6 31.8 97.9
64.4 74.2 96.8
56.9 39.6 76.2
53.2 76.7 39.5
6.1 96.8 49.2
86.6 65.4 61.5
58.4 32.2 40.7
86.7 64.8 31.3
97.8 69.4 1.9
99.6 57.2 38.5
19.7 38.2 28.9
60.1 54.8 35.2
88.8 33.4 12.2
11.4 56.8 43.8
79.5 82.4 97.9
98.6 19.1 28.8
29.8 67.9 50.6
27.5 67.3 16.0
1.8 47.5 69.3
38.6 61.6 23.6
33.9 8.8 68.3
94.1 49.9 73.6
34.6 18.5 98.8
69.3 75.2 59.3
57.7 3.8 91.6
60.4 10.9 57.5
