14.1
49.9 52.0 53.3
467
33.4 50.0 16.9
72.4 47.8 35.8
96.2 46.4 70.5
14.5 28.1 82.7
96.1 49.1 99.5
94.2 82.7 43.6
39.1 60.4 90.2
15.3 29.2 38.2
42.1 71.6 71.8
89.5 44.7 72.6
77.1 53.8 86.9
91.2 66.7 29.9
3.5 89.4 70.3
81.1 32.2 33.3
67.3 66.4 14.1
71.1 25.3 86.8
54.7 64.4 66.2
75.7 3.7 85.9
72.3 74.1 52.9
77.8 31.6 3.5
19.0 84.2 28.8
10.6 4.0 94.2
26.4 64.8 44.6
80.5 89.0 72.9
37.0 35.0 0.6
10.1 39.3 54.8
62.9 62.3 8.4
95.4 75.6 84.0
96.6 37.6 93.1
30.8 94.4 43.9
62.6 32.3 53.7
53.8 11.8 8.2
92.9 54.1 83.3
11.5 63.9 65.8
70.4 93.0 97.7
30.6 67.3 38.6
2.1 74.5 92.4
7.2 27.0 82.9
77.7 57.3 9.7
51.2 98.6 29.0
16.1 63.6 35.5
76.7 65.5 57.4
3.1 5.2 35.0
15.0 94.1 72.4
96.6 43.0 10.7
19.1 0.7 33.7
45.7 28.7 75.3
38.3 94.5 90.9
20.9 75.8 22.1
58.8 42.2 94.6
50.6 3.0 41.3
16.8 90.0 59.1
76.2 65.5 41.0
35.9 62.4 53.7
54.8 48.3 59.5
4.1 60.2 35.0
29.1 83.6 37.4
2.0 59.6 2.1
34.8 19.9 66.8
48.4 28.1 73.4
5.3 99.9 41.8
93.8 90.0 78.8
12.7 46.7 72.8
89.3 64.8 48.3
80.7 42.1 31.0
61.7 81.3 51.4
30.9 61.6 93.5
45.1 60.0 24.9
51.9 55.6 79.8
30.3 22.4 0.8
84.4 60.9 98.9
70.2 19.5 48.5
9.3 34.3 52.3
58.7 31.4 50.3
44.8 20.0 45.8
61.8 58.0 79.6
79.8 28.1 58.9
79.8 0.9 15.7
47.2 62.2 53.8
29.2 3.8 17.9
19.0 65.7 95.8
19.1 81.5 88.8
15.6 51.1 20.2
63.4 27.2 5.5
32.8 64.6 36.2
88.6 87.5 43.3
86.9 14.2 84.4
41.6 88.1 99.8
32.2 65.1 2.1
69.9 55.7 47.6
89.2 38.9 7.5
71.2 60.0 51.0
0.3 86.9 86.1
68.8 40.1 78.9
25.5 42.3 0.2
58.5 18.2 28.5
8.8 42.6 61.7
75.7 83.2 93.2
16.9 15.4 72.1
18.9 97.6 32.9
36.8 69.2 42.5
55.5 43.4 54.9
44.1 51.2 14.5
6.0 71.8 75.3
13.9 42.3 27.9
99.6 68.7 52.9
54.9 43.7 86.6
94.9 19.3 19.5
29.7 41.6 28.6
10.5 48.8 28.2
45.5 73.4 11.4
70.1 31.6 67.1
78.6 26.3 31.3
35.5 18.5 5.3
91.2 80.8 83.2
94.5 31.3 75.6
32.1 55.8 64.6
98.2 48.1 14.4
19.6 22.2 12.9
16.1 53.5 45.0
17.3 46.6 4.4
65.9 29.2 43.9
25.3 2.4 15.4
51.0 74.5 64.9
18.6 31.3 47.4
2.2 16.8 1.8
78.7 90.5 95.8
39.1 20.2 62.5
47.7 41.4 31.4
82.4 33.4 87.4
37.2 15.9 83.3
7.0 48.7 29.7
51.8 17.7 77.3
27.0 76.3 66.8
19.2 98.5 10.2
48.0 21.3 62.7
80.2 9.9 52.7
62.5 54.3 92.4
2.3 97.2 6.1
18.1 0.3 43.2
50.5 59.3 72.5
3.1 49.2 14.2
22.2 28.6 6.4
90.0 18.7 36.0
41.3 97.4 27.0
17.0 23.5 83.3
71.1 76.0 89.6
66.7 28.5 55.0
14.0 69.4 69.5
62.4 1.9 12.5
57.6 69.4 65.8
30.2 37.1 46.6
67.8 59.3 85.1
48.4 1.8 46.4
11.9 15.2 80.0
8.7 6.0 92.6
1.0 75.7 17.0
31.5 57.6 22.7
4.3 75.8 16.4
10.9 88.2 8.6
56.5 48.7 57.7
47.4 62.5 62.7
62.9 92.8 42.3
52.0 90.2 96.2
12.3 59.6 73.7
26.1 19.5 52.5
26.4 26.0 20.2
11.6 3.0 32.6
1.1 77.1 41.1
54.7 15.3 52.0
79.0 92.4 18.8
76.3 94.0 85.1
66.2 82.9 90.0
71.3 95.8 57.8
36.5 0.7 47.7
20.0 5.8 43.9
30.3 76.0 35.7
32.4 47.7 10.8
11.3 88.7 80.1
85.0 46.0 42.8
99.3 38.4 40.5
54.0 11.1 70.4
83.5 35.6 7.2
35.0 82.3 48.5
55.6 21.6 62.6
35.7 52.6 35.7
33.7 27.1 86.9
36.1 89.6 2.2
61.7 11.2 71.7
69.6 58.5 4.1
42.3 12.9 22.9
56.5 55.9 93.2
29.6 85.5 5.3
96.2 58.4 73.4
65.4 97.2 45.7
36.9 53.2 96.3
60.7 48.3 91.1
63.5 6.7 84.8
67.5 93.8 22.3
14.2 75.4 51.1
74.1 17.5 45.9
82.5 22.1 87.0
62.6 93.4 20.5
78.3 85.0 39.8
27.9 70.1 19.3
73.4 63.7 53.4
55.6 99.3 17.6
70.5 96.2 54.8
88.1 30.0 41.3
64.1 85.5 85.5
14.2 46.2 61.1
87.7 42.4 67.8
75.2 44.3 29.6
67.3 4.0 31.3
87.5 7.2 81.8
61.0 1.7 93.2
11.2 69.5 16.9
83.1 4.0 48.8
68.5 9.0 49.7
58.9 99.0 14.5
35.3 31.4 65.1
74.0 4.4 25.8
33.5 75.9 19.2
60.5 26.4 18.1
50.3 82.9 77.5
60.8 29.2 99.7
54.9 55.6 56.1
62.7 46.7 54.1
12.9 24.0 81.3
17.4 60.1 7.7
21.5 68.3 21.3
99.2 82.4 60.1
39.2 75.9 67.0
42.8 2.7 8.4
7.5 78.6 49.8
97.0 28.7 84.7
60.4 50.3 22.1
66.3 70.6 36.3
1.0 17.1 48.9
24.0 16.4 54.2
61.9 91.3 59.1
70.4 81.8 23.2
75.0 20.5 97.5
53.9 30.3 42.2
9.8 24.7 58.4
64.8 97.1 86.4
91.3 7.5 54.5
71.2 54.6 67.8
76.9 26.2 51.9
98.5 28.9 94.4
86.5 54.0 24.5
50.8 31.8 87.0
60.1 32.3 13.2
47.2 15.2 8.7
57.0 76.3 90.1
10.3 42.3 52.7
60.0 96.9 1.5
56.5 2.8 54.3
34.7 8.8 94.3
63.7 40.9 46.3
4.9 68.1 58.8
34.2 60.8 6.0
22.1 75.8 95.4
88.8 14.6 69.0
94.9 84.3 43.0
62.0 74.8 6.7
53.6 78.3 3.5
22.6 18.5 3.8
85.3 62.9 22.4
74.8 92.3 35.9
25.7 76.6 94.4
95.5 31.8 72.6
41.1 2.5 35.5
0.1 54.9 49.6
58.4 51.5 96.4
34.2 7.5 91.3
14.2 19.6 94.8
7.2 42.6 60.6
17.3 42.9 40.4
70.5 62.6 81.2
37.5 9.3 56.5
3.6 73.6 14.1
81.4 99.4 25.6
65.2 93.6 83.8
48.2 35.5 1.5
13.1 23.0 84.1
62.5 1.1 63.7
18.6 69.0 65.0
66.2 63.4 89.3
35.3 41.6 45.2
0.8 26.2 23.3
45.4 30.3 63.4
30.3 25.6 14.8
12.4 31.7 21.3
10.9 2.8 20.0
8.0 31.8 85.8
5.0 15.5 36.1
26.4 90.3 67.6
64.3 90.9 90.2
56.1 48.9 94.8
28.2 65.3 67.4
22.0 40.2 92.3
83.1 36.9 87.8
25.9 0.8 61.9
97.1 0.3 94.5
78.1 50.4 39.2
68.5 31.3 69.8
58.9 72.2 93.8
3.7 41.0 46.1
23.4 50.8 96.1
95.9 49.3 51.5
26.9 93.7 86.9
5.8 70.0 97.1
26.4 11.7 21.5
55.5 81.5 33.0
3.9 21.2 28.8
8.2 95.4 8.5
71.0 48.4 77.4
38.0 81.5 95.1
54.1 11.5 67.9
11.0 89.8 7.3
78.8 97.7 13.2
95.6 68.9 11.3
0.8 94.1 79.0
72.3 36.3 2.8
18.4 77.8 20.0
7.1 88.5 97.4
7.1 33.3 86.7
15.3 29.5 16.8
82.5 67.6 62.9
65.0 59.8 30.9
69.3 68.6 8.0
11.6 24.9 66.7
52.8 67.9 86.4
42.1 40.5 82.6
81.6 51.6 72.6
66.6 8.7 68.1
96.4 34.0 68.6
2.1 66.2 72.1
6.4 30.9 41.5
90.2 87.3 12.4
94.1 74.5 76.2
42.3 53.1 80.6
26.8 31.8 60.2
90.7 30.7 48.1
1.2 13.6 63.0
11.4 80.9 8.4
55.6 29.0 29.3
99.6 15.2 5.4
34.5 70.8 24.8
49.1 71.2 13.1
11.4 43.9 95.8
72.2 70.4 99.5
5.2 26.9 47.9
23.8 42.3 91.8
86.6 65.9 49.8
48.6 19.6 46.2
63.3 15.8 2.2
14.6 39.2 3.7
92.5 64.7 45.8
60.2 80.7 9.8
83.0 29.2 60.0
27.8 79.9 35.2
44.8 88.2 54.0
31.5 57.5 76.2
56.7 33.6 39.7
41.8 89.7 82.8
85.1 81.6 23.0
44.9 92.5 65.8
22.9 52.0 94.0
56.0 14.7 16.2
65.5 67.5 79.2
36.1 75.4 39.8
14.6 71.4 94.6
18.8 56.9 63.8
66.3 7.5 51.5
52.1 47.5 61.5
52.8 23.4 57.0
90.5 46.4 55.7
96.2 16.1 52.4
54.9 46.9 33.0
92.3 35.0 33.3
92.5 91.0 73.7
33.6 33.7 27.8
39.3 63.6 71.4
16.4 59.1 94.9
13.5 50.5 33.7
0.4 33.7 62.3
66.4 97.0 60.8
56.8 28.1 8.5
15.2 37.3 65.2
19.4 87.6 82.6
39.6 57.2 24.9
64.0 17.4 81.9
94.3 61.1 94.1
28.9 41.9 56.5
80.5 58.5 21.6
45.0 61.5 60.9
6.4 16.6 89.3
7.4 50.9 30.0
69.5 57.3 58.9
16.1 17.2 96.8
35.8 3.1 26.8
42.6 51.0 42.2
77.4 77.9 91.0
55.2 18.2 39.1
49.5 76.4 87.4
36.4 90.2 25.5
46.0 47.4 97.2
82.1 12.2 54.7
57.7 78.9 60.5
19.5 59.4 95.0
34.3 75.4 48.1
1.2 67.2 43.9
42.8 91.2 76.2
96.7 40.8 41.5
90.8 22.3 75.9
43.4 20.4 48.6
31.9 95.8 94.5
80.6 16.6 70.0
36.7 69.2 78.7
53.2 55.6 97.4
44.7 2.1 28.3
22.2 33.1 37.6
58.3 94.8 72.3
98.2 1.8 77.6
22.0 11.1 18.2
85.6 49.0 92.5
32.4 48.6 67.7
96.9 64.3 53.4
67.7 66.8 6.8
99.1 19.6 78.3
82.8 72.7 42.6
87.1 69.7 61.2
70.3 2.7 40.8
54.5 50.8 18.5
23.8 23.7 44.3
31.3 50.1 85.0
12.8 11.1 65.0
14.9 19.2 45.4
86.9 68.1 46.5
26.7 71.3 79.3
63.4 47.2 97.2
83.0 90.1 44.2
17.7 87.7 77.0
70.2 36.4 38.1
59.0 82.3 23.7
2.3 17.9 59.5
16.9 32.7 4.2
31.0 18.2 5.8
92.6 48.7 67.0
52.8 65.1 25.8
21.3 86.0 78.3
28.6 74.2 61.0
47.2 12.8 43.4
84.1 71.8 50.3
86.7 86.5 93.8
88.1 25.7 75.0
61.4 59.8 45.8
66.1 6.3 75.6
80.7 27.8 48.9
43.5 36.5 7.5
58.6 38.6 83.3
36.0 33.0 4.8
92.8 49.2 43.3
84.0 76.6 73.5
81.0 59.9 83.7
