15.2
51.1 48.7 47.5
369
24.4 79.4 60.8
25.2 64.7 43.2
53.5 20.8 26.4
49.7 24.3 64.9
1.5 84.1 18.9
10.0 81.2 64.8
52.3 85.1 47.4
63.3 89.1 20.0
85.4 99.0 69.7
91.9 78.0 57.8
93.1 54.4 34.0
48.7 89.9 52.5
48.3 53.8 49.2
19.3 25.2 1.1
56.0 83.4 84.0
49.7 78.5 52.9
54.0 80.5 79.1
39.2 21.0 54.9
57.8 97.9 97.1
27.7 7.3 19.3
62.0 49.7 82.6
27.6 79.0 58.2
57.8 15.9 41.8
48.9 15.9 44.9
92.4 7.2 38.0
0.8 96.7 20.8
47.7 50.3 37.0
60.7 19.6 7.4
72.2 61.1 1.9
76.1 5.6 89.0
16.3 68.3 71.6
93.2 45.2 74.1
95.4 81.3 86.2
39.6 46.0 61.5
90.4 59.9 13.6
68.0 19.8 3.2
38.7 58.4 24.0
51.7 0.6 67.0
24.1 88.2 24.9
52.3 75.8 10.5
62.1 9.5 29.6
91.6 67.8 17.8
57.9 5.8 57.7
75.0 0.7 72.9
8.1 99.5 67.8
67.6 75.3 89.9
78.4 56.5 9.3
60.8 17.2 24.3
92.9 51.4 16.8
5.5 19.1 97.3
92.2 74.8 65.1
98.6 14.4 44.6
57.7 51.7 62.9
91.6 87.4 79.1
46.9 91.2 14.6
69.3 9.1 81.5
94.9 85.7 64.0
5.2 23.6 55.1
48.7 22.6 16.2
95.5 18.3 39.4
18.0 9.7 6.5
6.5 51.3 26.1
57.8 7.8 87.8
14.0 61.1 94.7
44.5 17.0 97.5
48.9 75.0 14.9
33.3 86.5 21.4
28.2 0.7 43.2
89.6 36.7 52.2
88.2 81.0 64.1
23.1 18.7 70.5
47.9 32.1 53.8
35.1 44.7 20.8
64.6 27.6 75.9
18.9 42.2 66.6
48.6 45.5 2.8
61.4 86.0 25.3
77.7 34.8 50.3
86.1 43.1 8.2
45.5 19.7 10.6
75.2 82.1 29.6
28.1 2.1 45.5
94.7 12.4 31.8
13.5 37.6 77.4
85.9 99.8 7.4
25.3 92.2 63.5
64.3 88.8 15.3
23.2 74.7 68.0
92.6 67.8 45.0
80.1 96.1 19.9
85.5 36.3 71.6
57.3 56.1 24.5
47.3 27.4 55.0
35.3 18.1 28.7
69.9 11.0 64.3
46.5 17.2 52.9
98.1 11.2 47.6
38.1 24.7 89.0
67.1 80.5 37.2
3.2 98.9 32.0
16.5 43.1 65.8
29.3 20.6 57.8
94.8 20.6 17.1
16.6 39.6 69.7
2.0 69.4 52.9
78.8 10.9 98.4
96.9 97.8 61.7
1.5 62.6 68.4
16.8 90.6 92.8
9.7 11.8 39.0
19.9 78.5 48.6
19.9 42.0 71.0
27.1 81.3 41.5
8.5 31.8 58.0
33.1 26.7 38.7
44.4 18.6 50.7
36.0 82.7 7.4
43.1 15.2 27.1
26.8 69.3 88.5
33.7 31.1 60.4
67.7 40.6 76.8
2.2 41.3 0.0
54.2 53.7 3.8
38.8 35.5 28.9
64.7 18.1 9.3
58.4 98.7 76.1
49.3 21.7 50.1
48.2 44.7 66.5
75.3 10.4 8.4
9.5 52.5 22.1
96.4 78.1 87.2
10.6 65.6 34.3
59.3 8.0 8.0
86.8 41.1 71.3
96.8 25.1 21.6
7.9 76.8 4.0
53.1 93.3 77.9
66.3 25.9 65.3
93.6 9.5 36.5
87.4 72.0 83.5
68.0 97.6 45.5
72.5 7.1 80.8
55.9 15.6 60.2
83.2 90.5 44.0
37.5 56.2 88.5
96.2 8.0 83.6
79.7 20.2 50.8
8.0 34.0 7.6
5.8 49.3 74.0
54.6 47.4 77.3
9.7 88.0 33.5
7.2 40.0 70.7
95.5 66.6 14.1
58.8 48.1 16.8
31.5 39.6 22.5
0.9 1.2 13.6
45.5 76.2 4.3
74.2 2.1 92.2
51.2 24.8 1.8
36.8 71.7 71.4
65.0 29.0 33.5
75.9 16.9 89.5
30.3 64.0 97.9
19.9 10.5 79.1
66.1 68.1 65.2
75.3 3.3 2.9
98.7 4.2 25.3
8.3 42.0 81.4
71.8 24.4 6.3
22.9 65.2 86.4
76.9 47.0 0.5
4.7 59.4 48.7
32.6 27.6 32.3
54.0 67.9 99.0
58.8 71.0 27.1
94.5 22.1 47.0
18.3 58.9 95.5
97.8 77.9 0.6
26.2 13.5 48.7
19.6 3.3 8.8
93.5 77.9 99.3
79.0 96.2 96.5
0.1 10.5 80.7
56.7 66.9 13.4
67.1 45.7 99.8
54.5 59.7 21.8
83.8 84.4 37.2
56.3 2.8 26.4
80.1 72.3 49.0
60.4 60.1 22.7
19.7 69.2 77.1
36.3 30.1 36.3
72.1 56.5 42.1
44.5 61.0 49.5
74.1 2.2 81.2
15.1 1.5 5.5
39.3 73.8 27.9
88.2 60.8 65.4
82.2 70.7 24.5
33.8 14.4 29.0
33.9 15.4 60.4
62.3 22.5 7.8
72.4 98.1 33.0
73.3 22.3 59.4
13.0 84.6 98.7
44.5 80.5 61.6
75.0 48.9 33.8
96.3 13.5 69.7
20.9 63.0 22.4
90.8 73.7 47.4
92.0 37.2 29.3
85.5 73.4 56.1
5.6 60.6 18.4
7.5 38.2 11.9
74.1 43.2 68.4
77.9 27.9 28.3
66.7 83.6 12.5
11.8 73.7 2.8
11.9 57.7 73.7
9.1 55.6 79.5
6.0 90.1 79.3
43.2 13.6 58.0
87.5 90.7 18.4
7.4 71.9 79.0
47.6 4.1 35.1
32.9 29.0 97.4
7.2 59.1 18.9
78.7 49.0 23.9
89.3 5.3 6.3
68.1 90.3 0.5
17.6 47.9 69.5
13.9 46.8 99.8
8.3 63.9 51.5
62.1 99.3 82.6
72.2 83.8 82.8
58.1 39.9 97.8
89.1 2.3 94.3
83.4 24.3 34.9
70.2 70.7 50.2
14.1 68.7 34.6
89.1 63.7 41.3
40.0 81.6 69.0
16.2 93.5 12.6
41.0 87.7 38.2
26.0 18.9 70.5
87.4 66.3 72.2
19.5 56.6 36.0
3.8 58.8 81.1
24.5 46.7 42.5
86.7 18.9 54.2
6.3 54.7 50.2
61.7 9.9 2.3
22.6 20.3 4.8
5.1 57.0 63.6
45.8 96.7 45.6
40.5 53.1 96.2
81.9 97.5 55.6
53.1 49.5 4.4
59.1 80.3 38.8
91.5 45.0 31.9
27.2 79.1 38.3
13.3 77.5 64.2
56.9 30.0 95.4
7.8 58.5 25.7
33.3 89.3 49.0
10.3 75.0 23.3
72.2 27.1 61.1
99.0 33.8 64.1
25.8 4.7 35.2
65.8 47.9 30.2
68.3 99.0 0.2
56.8 42.2 89.5
13.5 0.8 36.1
74.2 19.4 69.9
18.8 17.8 4.2
35.7 94.1 84.7
46.9 34.5 38.0
91.3 96.4 71.0
6.1 38.5 7.3
50.4 46.2 70.3
10.2 6.9 15.4
52.9 55.2 7.4
14.9 73.0 24.4
84.4 4.9 11.8
6.5 36.3 55.2
77.3 47.0 73.1
74.7 51.1 86.9
39.8 49.8 10.3
35.2 67.9 5.3
4.3 52.2 8.8
56.3 83.4 85.0
2.2 24.0 91.1
49.2 65.1 58.0
47.7 61.6 87.6
17.8 22.0 61.5
34.8 79.8 17.9
63.5 85.7 88.3
66.2 90.2 26.2
42.0 77.0 2.2
27.3 84.1 68.6
88.8 91.7 71.7
89.2 69.8 26.7
74.9 6.5 38.9
93.2 61.9 8.1
0.3 13.0 2.8
63.1 58.9 15.2
63.0 17.2 86.4
40.7 29.5 42.8
68.1 49.0 61.0
17.7 7.1 23.6
45.9 64.3 84.0
63.3 3.7 89.3
63.0 27.4 99.3
78.2 20.3 46.1
29.0 66.2 30.7
99.7 15.1 42.3
89.0 71.7 64.0
70.3 56.6 88.3
66.1 65.9 24.5
38.6 65.1 76.5
60.1 84.0 20.9
49.7 28.3 25.0
5.8 42.1 17.5
58.1 78.7 27.1
28.7 99.9 50.4
97.9 13.8 70.0
53.0 46.1 11.8
20.5 54.0 82.8
45.9 62.2 39.8
76.0 9.8 93.5
48.1 61.4 56.7
49.3 59.6 16.1
74.6 53.8 67.0
53.8 47.6 55.5
91.7 37.1 76.0
75.2 75.8 43.3
25.5 6.5 72.6
40.1 3.4 75.9
39.3 54.8 27.3
79.2 19.3 93.3
13.7 10.3 69.0
21.1 69.4 66.8
62.7 49.8 98.9
24.8 87.9 64.7
14.9 93.1 66.9
87.5 59.8 44.9
43.6 59.9 12.3
44.3 73.1 15.4
86.1 43.4 38.5
96.7 81.6 39.3
70.4 86.6 95.3
30.8 22.3 68.4
79.2 66.7 4.8
46.9 93.0 81.1
81.4 9.0 42.7
74.3 60.4 59.9
47.4 19.5 50.6
15.8 58.9 85.8
80.9 88.9 44.7
4.0 81.8 36.4
97.5 2.6 8.9
50.3 6.6 41.2
84.0 57.0 67.6
39.5 64.1 98.6
65.1 10.9 18.7
8.3 8.5 39.0
25.0 68.6 75.5
38.1 12.8 50.2
27.7 86.2 42.4
