18.5
53.2 50.9 47.9
428
64.6 88.9 47.8
88.3 92.5 26.5
26.0 4.5 77.8
82.1 85.5 52.0
92.7 77.3 13.4
25.1 67.5 33.6
33.4 0.1 73.7
31.0 97.4 59.0
35.6 7.1 8.0
93.5 14.5 28.2
82.5 71.8 57.3
71.2 3.7 99.8
90.5 16.2 71.7
69.2 53.9 4.7
94.6 10.3 23.1
11.5 83.9 85.8
82.9 64.5 39.4
19.9 64.5 27.2
67.5 86.2 7.2
77.3 48.0 23.8
89.7 54.2 60.8
20.3 27.7 12.5
13.4 40.1 7.8
38.2 16.9 73.6
47.8 93.9 13.8
72.1 42.6 66.3
67.7 57.5 72.4
98.1 70.0 96.1
86.2 0.2 44.8
9.5 68.4 1.6
13.7 50.7 99.3
28.4 94.4 25.9
82.1 5.8 64.3
66.8 67.7 11.9
85.7 4.1 89.1
26.4 62.3 91.5
7.2 92.9 84.1
71.5 61.5 53.6
95.7 75.9 70.0
45.2 9.3 24.1
82.9 44.8 22.7
79.8 22.4 32.4
27.4 13.3 88.5
3.8 17.0 86.2
62.9 8.4 90.9
87.8 92.3 8.5
40.0 2.4 19.3
10.5 41.2 76.5
76.7 40.7 67.7
78.4 70.4 79.0
83.4 89.1 62.1
8.5 73.4 19.0
54.2 99.8 8.6
1.8 62.1 42.4
59.7 37.6 25.4
66.9 10.8 92.7
49.3 6.8 36.6
10.2 43.8 60.0
81.9 31.8 29.0
98.4 33.9 55.6
80.8 63.2 47.8
81.4 78.7 23.9
7.4 2.0 82.7
55.4 98.8 44.1
79.8 64.2 0.2
32.1 10.4 94.6
5.6 50.9 83.3
70.8 76.1 53.3
68.6 80.4 38.5
14.2 84.2 26.0
16.1 62.0 34.3
57.8 18.7 11.3
6.3 59.1 93.4
41.5 65.6 76.1
1.2 41.1 95.9
25.1 73.8 37.0
12.4 50.7 0.7
58.4 95.1 10.1
48.9 95.8 44.1
79.0 1.3 41.2
85.5 6.0 9.3
47.2 40.2 67.6
54.3 37.3 26.6
65.1 27.5 52.8
53.2 76.1 46.9
50.3 72.9 10.7
89.2 45.1 95.3
39.2 57.0 51.9
47.2 40.7 49.4
50.5 44.0 38.3
26.2 40.9 60.7
3.8 36.0 47.1
17.1 65.4 94.7
51.4 52.3 22.9
48.9 76.6 88.7
75.6 63.2 47.0
73.9 66.6 52.2
28.3 16.0 55.3
70.5 9.1 25.9
38.6 68.7 62.9
4.2 31.7 4.5
35.6 38.8 45.2
15.4 46.6 83.3
76.0 91.9 63.1
73.8 26.7 77.6
9.8 31.4 32.0
5.3 0.7 46.9
21.6 72.2 84.2
0.7 46.3 26.0
94.7 79.3 63.0
71.7 4.3 37.6
31.4 62.6 11.7
33.4 62.0 17.1
79.2 96.4 15.4
86.6 69.3 66.4
77.5 0.0 21.2
10.0 55.1 47.6
37.9 94.3 87.7
78.9 36.1 38.5
27.2 43.4 14.4
56.1 56.3 50.4
94.6 88.8 30.8
15.7 43.0 12.3
46.4 7.4 34.6
83.7 98.1 31.8
61.1 29.2 59.1
83.2 12.3 46.1
99.1 46.1 33.0
49.8 36.9 29.1
40.0 17.9 11.7
31.7 91.4 59.5
44.1 93.6 86.7
2.8 45.3 90.9
97.3 98.1 50.3
56.9 81.6 88.3
36.7 38.5 40.2
23.0 15.7 68.1
56.7 31.0 86.6
68.7 17.1 47.7
24.5 76.4 23.8
67.1 4.7 11.5
59.2 31.1 65.7
40.5 5.3 17.1
58.0 74.0 53.0
67.5 32.0 79.0
37.7 99.8 58.6
60.4 48.9 63.1
74.4 38.8 61.0
71.8 91.9 25.9
92.7 60.9 11.9
47.9 71.6 30.0
39.6 85.3 45.8
83.0 59.3 80.6
84.9 85.4 27.2
16.0 29.4 5.4
33.3 14.6 22.9
47.1 42.8 55.9
24.1 42.1 68.8
36.6 3.3 68.5
27.0 32.9 26.1
86.0 20.8 98.2
16.2 50.6 87.8
97.9 89.7 88.7
53.8 46.9 78.3
54.0 79.5 26.6
63.3 50.9 55.7
31.7 13.4 5.3
13.5 25.8 59.3
84.3 69.3 46.6
95.1 14.0 9.4
93.7 17.4 51.2
9.7 55.1 69.5
81.7 49.2 29.2
23.7 53.0 61.3
29.6 71.0 38.9
62.8 80.9 78.6
74.4 84.0 18.2
56.9 12.0 39.3
29.2 96.2 21.4
52.7 80.7 19.4
70.5 71.3 1.1
91.3 69.3 66.4
20.3 99.5 76.2
38.1 94.6 90.9
4.8 76.8 62.4
51.1 95.4 23.5
12.7 63.3 24.0
86.2 12.7 57.7
81.7 34.0 14.2
10.0 40.0 55.8
47.6 15.4 93.5
43.0 83.1 29.5
53.7 62.3 92.2
92.7 2.9 21.1
21.1 75.4 88.0
25.3 29.3 32.1
78.5 52.8 44.3
0.0 55.5 67.1
27.0 45.2 37.5
63.1 64.0 93.4
4.0 98.6 83.4
24.8 53.9 76.5
79.6 31.2 26.2
5.2 73.1 98.7
46.4 55.7 24.8
55.6 17.0 45.0
18.2 30.1 29.3
9.9 33.2 4.4
33.1 7.5 0.4
5.0 2.6 6.6
73.8 80.1 62.3
84.3 44.1 38.0
69.5 91.8 65.9
36.3 62.8 32.9
8.8 85.4 61.3
97.9 56.9 66.6
67.9 57.7 83.7
40.2 11.5 29.2
72.3 87.2 44.8
32.3 15.3 94.8
39.5 19.7 50.8
90.8 41.1 99.3
66.5 78.1 20.2
61.0 82.8 25.6
70.5 96.5 2.3
76.9 71.5 25.3
80.5 68.4 47.8
14.5 84.0 83.3
28.5 90.0 96.8
99.4 63.3 88.5
34.8 28.1 3.2
25.6 91.0 87.2
98.2 90.1 30.6
63.5 86.0 47.1
52.7 13.7 34.3
76.8 23.3 99.5
17.1 60.3 94.2
1.1 87.9 3.4
51.2 59.3 53.0
16.1 23.4 25.8
92.6 90.6 19.1
44.3 18.8 22.7
71.9 48.4 22.4
9.3 43.5 22.4
9.4 58.2 86.7
62.7 0.5 14.6
68.6 58.9 54.0
23.7 85.0 75.9
57.8 95.6 67.7
40.3 4.2 30.0
81.1 22.5 14.3
59.5 1.6 61.5
80.4 0.6 36.8
64.1 33.5 69.8
32.5 31.3 2.3
31.2 61.8 45.7
39.6 33.9 8.6
9.4 84.6 4.3
52.2 91.1 28.0
45.5 35.8 84.7
87.0 99.0 87.3
32.7 41.3 45.4
89.6 47.2 45.0
24.1 64.1 64.6
52.5 21.3 82.4
92.9 69.5 40.3
59.4 99.3 6.7
18.7 64.0 7.9
4.1 12.5 53.4
86.0 0.0 90.7
62.1 69.2 29.3
11.7 71.7 40.3
94.3 89.3 63.9
1.1 92.5 2.8
97.8 74.8 85.0
89.2 44.4 65.4
62.3 35.3 3.6
54.7 34.6 82.6
6.1 90.4 23.8
57.1 88.6 40.5
29.9 5.6 72.8
26.7 75.1 1.9
99.1 16.6 71.7
84.6 9.3 18.7
42.1 91.2 86.7
29.9 44.4 89.7
20.1 32.8 94.2
10.4 76.8 76.8
64.1 29.6 26.2
72.0 24.4 91.8
62.5 21.9 58.4
17.4 98.4 45.9
14.9 1.4 69.5
50.3 3.2 85.1
53.7 81.4 36.3
65.1 21.9 29.0
91.7 68.3 91.8
58.4 25.2 58.6
26.9 24.8 13.7
39.7 42.4 16.8
2.7 14.8 99.3
38.2 27.1 66.9
89.3 87.7 1.4
10.4 48.4 94.3
49.5 81.1 29.3
89.2 79.8 99.0
29.9 89.0 49.3
7.4 54.9 77.4
31.4 17.3 6.9
21.8 86.5 83.3
23.8 91.1 25.2
46.3 50.8 14.9
8.8 24.5 23.1
92.0 10.6 27.1
36.8 42.1 25.8
15.7 64.7 98.2
23.8 12.2 72.3
90.6 70.6 18.9
15.6 34.5 35.1
92.3 11.8 55.0
9.7 83.6 59.1
40.6 51.0 81.3
65.1 88.0 84.4
74.3 74.1 24.5
57.8 94.9 70.5
51.4 78.5 22.7
62.4 20.4 35.6
91.7 22.7 55.5
10.2 28.6 46.8
69.8 97.9 41.1
48.9 75.8 49.0
77.5 41.0 13.2
8.9 29.6 95.0
11.2 12.2 52.9
67.2 83.6 27.7
55.3 97.6 67.0
8.5 65.2 75.1
39.7 75.1 0.1
43.5 69.3 7.2
91.6 71.6 32.8
51.1 12.5 83.8
29.6 93.9 54.4
5.6 82.6 90.2
75.8 58.8 2.1
58.6 10.8 77.7
62.8 97.9 94.7
54.9 28.0 24.5
12.8 6.2 42.6
71.9 67.7 9.1
4.7 78.5 23.1
40.6 68.4 95.4
76.9 70.9 95.6
42.1 94.5 46.5
1.6 86.0 49.7
33.5 19.0 67.7
4.9 0.5 88.6
38.8 67.5 14.3
37.7 13.0 48.7
55.5 48.2 25.3
0.0 75.4 28.9
48.8 21.5 0.8
31.0 94.0 79.9
99.7 70.7 45.4
30.4 23.7 48.5
49.9 79.2 61.3
61.2 68.2 98.3
35.1 12.9 13.7
3.3 60.0 86.4
68.3 85.7 96.8
71.0 96.8 70.8
64.1 73.2 43.7
68.4 49.9 70.1
86.9 58.3 25.6
69.2 64.0 8.7
1.2 81.0 82.0
83.5 66.3 61.5
89.7 67.7 77.4
13.4 55.3 53.3
87.8 28.6 62.4
73.4 7.5 34.9
71.2 98.4 62.4
79.2 50.4 82.2
5.5 91.3 46.2
47.3 8.4 16.0
12.2 5.3 39.7
82.2 75.0 33.7
91.7 0.6 93.1
19.7 50.5 23.6
35.7 59.9 29.0
89.8 98.5 44.7
8.4 59.2 72.5
99.6 85.5 82.8
33.8 34.2 42.8
79.5 74.2 3.7
50.6 76.7 5.3
79.3 50.5 14.6
60.9 92.4 85.4
46.5 23.9 20.6
20.9 49.2 49.9
17.5 3.6 6.1
64.7 61.8 1.3
72.7 71.2 89.6
90.9 84.1 13.0
9.0 3.4 91.5
28.6 52.3 66.6
34.4 73.6 3.7
41.6 89.3 94.9
97.1 84.4 77.7
28.5 20.0 59.0
28.5 32.5 11.8
66.8 0.6 72.9
0.8 54.1 22.5
53.6 98.0 71.6
47.0 38.4 74.7
32.8 93.6 20.4
70.0 52.3 36.4
41.1 4.0 25.0
50.4 48.3 76.6
14.1 67.0 84.5
50.6 8.8 25.6
10.7 26.6 85.7
67.8 19.9 67.4
15.5 19.1 99.0
83.2 85.8 99.6
91.7 29.0 96.7
70.7 23.4 24.6
46.2 40.2 23.9
42.6 9.5 90.6
