17.9
45.8 50.7 48.0
776
82.2 87.9 30.1
81.2 67.6 16.4
35.7 57.0 3.8
31.2 14.4 56.1
18.0 20.0 64.3
85.6 6.1 64.7
93.9 80.8 29.0
45.2 97.9 61.8
41.9 0.7 28.4
54.7 97.7 67.5
61.3 70.9 37.1
64.2 33.9 33.6
62.1 50.1 3.4
12.9 35.8 43.6
46.9 89.7 50.4
79.8 20.2 10.5
23.8 3.2 6.5
51.6 48.1 57.9
2.3 72.7 77.1
31.3 38.2 14.0
81.6 48.8 31.9
58.9 51.3 25.9
85.1 27.1 28.3
36.4 3.8 1.2
18.4 75.9 50.1
57.4 73.3 5.9
71.4 64.9 59.5
52.2 54.1 41.6
37.7 5.2 56.5
89.1 13.8 31.0
96.7 5.5 78.7
22.4 22.2 43.9
44.1 64.8 80.4
83.4 36.8 44.1
87.2 66.8 97.4
17.6 13.7 63.3
24.1 74.5 1.8
1.5 97.4 25.2
84.6 95.6 52.4
96.6 58.1 14.4
24.0 33.4 29.6
87.6 2.7 20.5
1.8 29.1 64.1
46.5 19.1 47.1
25.9 70.0 21.7
1.6 94.3 62.4
6.4 50.5 15.7
50.2 66.6 27.5
4.6 63.2 78.9
4.6 14.5 0.3
15.2 90.1 32.6
15.3 18.4 64.9
35.0 40.5 34.6
2.5 97.0 33.6
79.5 79.3 32.3
53.2 85.6 89.6
21.0 77.6 69.2
55.0 29.0 79.5
85.2 35.0 31.5
3.6 36.1 76.0
98.4 72.9 53.4
5.0 8.2 80.6
93.6 58.4 79.0
61.7 18.2 6.6
11.6 38.8 42.5
10.1 61.0 45.0
98.2 62.1 19.3
3.8 75.4 59.3
89.5 28.0 63.8
16.7 42.0 34.5
88.3 86.5 69.6
83.3 39.0 63.2
18.9 83.9 18.3
81.7 12.9 75.3
67.9 61.3 60.0
25.2 14.5 86.1
15.1 31.8 96.3
81.3 90.7 55.4
47.6 61.7 21.1
42.9 26.4 96.6
53.1 94.2 69.8
52.2 15.5 58.7
25.7 15.8 46.4
76.2 51.0 94.6
6.5 38.0 16.5
94.6 54.0 29.7
4.2 46.4 19.4
58.4 27.0 71.5
20.0 20.6 10.6
30.2 69.6 83.3
61.1 6.7 41.5
64.5 17.5 35.4
44.8 91.9 7.9
98.8 32.1 59.2
59.7 19.7 50.9
65.2 7.1 65.8
12.2 85.9 99.7
99.9 89.9 12.0
32.0 3.6 98.4
91.2 91.5 95.3
48.5 74.1 19.9
56.7 20.8 84.4
16.9 68.1 87.9
10.8 20.7 25.9
70.6 84.9 7.5
2.6 12.4 60.7
77.4 88.4 12.8
54.6 14.5 48.1
71.4 14.9 16.8
33.8 30.7 79.3
50.4 10.5 69.7
21.7 95.5 64.1
34.3 13.3 9.7
67.9 73.6 55.5
63.3 95.4 93.0
25.2 90.4 27.9
48.8 87.0 75.4
7.2 17.6 70.1
41.5 8.6 23.1
48.0 97.5 26.0
51.4 93.8 65.7
99.0 43.8 98.1
44.7 24.2 61.8
7.0 63.1 6.1
21.9 78.1 99.0
83.3 67.2 56.3
30.2 50.2 92.8
72.1 89.8 44.7
94.5 40.6 22.2
68.6 79.4 57.7
84.4 68.3 54.7
24.0 48.5 46.4
72.3 33.7 65.3
16.8 13.0 25.5
46.6 85.8 51.2
65.6 31.8 20.1
14.2 27.6 50.6
70.2 68.4 2.3
27.0 31.2 25.0
47.5 31.1 85.0
19.5 48.8 52.0
10.1 18.3 79.8
89.2 84.8 78.4
24.5 18.7 46.2
34.3 25.8 85.9
87.1 1.6 17.2
83.2 44.1 68.3
8.8 1.5 97.6
51.6 29.8 3.9
28.3 20.5 99.7
14.6 76.9 67.5
91.7 38.7 2.0
3.0 44.2 73.5
38.9 37.3 48.0
7.3 77.7 78.6
38.1 78.5 52.2
34.5 97.9 8.5
71.3 93.5 73.5
88.3 18.6 9.6
64.8 8.5 75.2
52.1 26.0 98.2
63.6 68.8 91.9
23.6 79.2 6.5
27.8 19.8 49.6
38.6 1.1 97.6
54.7 12.1 20.2
24.5 70.2 56.4
53.9 57.2 25.7
37.0 92.0 65.4
35.9 8.0 29.8
39.1 96.0 51.0
59.1 86.7 3.3
67.5 13.6 49.9
77.5 79.0 37.6
25.6 27.2 70.3
8.6 96.7 51.5
54.2 49.5 56.6
45.6 18.6 43.7
19.8 62.6 36.4
8.5 66.5 90.8
34.0 36.0 81.4
15.4 1.2 75.2
33.8 70.6 52.5
63.0 24.9 17.9
7.9 31.3 83.8
51.7 42.1 14.5
99.1 96.9 83.9
30.8 56.5 76.2
47.3 68.1 97.0
14.7 5.3 70.8
50.8 71.5 42.9
6.6 68.9 66.3
77.1 54.1 25.9
63.1 57.2 51.4
96.6 98.8 17.0
16.8 19.9 65.5
85.0 44.4 93.6
27.8 40.6 42.7
31.3 52.3 37.1
32.7 7.3 46.1
17.3 93.4 10.2
58.7 41.7 46.3
15.3 12.6 59.5
49.5 21.3 40.6
37.0 85.9 30.5
49.6 83.3 22.3
85.2 87.9 51.9
12.6 79.3 58.5
46.5 37.1 44.4
10.7 27.1 8.7
9.9 51.9 59.6
71.5 55.2 49.2
75.3 25.7 59.0
95.9 35.7 88.6
80.9 86.5 68.6
1.9 25.9 31.3
43.5 2.8 10.1
46.8 86.9 45.6
73.1 57.8 7.4
39.5 84.3 27.4
31.6 2.4 51.1
58.5 72.2 97.1
5.7 9.5 17.4
3.8 18.3 65.8
29.5 72.2 98.3
23.1 50.3 23.2
30.0 59.0 48.0
40.8 50.5 70.2
85.8 81.8 55.7
56.1 12.0 2.8
65.6 71.3 33.2
9.2 18.2 46.7
32.0 35.8 7.4
98.7 9.4 98.3
36.4 26.4 71.4
74.6 39.0 42.5
25.5 16.3 46.7
79.2 23.1 61.9
88.0 71.8 12.8
94.8 72.0 7.9
9.1 76.6 58.7
80.8 12.6 82.5
15.9 51.8 22.0
3.5 31.4 45.6
14.7 15.6 13.4
36.0 75.1 20.8
47.8 29.4 58.9
52.4 97.6 69.4
9.0 18.9 37.2
41.9 30.1 70.2
84.4 52.3 53.9
60.9 82.7 63.7
18.6 41.6 82.7
16.9 62.3 89.9
51.4 41.5 64.4
43.6 66.9 37.8
67.6 85.8 95.2
84.6 13.7 91.5
98.8 61.6 28.8
38.2 7.4 33.3
91.5 5.6 65.6
6.2 61.6 52.4
12.9 44.2 98.4
87.2 4.9 39.6
2.6 58.2 20.2
77.5 41.6 66.5
55.2 75.9 75.5
41.7 84.4 55.4
44.3 82.4 99.9
42.2 12.1 73.3
41.3 91.7 79.3
87.3 6.0 17.5
7.4 98.5 50.1
62.2 20.8 39.5
2.6 72.0 29.1
98.8 92.9 7.2
97.7 19.3 0.8
25.4 92.2 87.6
13.7 81.6 80.3
9.0 91.2 28.9
25.3 97.9 29.9
32.2 90.2 60.2
36.9 65.4 72.9
73.4 43.8 27.4
22.6 46.3 13.4
97.2 34.8 45.3
50.3 30.7 51.8
33.3 43.7 69.5
17.9 66.1 14.4
65.9 96.1 90.7
57.6 47.2 64.5
59.2 97.2 62.8
19.6 81.1 53.5
83.5 22.9 71.6
53.2 95.6 15.8
74.9 62.0 29.6
72.4 12.0 52.6
40.6 98.3 44.5
57.4 69.1 58.8
53.8 66.4 10.4
87.7 35.3 94.2
0.4 62.3 85.2
62.5 61.1 84.2
72.4 14.9 13.5
59.0 14.6 32.8
85.5 80.4 74.1
90.9 38.1 77.9
10.2 8.3 69.2
53.2 31.2 9.9
16.1 4.7 40.5
29.0 56.9 95.9
62.8 13.9 22.8
58.0 47.1 77.8
44.0 45.6 14.8
44.4 74.5 12.5
21.0 69.8 61.6
18.0 81.5 6.4
22.6 47.2 47.9
59.3 48.2 0.5
53.6 33.3 10.5
58.7 73.2 63.8
16.5 6.4 51.8
39.9 3.2 50.8
89.6 43.8 97.8
63.8 24.5 5.9
16.9 74.4 36.2
76.9 4.9 51.8
46.7 55.8 14.3
6.1 60.3 19.0
18.6 22.6 60.3
0.4 30.0 76.8
42.3 34.7 39.6
56.6 23.0 66.5
15.2 0.0 61.7
17.3 78.6 66.8
59.7 57.9 22.4
72.8 26.0 15.8
42.5 26.7 31.2
73.4 45.2 16.9
56.2 57.0 21.1
23.5 89.0 71.1
6.4 75.0 96.0
54.5 76.7 75.4
78.7 21.7 56.5
94.2 8.8 27.3
81.5 57.9 83.7
38.8 26.9 88.6
83.0 80.9 64.0
32.1 31.9 88.1
62.6 2.0 41.1
45.4 89.3 98.4
35.7 99.9 33.6
82.9 95.0 45.7
40.5 36.5 33.4
4.9 9.4 59.2
27.0 11.9 1.7
31.3 25.3 11.7
97.7 16.0 50.5
15.3 59.1 56.2
57.6 85.4 7.2
13.4 1.6 5.0
19.3 94.5 85.2
74.7 52.1 6.1
34.4 25.9 36.6
88.5 43.9 71.8
10.7 26.8 55.4
5.0 43.2 79.9
2.0 73.5 9.8
79.2 91.6 18.2
2.9 31.6 5.9
75.8 58.3 39.9
13.5 35.7 7.0
27.1 34.2 78.0
87.7 40.6 29.5
68.6 40.3 25.2
71.8 3.5 28.5
42.8 67.8 96.0
10.1 94.9 36.4
38.5 62.6 15.7
73.7 84.1 93.8
59.3 9.6 3.3
49.3 76.8 87.3
93.5 10.9 9.6
38.1 56.1 73.9
58.4 92.3 49.9
73.1 84.9 44.2
60.6 85.0 28.7
4.0 76.9 22.3
58.8 46.7 8.3
40.0 15.8 60.6
93.8 46.3 92.0
36.6 75.8 68.5
2.3 22.9 29.8
35.6 47.0 17.5
19.6 68.3 98.8
61.9 94.6 19.0
27.5 46.9 51.9
34.1 19.7 54.5
65.4 15.8 5.8
79.4 79.1 34.1
83.7 90.0 23.2
67.5 73.6 43.8
95.8 58.0 8.5
1.3 28.4 25.3
72.7 28.5 42.6
67.0 53.6 28.1
37.0 54.9 34.8
7.7 19.9 83.5
57.3 13.7 35.1
73.1 61.7 23.3
57.1 37.6 52.9
73.1 4.4 34.2
46.7 0.0 52.8
91.6 63.4 99.9
75.7 24.0 58.1
62.3 94.1 13.1
74.9 53.9 29.9
57.5 9.9 36.3
24.5 72.6 20.1
42.4 8.3 38.9
73.5 2.4 89.5
74.5 17.0 48.3
71.7 39.2 75.2
32.4 77.3 74.0
25.5 46.8 7.0
84.3 3.0 75.6
76.5 11.4 98.0
45.8 35.8 12.4
0.8 31.1 66.7
71.7 92.8 59.0
9.9 58.0 87.0
99.0 41.2 0.0
6.4 27.5 8.4
68.2 91.1 10.6
86.8 64.4 82.6
43.6 36.6 59.2
98.8 83.8 86.5
21.2 94.7 44.6
65.9 5.2 77.1
25.6 11.0 5.7
66.6 25.0 67.0
14.5 92.5 14.8
87.4 77.4 4.3
42.9 53.6 76.3
1.6 85.8 93.4
30.1 6.1 65.5
81.5 17.4 58.2
13.9 8.2 2.4
90.0 57.5 33.7
37.6 30.0 42.4
86.4 53.7 69.5
52.5 62.9 85.1
78.8 79.4 74.4
70.6 7.5 7.1
49.0 88.4 81.9
97.9 19.5 15.8
80.7 84.5 37.4
43.8 15.6 82.0
43.2 76.6 22.2
95.7 55.3 27.1
95.5 38.9 62.5
2.9 12.8 3.9
52.7 39.4 49.0
64.8 5.4 51.7
19.2 53.0 61.8
14.8 5.6 99.0
28.2 74.3 43.9
30.1 49.3 92.7
26.9 39.3 3.3
43.1 59.2 13.5
2.6 84.2 8.0
61.6 96.1 71.7
90.7 92.0 24.5
16.6 12.1 78.2
78.2 0.6 49.1
87.0 61.5 19.5
14.3 76.3 77.1
59.2 93.5 21.7
41.2 88.1 46.7
72.1 95.2 32.2
82.8 23.0 42.9
42.4 69.9 15.3
15.1 79.4 4.1
26.4 38.3 72.0
14.4 38.8 7.7
21.3 20.2 65.8
20.2 75.3 24.9
5.8 57.5 9.0
63.8 82.3 39.5
70.1 20.5 55.8
12.3 28.7 4.1
2.6 53.0 20.9
82.0 93.5 4.3
53.1 67.4 90.2
10.0 7.1 77.5
0.9 43.0 79.4
62.2 73.6 89.0
1.5 45.2 75.4
78.2 93.3 18.8
85.5 96.0 94.5
92.3 54.2 65.9
48.7 94.3 34.7
58.4 38.9 66.8
78.8 19.8 28.0
47.9 70.7 81.3
86.0 44.7 84.6
27.1 18.2 34.4
14.2 44.8 63.6
35.3 54.9 88.8
82.3 82.5 25.1
19.0 63.9 4.6
36.2 77.5 62.4
7.8 98.5 10.3
78.1 37.7 35.0
4.8 17.0 49.4
21.6 72.9 72.6
3.8 91.5 67.2
35.2 86.2 42.1
66.7 12.8 46.5
32.9 25.9 8.2
38.9 98.6 41.9
73.5 14.0 66.6
63.2 48.5 82.2
0.3 16.1 89.6
14.1 15.0 43.2
87.2 36.1 77.0
31.3 16.5 64.5
12.0 81.0 12.8
97.0 62.1 59.6
0.4 51.4 79.9
21.0 26.9 55.2
23.5 47.1 34.4
83.0 38.2 26.1
39.5 15.1 66.6
8.3 71.0 75.8
37.2 29.5 90.6
1.4 45.2 28.4
90.5 81.2 2.1
34.1 57.5 29.0
52.5 61.1 16.7
98.2 78.3 38.7
79.3 5.0 67.9
26.8 27.4 88.4
62.9 33.5 46.0
10.5 51.1 99.2
82.4 55.0 1.6
6.0 80.1 75.9
30.9 92.3 6.7
30.0 22.5 25.6
14.0 4.8 65.5
80.7 44.9 49.1
76.0 38.2 83.6
21.9 27.0 67.9
72.5 51.9 80.9
70.1 63.1 32.4
80.7 72.5 30.1
28.3 96.9 48.8
16.4 96.3 12.4
53.4 77.0 85.1
99.7 72.4 51.1
6.7 26.5 84.0
37.9 95.5 2.8
66.1 43.2 22.7
16.0 13.9 66.6
23.7 4.8 84.8
40.4 4.8 56.5
22.1 13.3 17.5
24.1 51.4 14.7
36.2 95.4 67.6
45.4 65.8 72.1
78.4 68.8 46.6
11.6 85.6 18.0
42.9 53.7 62.9
38.9 84.3 0.4
10.1 38.4 92.0
98.7 13.6 5.2
58.2 52.8 36.6
47.2 19.3 95.8
17.9 98.3 98.7
82.3 39.7 9.6
59.4 90.1 65.3
52.0 50.3 47.2
2.0 93.2 95.3
82.4 3.3 5.7
66.5 73.2 28.0
16.7 96.6 69.0
86.8 92.6 82.8
47.9 14.4 70.3
44.9 83.3 0.3
91.0 24.0 2.7
61.0 52.7 28.2
39.3 18.7 86.3
96.1 56.5 59.9
25.1 31.8 8.1
55.8 10.3 35.8
23.8 17.8 46.4
45.7 57.2 22.1
92.2 75.6 86.7
26.0 29.8 34.3
23.4 84.1 1.9
35.2 6.2 41.1
81.1 79.3 40.5
88.1 65.1 76.0
89.8 27.1 84.2
69.4 8.4 53.5
50.0 95.5 15.5
32.3 65.0 68.8
93.9 1.0 1.7
93.2 94.8 21.0
49.5 41.9 64.8
18.9 17.1 85.1
69.5 22.3 63.7
64.9 80.0 40.7
13.4 88.4 17.7
81.2 64.1 30.4
49.6 16.2 53.7
55.1 85.1 73.2
56.5 93.8 44.5
22.8 19.4 52.6
17.8 74.5 92.8
20.5 14.9 25.7
31.2 40.1 19.9
72.7 69.2 35.3
79.5 54.2 56.7
14.9 37.6 25.5
74.2 74.8 10.3
81.5 4.7 7.3
96.5 74.9 13.7
16.9 33.1 97.0
5.3 76.8 5.2
17.8 15.6 98.1
69.5 58.6 92.9
73.1 27.8 85.9
75.2 8.9 95.8
23.8 5.4 97.2
20.8 65.6 17.1
14.7 50.3 51.1
17.4 81.9 10.7
20.5 59.9 78.8
26.1 4.5 43.5
49.2 73.2 7.6
66.7 40.3 36.7
89.9 5.4 16.7
21.2 11.4 12.9
79.3 97.7 85.4
1.2 83.1 88.9
32.6 64.7 29.9
48.9 67.4 83.6
61.2 38.7 95.7
50.3 49.1 48.2
82.9 2.7 36.1
95.2 49.6 64.6
18.3 59.7 55.4
3.2 10.2 94.5
47.6 22.4 8.1
19.5 62.3 63.2
34.3 60.2 36.9
28.2 98.9 43.7
59.9 3.5 17.9
65.4 65.2 39.9
35.0 13.2 94.5
29.3 87.1 64.9
59.0 20.4 17.7
70.5 31.9 75.0
52.8 22.8 72.2
66.8 78.5 77.4
18.4 65.1 88.4
3.7 91.5 18.9
68.1 7.4 75.9
85.0 54.6 26.0
42.7 23.3 42.1
16.1 81.8 54.6
35.0 26.3 46.1
84.6 45.8 59.4
37.1 94.5 50.2
24.6 42.0 25.4
95.3 76.0 58.6
41.9 73.5 61.6
11.3 33.5 59.2
1.8 26.5 37.0
33.6 52.5 74.6
64.4 51.2 48.2
81.5 10.5 72.6
20.1 77.3 30.6
8.0 59.3 99.0
59.1 21.4 22.3
85.7 70.0 84.9
32.2 28.5 76.2
70.2 26.8 37.4
15.2 84.8 23.5
63.8 76.2 23.7
27.2 79.2 20.0
34.3 51.9 48.1
37.0 99.1 14.5
98.4 71.4 8.5
7.9 39.9 28.2
38.6 11.9 65.0
19.3 18.5 51.6
60.8 88.8 49.9
42.5 89.6 76.9
33.1 81.4 50.2
97.0 53.7 59.8
7.7 39.8 85.1
88.8 46.3 5.3
50.5 74.1 26.7
66.2 65.5 8.1
69.5 61.8 87.2
9.4 67.0 53.8
12.1 44.5 52.3
24.3 36.5 71.8
13.5 93.7 59.9
49.9 19.2 55.4
12.4 3.1 6.6
42.9 72.2 55.6
81.8 87.5 69.2
91.0 36.1 13.2
72.8 52.2 14.9
27.7 82.6 34.8
27.8 77.7 33.8
17.5 94.4 12.5
13.9 82.1 34.0
64.0 96.6 8.1
14.8 54.7 95.1
90.7 55.1 11.0
55.7 7.7 0.9
40.3 57.6 54.0
2.3 57.4 45.4
36.9 90.6 48.5
99.9 4.8 93.0
57.3 65.8 81.6
88.4 37.3 3.1
60.4 78.3 79.1
42.2 1.0 98.7
36.4 56.8 99.4
57.9 2.3 70.9
65.7 14.1 28.5
47.7 2.3 27.2
82.8 43.5 54.9
51.7 0.9 74.3
86.7 26.5 59.0
89.1 36.9 53.8
60.4 77.6 21.2
99.1 69.3 40.9
62.0 19.7 66.2
12.8 10.0 75.9
84.2 44.0 8.9
49.4 64.2 62.0
48.6 14.6 96.4
48.6 27.1 94.3
46.6 47.4 44.5
78.8 34.9 82.7
95.4 50.4 28.1
24.6 75.7 28.5
11.4 35.0 83.2
67.3 94.3 31.2
23.2 88.3 23.9
76.8 58.9 68.3
20.9 98.7 79.5
24.5 91.2 63.9
93.5 24.8 47.9
20.7 23.0 95.4
60.1 94.0 4.3
71.8 41.2 37.7
62.3 47.2 98.3
88.5 68.6 72.0
25.7 70.2 43.9
60.6 27.6 92.4
65.2 3.7 3.5
69.9 31.6 89.0
36.7 60.6 22.1
97.5 52.0 79.2
56.5 54.7 25.8
68.4 53.1 82.9
78.2 70.5 16.2
68.9 92.3 87.0
34.2 28.2 19.6
