11.5
48.5 50.1 47.2
51
73.6 75.5 17.4
47.7 15.4 72.9
88.2 85.1 76.9
23.7 30.1 67.6
60.4 7.3 16.1
19.7 59.5 12.5
48.5 6.2 22.9
56.0 71.8 7.3
7.9 70.9 66.2
22.4 57.4 68.2
47.5 81.5 34.3
44.6 53.2 56.8
68.4 36.1 47.2
28.6 26.6 8.9
15.1 60.4 23.3
59.4 7.6 59.8
60.4 53.3 46.8
18.4 41.7 96.4
61.6 1.4 6.6
99.6 87.3 14.8
51.0 39.6 94.1
79.1 86.6 58.9
2.0 35.5 94.8
25.1 8.1 27.1
82.5 22.8 17.3
45.4 30.9 43.0
23.8 99.1 73.9
85.3 44.8 56.7
5.4 87.7 49.0
19.7 5.6 77.3
58.9 86.2 53.6
42.9 88.8 53.9
58.5 84.1 16.7
52.0 56.0 4.7
58.1 38.2 60.6
98.9 78.4 40.3
96.0 46.2 73.2
39.2 84.3 6.3
92.3 61.1 74.0
69.2 44.3 27.0
91.9 84.9 11.2
57.6 84.5 48.6
55.6 60.3 36.4
49.8 50.8 87.8
33.8 72.3 0.5
41.1 19.3 11.7
94.3 22.7 51.4
29.0 41.6 80.1
33.9 54.4 23.6
1.2 27.4 43.3
74.0 40.1 18.3
