13.7
46.5 53.6 49.5
134
57.7 67.1 72.2
26.3 65.9 54.0
36.8 28.2 84.8
36.6 29.0 22.7
45.8 7.1 10.6
30.5 0.1 43.4
77.0 55.5 50.7
29.9 73.0 7.5
80.3 43.9 19.4
48.8 66.4 67.3
4.8 35.8 28.0
48.7 76.4 71.3
1.3 45.2 17.0
97.8 76.6 70.4
41.6 64.9 37.7
83.7 53.7 45.9
43.2 95.5 10.5
52.6 93.7 36.6
91.4 15.5 29.0
44.6 18.2 63.5
9.3 93.6 84.6
23.8 45.6 40.3
71.4 59.9 4.1
92.5 7.4 32.4
34.4 86.3 74.9
27.6 59.7 33.4
64.7 42.6 4.3
24.4 59.2 76.1
26.9 17.5 13.9
69.6 48.1 47.1
26.8 71.3 66.6
3.0 80.6 10.9
29.0 5.9 68.4
54.6 75.9 10.3
60.6 39.1 9.3
19.6 58.3 95.0
55.7 43.5 1.2
66.7 86.9 16.5
90.3 97.3 79.1
51.6 14.9 51.5
11.8 24.3 38.8
49.7 71.1 9.1
87.4 56.3 12.5
0.7 37.0 12.1
72.7 65.8 33.6
27.5 22.1 57.6
79.9 91.9 24.1
61.1 71.2 20.9
63.5 26.3 83.0
51.4 33.6 78.3
3.2 98.8 33.9
70.5 67.0 94.0
86.8 39.1 72.8
98.5 53.7 32.0
12.4 99.7 35.4
70.3 49.4 56.2
86.5 55.4 70.0
30.2 71.4 62.9
79.4 2.6 46.3
52.8 74.8 67.9
35.1 19.9 0.3
44.2 28.0 1.6
29.0 9.8 85.8
73.0 55.3 55.1
26.2 44.4 64.9
48.5 5.5 57.2
88.9 85.8 55.2
12.9 64.0 86.0
4.6 62.7 4.4
42.2 93.6 47.3
15.4 33.3 75.6
5.1 39.1 53.4
93.1 32.2 7.9
20.2 17.6 58.0
26.9 38.8 42.9
88.5 0.2 61.0
32.7 27.4 76.0
9.9 4.2 5.5
39.3 6.5 92.8
57.2 28.4 72.6
79.8 52.3 20.1
58.7 8.8 99.7
65.2 17.5 75.0
67.8 45.5 89.3
63.0 40.6 53.1
48.9 16.5 52.1
12.7 96.4 44.0
11.3 38.9 71.0
48.8 76.3 32.0
18.8 82.1 26.4
0.3 75.4 72.2
31.6 85.4 58.6
42.5 52.4 81.8
30.2 12.0 65.9
48.8 68.2 34.1
57.4 50.0 56.6
22.2 75.4 55.2
85.0 51.6 22.6
48.6 60.2 73.7
90.1 90.1 74.9
96.7 10.2 26.5
88.1 84.3 71.0
50.8 48.9 85.8
18.4 12.1 10.6
58.6 98.7 37.1
49.0 97.2 51.8
7.3 35.3 28.1
66.2 99.6 21.3
45.1 11.5 80.4
78.5 33.3 56.4
50.4 83.7 45.3
78.4 33.3 97.2
92.1 54.4 37.0
25.7 8.8 12.9
29.7 34.0 92.3
90.1 34.3 87.6
73.1 50.0 64.8
61.3 25.3 31.1
69.3 33.2 45.1
81.4 59.9 21.6
21.2 83.4 84.9
25.2 91.2 14.1
20.9 45.0 18.0
56.9 53.5 56.2
36.5 11.1 81.7
1.1 76.3 32.1
60.6 34.5 44.3
85.0 59.3 66.4
44.2 44.4 83.3
73.6 50.2 2.5
55.9 95.3 0.7
0.6 54.3 12.9
75.1 7.0 39.5
22.8 54.1 5.9
