17.8
52.1 52.8 51.7
658
38.4 73.8 38.3
63.8 73.7 63.5
3.0 78.2 31.5
8.0 2.1 42.5
75.2 20.4 44.6
41.2 0.4 4.5
82.5 24.4 54.9
99.4 52.9 13.2
0.9 31.6 42.9
76.1 13.3 93.0
74.6 53.2 28.3
87.3 43.9 88.0
83.5 98.7 57.0
58.9 62.9 56.0
52.1 59.7 18.9
16.3 44.4 62.1
70.5 81.5 71.3
33.4 99.9 13.7
61.5 16.4 5.8
51.1 38.3 84.6
94.3 73.7 83.1
65.5 25.1 35.1
29.0 5.2 29.5
42.0 6.1 36.0
76.7 27.3 3.4
13.3 19.1 30.1
37.8 38.7 87.9
50.0 61.5 70.9
7.2 6.1 95.2
97.0 82.3 6.4
53.7 5.0 61.0
79.1 97.8 44.3
16.1 82.1 71.8
29.8 18.3 93.3
69.5 70.9 7.2
46.8 70.3 86.4
84.5 84.9 5.0
64.6 14.2 44.4
15.5 45.9 76.8
88.5 30.1 76.8
84.7 60.6 18.7
53.5 30.9 36.4
63.3 35.1 14.0
62.5 72.4 34.6
20.0 83.8 3.1
22.1 21.7 62.4
58.4 81.5 34.4
35.2 1.9 7.0
36.7 91.9 17.4
48.7 3.0 34.5
71.6 4.4 69.9
16.2 68.5 11.5
32.1 50.2 54.1
80.4 57.3 73.3
45.2 81.1 22.9
22.4 15.9 98.3
66.5 84.5 95.0
82.6 59.1 89.7
21.3 37.1 98.6
66.2 19.0 58.4
90.6 41.8 62.2
71.9 66.6 21.8
99.1 95.9 56.6
10.3 27.9 49.8
86.7 34.5 10.3
43.0 2.0 2.5
53.4 82.1 83.3
23.5 28.7 39.3
82.7 34.8 62.4
69.2 91.8 80.0
24.4 43.1 8.6
69.5 50.8 75.3
59.7 19.2 12.1
81.9 90.7 7.1
2.2 56.1 99.1
5.2 25.1 52.3
96.5 95.6 98.0
6.1 46.5 52.3
30.0 82.8 23.5
95.3 61.2 68.2
87.6 15.7 28.9
29.2 19.9 77.6
46.1 84.2 13.1
66.0 70.0 63.8
8.0 62.0 54.5
92.9 16.8 14.1
76.2 83.4 63.3
27.0 8.2 0.0
56.0 36.4 14.1
9.9 33.6 66.5
83.3 2.9 82.7
25.4 2.8 31.9
98.4 11.0 16.8
41.7 39.7 12.5
40.6 41.0 46.3
4.8 69.0 96.9
34.4 59.9 64.3
15.5 46.4 53.7
55.8 20.6 91.1
41.4 94.7 29.3
12.9 58.7 8.0
8.5 76.4 23.4
7.6 1.5 11.8
38.4 84.7 64.8
54.7 55.5 83.2
78.1 83.7 42.7
89.6 85.9 32.4
79.9 65.3 70.1
84.1 40.4 72.9
21.5 56.5 65.0
53.2 8.3 71.9
29.6 43.9 77.8
23.8 24.1 80.3
0.6 62.0 67.0
84.9 20.5 52.4
7.8 78.7 98.4
62.9 13.9 89.8
97.3 63.8 81.5
0.2 4.1 48.5
6.3 21.1 6.6
82.7 58.3 93.0
56.5 8.2 98.2
83.1 23.5 29.0
81.2 25.6 80.2
44.8 51.3 12.6
49.7 6.4 21.5
29.3 90.7 43.7
41.8 33.8 42.4
7.0 18.3 34.5
32.8 5.9 48.3
22.1 53.7 56.0
34.9 92.3 88.3
90.5 84.7 31.3
78.6 98.4 40.9
23.4 50.0 97.0
83.9 15.7 66.8
85.6 48.5 59.2
2.2 73.3 73.5
38.3 82.7 49.9
6.1 9.0 13.5
10.0 47.9 57.3
90.6 88.5 24.5
20.9 83.6 98.1
93.9 69.9 10.1
40.7 19.5 21.9
8.4 42.7 35.5
56.0 13.3 45.2
80.0 60.3 68.8
39.8 87.5 56.9
30.4 99.0 84.3
55.7 85.7 31.9
87.5 14.9 19.0
94.6 79.8 46.7
34.6 50.9 8.0
47.9 98.1 20.7
71.9 13.8 42.5
69.9 77.0 1.4
51.0 35.5 23.2
76.5 61.8 72.0
23.7 26.4 70.9
70.3 54.4 5.0
54.1 30.1 34.4
42.7 14.1 91.0
69.6 82.4 68.3
9.8 64.0 13.1
57.0 75.4 53.5
90.3 44.5 60.9
41.4 3.2 91.7
63.0 31.8 43.2
41.3 9.0 46.1
13.2 63.5 51.7
64.5 32.1 81.8
80.5 33.3 72.1
24.6 97.0 78.8
39.4 0.8 22.7
83.5 57.7 67.5
20.5 5.0 64.2
25.4 31.8 39.0
72.4 97.9 36.5
75.4 17.1 2.2
84.4 26.7 50.9
41.0 87.2 55.2
87.4 97.7 69.7
37.0 94.1 26.7
34.1 61.7 96.8
6.5 32.1 65.5
72.7 91.4 28.3
13.7 93.2 54.9
16.2 88.2 3.5
59.2 13.5 93.0
53.4 52.0 72.8
68.8 72.4 63.4
23.3 60.3 12.5
12.2 78.2 76.0
6.5 93.0 26.4
42.3 32.2 48.6
90.8 63.8 63.1
56.5 42.6 36.2
56.3 37.8 41.9
85.1 74.1 31.5
7.6 16.8 52.1
9.8 58.7 53.1
23.9 33.9 55.2
83.0 47.4 78.1
74.2 11.8 90.0
70.0 23.4 60.6
68.0 79.0 92.3
39.9 16.8 48.5
63.4 45.5 54.4
44.4 70.8 80.0
21.9 51.8 34.9
94.7 58.0 29.9
44.8 68.4 11.9
13.2 34.0 88.8
77.0 29.7 43.3
14.0 62.2 54.5
54.0 72.7 25.0
8.2 24.7 9.9
5.0 73.0 39.6
30.4 33.1 80.5
5.1 8.2 13.9
76.7 37.0 67.6
14.3 55.6 97.3
11.6 95.7 28.6
36.6 43.3 84.3
67.2 81.4 29.8
47.1 93.7 26.1
80.9 92.0 58.6
32.7 44.1 5.3
32.3 52.8 49.1
59.7 9.9 88.1
82.3 31.0 67.1
57.8 99.3 9.0
65.3 23.4 26.6
24.7 11.3 42.2
74.5 97.4 48.8
2.2 37.7 51.9
8.3 96.6 80.5
79.4 64.6 32.4
44.1 8.9 9.8
79.7 6.6 46.0
39.1 57.3 46.5
60.5 80.6 43.8
39.6 51.8 26.2
94.4 72.6 1.5
89.3 32.3 56.9
12.4 21.8 36.9
47.2 67.0 16.1
1.5 82.5 72.9
49.4 3.7 19.5
83.0 54.9 30.0
70.1 79.4 56.1
30.3 99.2 95.9
94.8 20.6 61.3
96.9 63.9 45.5
56.1 65.1 41.0
67.7 57.6 53.9
22.2 50.2 22.4
19.6 84.9 2.3
91.2 72.3 71.4
37.1 80.8 62.0
98.1 15.6 29.8
14.9 14.5 49.7
46.6 44.3 44.8
39.2 53.1 20.4
69.5 29.4 45.0
14.9 95.1 58.1
59.8 84.5 67.5
24.5 58.4 43.3
10.0 39.9 56.7
29.7 0.9 94.1
23.1 9.9 89.8
97.4 38.7 75.9
26.2 14.5 72.9
65.9 32.4 76.7
96.6 96.8 92.7
9.4 84.9 79.6
54.2 92.3 39.6
41.7 41.1 36.8
4.8 78.1 83.3
57.4 68.8 88.4
66.8 46.8 42.5
20.4 84.4 92.1
96.0 91.1 92.2
95.1 70.0 34.2
63.0 42.5 43.0
45.1 72.0 19.8
52.7 48.0 40.5
38.2 42.5 61.4
61.2 20.4 19.2
0.9 93.8 0.5
86.6 66.6 17.1
8.0 96.4 54.1
2.6 88.6 93.5
73.3 25.1 72.4
7.6 29.2 15.9
95.1 59.6 52.7
80.7 28.7 2.7
92.0 80.5 12.7
83.7 71.0 58.3
80.3 13.7 48.3
34.1 63.5 62.1
27.7 27.8 8.0
43.4 71.1 22.9
85.3 93.0 40.8
73.0 44.8 63.2
14.1 67.0 41.6
6.3 81.8 81.5
98.4 50.9 97.4
74.1 88.5 40.8
96.0 74.8 8.5
77.8 10.1 17.1
50.5 40.1 79.6
17.2 10.9 73.1
98.7 67.0 52.5
18.4 80.2 72.7
74.6 68.8 35.2
19.7 98.9 89.5
39.8 95.1 1.8
37.3 25.7 71.9
87.3 91.5 6.8
88.3 61.0 85.9
12.5 59.6 83.9
58.3 51.8 15.9
51.8 6.1 16.7
60.3 16.6 93.8
22.6 19.3 88.2
87.6 76.0 73.8
55.7 78.0 55.4
7.8 6.1 86.8
52.1 67.3 9.8
75.7 25.8 41.9
34.5 90.1 18.9
21.6 95.6 23.9
72.5 12.5 53.2
17.8 42.1 71.6
76.2 28.7 20.8
73.8 53.0 60.5
49.0 79.9 56.9
40.7 25.3 41.3
65.6 78.5 58.3
34.8 59.3 79.9
36.2 60.6 66.6
73.5 21.9 67.1
66.4 59.9 60.8
84.7 1.4 91.4
21.2 50.7 62.2
32.7 49.2 32.0
99.9 89.8 27.1
38.6 19.2 55.2
21.7 52.4 98.8
69.3 8.9 68.8
41.4 29.6 26.8
34.6 35.8 73.7
74.5 56.8 79.7
82.5 64.7 22.1
23.7 64.3 90.7
67.0 54.9 54.6
3.9 25.2 1.2
2.0 43.1 47.6
69.1 52.5 84.5
9.9 41.6 77.4
5.6 67.7 87.2
73.6 0.8 89.6
30.9 13.2 35.8
78.8 74.4 0.4
93.0 72.7 64.9
51.9 86.8 17.4
90.1 36.1 25.5
96.6 92.7 31.3
36.2 78.0 81.8
72.8 28.9 71.3
94.1 22.3 79.6
73.1 84.0 23.1
13.5 63.2 58.2
38.2 25.0 64.4
85.2 45.7 60.1
26.8 3.3 77.3
89.4 41.9 52.6
88.3 53.3 78.2
51.2 43.6 82.5
5.2 81.2 2.4
84.5 29.6 20.2
77.3 75.8 30.5
67.7 35.8 11.1
28.1 65.0 57.0
98.0 25.3 32.7
35.9 71.6 79.7
11.8 71.8 77.7
38.1 6.5 15.2
71.3 37.1 17.6
58.6 87.4 24.2
24.1 50.9 9.7
66.2 24.8 24.2
14.8 59.2 53.6
62.0 61.7 22.9
62.4 78.1 63.8
70.6 56.1 35.0
54.7 45.8 3.9
90.5 98.1 46.8
41.4 60.1 31.6
29.4 96.7 4.5
16.7 3.9 16.3
60.0 77.4 44.4
99.9 52.5 8.0
21.7 82.4 44.9
8.6 67.4 25.7
18.5 21.5 5.8
27.5 23.0 58.2
21.1 3.7 27.0
96.2 59.1 2.8
66.1 61.2 69.6
87.6 10.0 95.8
17.1 19.1 24.8
12.2 69.8 55.0
75.8 72.8 14.5
74.2 43.8 86.0
47.3 47.7 49.3
69.5 40.4 21.3
3.2 52.5 90.4
29.5 22.1 84.8
16.8 8.4 62.0
9.1 83.8 23.2
11.9 33.7 56.6
43.2 26.2 53.4
83.1 63.7 69.4
10.2 1.1 51.4
64.2 26.9 83.4
54.7 73.0 50.3
4.1 60.6 41.1
29.7 73.7 10.2
1.5 6.3 11.7
31.7 99.9 15.1
64.3 53.8 78.2
45.4 88.7 1.2
91.2 92.2 83.7
17.4 9.1 80.8
71.8 85.1 27.7
62.3 85.2 21.1
23.0 58.9 0.1
1.5 48.7 72.8
2.9 92.1 98.7
86.3 32.7 48.8
47.7 71.4 84.6
47.5 8.2 83.1
83.9 61.9 16.9
64.7 36.2 40.6
56.0 75.2 90.5
56.1 72.0 38.0
44.1 55.0 33.9
73.8 12.4 95.1
0.5 94.0 98.9
62.5 48.2 10.4
65.3 38.0 43.0
61.1 60.6 5.8
78.7 5.1 32.7
43.0 62.2 74.7
40.7 29.6 71.4
20.5 94.9 40.6
81.0 51.5 93.5
58.8 78.5 33.4
91.3 2.3 47.6
96.3 17.7 72.6
92.2 70.7 52.9
26.6 62.7 42.5
90.0 24.8 97.5
53.0 75.7 41.3
9.6 1.6 9.2
90.5 25.1 80.7
73.0 70.3 54.7
45.2 25.5 68.4
53.5 59.4 14.6
79.0 3.6 4.7
50.5 60.7 27.8
95.8 28.1 74.6
29.9 42.2 59.2
41.3 80.8 5.2
4.1 79.1 57.6
92.4 65.7 70.8
94.6 95.8 63.2
26.3 62.7 83.1
44.1 67.9 63.7
10.0 63.7 90.9
75.0 65.4 54.0
59.7 82.7 97.9
4.6 13.9 83.8
8.1 89.8 79.2
22.1 69.7 29.3
81.3 20.6 92.9
69.3 35.1 81.6
19.4 23.8 98.8
67.5 97.1 42.1
98.0 68.3 96.6
9.9 75.6 60.9
46.6 66.8 35.9
39.5 18.4 92.8
9.4 33.2 86.6
45.8 26.6 46.3
91.3 43.1 28.6
36.0 16.6 44.9
12.2 26.0 88.3
17.3 96.6 70.6
94.6 47.4 70.8
34.6 67.0 82.0
26.6 6.9 37.8
92.7 3.8 88.4
35.9 76.7 97.8
3.0 92.1 19.1
89.0 9.3 44.4
80.9 50.7 4.0
52.3 22.2 64.7
15.0 22.5 26.2
38.2 96.9 74.0
0.1 85.5 30.5
52.6 28.7 86.3
97.9 96.6 47.8
34.5 20.9 88.6
90.6 72.0 64.3
60.6 44.2 36.1
98.3 93.8 81.7
79.5 70.9 79.9
49.7 79.5 74.2
25.2 36.7 14.0
10.3 85.5 75.5
5.2 85.6 44.5
26.2 99.7 65.0
78.9 6.5 70.5
12.7 44.7 42.7
50.3 27.6 26.5
67.5 24.6 78.1
80.3 81.5 26.3
76.0 31.6 58.1
77.7 53.3 82.8
78.4 70.3 44.4
47.6 37.4 10.8
53.5 40.2 93.5
44.1 78.6 39.3
32.0 41.4 94.4
85.7 91.2 30.4
49.6 69.1 70.6
82.6 21.6 58.3
13.3 51.1 97.6
30.5 66.5 20.6
9.8 41.8 61.9
79.1 2.4 46.7
85.0 93.4 49.5
97.5 7.5 69.4
78.7 46.5 76.2
63.9 50.8 46.0
68.2 58.6 49.5
12.2 93.5 94.8
55.9 11.9 13.8
46.6 37.3 75.0
6.0 34.1 9.3
54.8 40.6 91.8
26.8 21.2 6.5
61.9 12.7 57.1
11.4 4.2 75.0
74.9 72.8 26.1
97.7 73.6 2.5
60.6 46.5 78.3
95.3 40.5 62.6
15.3 16.5 54.5
12.7 78.0 43.1
38.0 18.3 34.7
72.3 8.1 6.3
54.4 24.9 42.6
44.0 66.2 29.1
2.9 69.8 59.8
97.8 72.7 82.5
46.0 26.9 18.0
22.3 34.7 40.2
16.5 8.2 42.3
5.5 18.7 80.7
80.9 33.0 9.1
11.1 54.4 34.4
7.5 68.9 20.5
75.6 72.4 21.7
85.6 4.8 76.0
28.0 65.0 8.8
96.6 6.7 77.8
17.3 84.3 4.8
93.2 57.6 76.3
59.8 33.5 61.6
85.7 98.0 16.6
66.1 49.1 93.3
92.9 8.5 25.0
89.1 69.3 28.8
28.8 78.6 5.7
55.9 82.7 91.0
22.6 29.0 24.1
26.4 66.6 7.4
69.2 14.8 41.2
89.2 21.6 15.8
82.7 15.9 4.2
83.9 16.3 44.8
39.6 25.0 89.6
19.6 67.8 10.8
48.6 43.7 30.3
32.3 0.1 4.1
84.5 63.0 9.4
40.0 99.3 5.4
39.4 20.4 54.2
12.4 56.9 58.1
64.3 82.7 20.1
50.2 2.3 3.8
56.1 83.4 10.1
20.5 90.0 73.2
45.6 63.6 21.0
91.7 59.3 47.7
79.2 91.0 99.0
40.8 77.5 88.9
6.9 39.1 13.9
83.5 30.6 3.9
17.3 6.9 57.3
44.4 82.7 19.5
33.6 39.5 10.2
31.6 0.7 2.2
76.4 94.8 0.8
77.2 0.8 79.0
15.7 4.7 83.1
8.6 69.6 90.6
46.7 81.4 19.0
46.7 60.5 51.1
38.3 65.3 43.9
82.6 94.2 92.9
44.0 52.7 54.0
88.6 44.3 4.7
15.3 47.0 61.0
60.5 70.9 97.1
47.1 24.2 33.2
84.2 42.0 22.5
88.1 71.8 58.8
35.1 25.2 85.7
86.5 97.5 43.0
35.1 10.2 75.0
78.8 74.7 7.2
29.0 21.9 71.7
99.3 76.0 75.6
9.2 69.3 19.9
3.2 84.9 87.3
34.3 93.3 44.4
85.6 48.6 2.5
36.4 0.0 33.2
2.2 14.5 5.3
70.9 89.5 74.7
50.8 31.9 63.4
13.6 12.3 24.4
98.2 49.0 37.5
54.6 43.9 4.8
56.5 96.2 16.8
71.9 46.9 98.2
11.3 28.7 34.0
76.6 63.3 29.0
32.1 63.6 67.7
99.5 90.6 46.3
24.9 62.0 5.6
13.3 56.6 95.5
