19.4
51.3 52.1 47.4
130
23.0 61.4 59.8
13.9 54.6 76.2
76.7 85.4 44.8
82.8 53.0 22.4
69.2 11.4 88.7
96.0 11.4 24.5
46.4 64.3 81.9
32.6 94.8 54.4
86.3 97.0 45.5
36.0 90.8 89.8
6.3 58.4 92.5
55.8 91.4 13.0
47.9 80.3 39.9
78.5 0.0 65.1
55.4 98.0 88.8
90.8 85.2 66.0
82.9 24.3 28.2
6.5 88.1 47.4
38.0 57.0 63.9
35.2 64.1 64.4
77.5 7.2 3.3
69.4 14.1 70.9
59.5 82.6 34.5
20.4 77.7 78.9
25.0 77.8 16.0
57.1 6.0 10.4
71.6 59.7 18.8
71.6 75.6 2.8
92.9 93.0 34.6
78.7 9.4 11.4
27.8 56.8 53.3
22.0 89.1 32.3
24.6 77.8 8.9
69.8 61.6 90.0
35.7 53.2 70.3
96.2 98.2 59.6
75.9 54.1 76.1
42.5 18.4 41.5
75.2 52.4 1.8
9.3 37.4 56.9
89.9 89.7 79.8
63.4 32.7 72.5
37.2 68.8 55.1
55.7 98.0 49.1
86.1 98.8 73.9
26.0 19.9 57.0
41.1 23.3 2.6
45.2 94.6 92.1
68.0 63.6 3.6
74.5 92.5 52.3
97.6 34.2 59.9
72.4 92.9 85.1
62.8 66.7 19.8
35.7 24.1 15.0
45.2 14.9 60.0
49.1 81.1 41.4
75.3 21.0 74.2
55.3 22.8 76.4
21.5 21.3 94.9
52.4 44.2 15.4
21.7 94.0 11.2
18.4 44.9 62.8
46.3 96.3 39.7
28.7 0.0 78.6
44.3 43.8 21.8
12.0 91.2 89.7
60.5 94.6 78.9
57.0 33.7 43.5
99.0 79.7 19.2
31.7 90.3 23.0
86.5 95.2 71.9
29.7 65.4 52.8
27.4 18.3 56.1
91.3 15.4 82.4
69.8 55.0 39.0
14.8 35.6 12.4
90.1 31.8 90.5
76.8 14.0 18.7
15.5 72.8 65.5
33.5 48.5 60.0
62.9 75.4 80.1
7.5 81.5 93.7
53.1 46.1 61.0
4.7 98.1 45.5
67.4 83.8 58.8
81.1 72.1 1.6
31.5 31.2 69.7
33.1 94.3 60.8
97.4 6.9 45.2
1.6 66.4 85.9
68.6 55.1 8.7
87.2 34.5 96.3
37.6 90.1 81.3
88.9 63.2 18.8
1.2 53.9 99.0
65.7 71.8 61.5
71.7 85.9 7.2
64.5 44.9 67.1
16.8 8.1 17.1
60.6 85.2 38.6
94.4 24.0 53.1
77.8 87.9 67.3
65.9 79.2 29.8
38.7 2.1 60.2
62.0 11.6 84.7
62.2 92.5 0.2
12.0 89.9 83.4
80.4 96.9 28.3
56.8 53.8 47.4
15.6 1.7 20.0
57.9 43.2 44.8
4.7 4.4 0.9
54.6 55.6 27.0
24.1 3.9 29.3
19.6 51.3 3.1
12.1 97.2 89.6
32.8 28.8 73.9
41.5 39.9 75.5
18.4 65.8 48.4
52.5 97.5 68.9
37.1 79.4 38.5
94.4 92.0 77.5
16.1 32.4 97.1
46.6 23.5 95.9
54.0 44.3 5.6
65.4 49.7 33.9
70.9 5.7 30.2
32.3 3.7 33.8
91.6 69.7 49.1
40.2 18.9 68.7
