14.9
53.3 53.7 53.4
926
52.3 59.1 84.8
3.5 69.1 74.4
65.8 51.2 9.8
77.2 35.5 77.1
40.9 75.3 44.8
74.5 30.4 51.2
91.6 85.5 19.8
76.2 15.7 19.6
41.8 16.4 70.4
31.8 54.5 81.3
69.5 15.4 43.3
25.4 61.8 80.0
42.9 56.1 93.2
35.8 54.6 26.0
94.3 72.3 81.7
71.2 90.6 83.1
3.9 10.9 73.0
9.0 33.7 72.1
97.5 27.4 11.6
68.1 25.7 46.5
64.3 95.9 45.0
62.1 97.8 95.6
13.4 27.4 74.7
29.5 40.0 86.1
46.3 25.5 81.4
5.0 96.8 92.6
1.7 78.5 93.2
27.0 89.4 1.2
29.2 98.4 53.6
46.1 10.2 49.9
41.7 10.9 75.2
49.0 63.8 94.4
96.6 77.0 60.3
25.5 43.7 92.2
48.7 47.7 20.9
56.3 27.3 3.1
37.2 58.6 9.1
55.8 39.2 96.3
46.2 18.3 41.5
84.8 53.5 39.7
2.5 70.7 18.4
44.4 2.2 7.3
99.4 87.3 40.4
55.9 92.9 99.3
94.7 36.1 92.8
95.9 41.5 1.6
1.5 46.6 66.2
29.2 5.8 39.8
33.1 17.9 18.8
7.3 94.6 8.9
98.0 48.1 50.0
88.0 48.7 34.1
26.1 24.1 79.8
68.9 57.3 90.8
40.9 95.0 30.8
94.1 46.7 42.5
45.0 70.4 73.6
6.7 5.4 28.5
8.5 92.1 62.8
93.5 21.5 60.4
24.4 5.0 65.5
1.9 88.1 61.9
94.8 65.6 63.1
94.1 17.8 27.3
48.9 49.7 33.8
57.6 67.4 32.5
46.5 82.9 65.0
73.6 98.9 29.8
88.3 74.9 42.1
3.9 43.7 73.4
38.4 21.5 2.2
78.7 19.3 84.2
2.2 31.6 12.2
92.5 17.9 29.1
27.1 87.1 90.4
49.3 10.0 46.2
8.3 89.0 28.9
41.7 39.1 1.8
2.0 30.3 37.5
66.7 39.2 3.2
10.8 64.1 99.8
25.8 11.3 69.3
0.1 68.7 51.6
61.8 71.8 66.8
53.6 74.7 52.3
79.7 7.3 55.2
61.5 25.6 92.8
11.5 61.9 34.3
24.8 71.0 54.4
21.0 10.4 4.0
33.7 1.2 3.4
74.4 21.7 6.8
23.5 10.4 3.2
81.6 69.1 19.7
14.6 85.3 22.3
47.8 23.3 96.2
99.0 42.8 12.4
98.1 48.9 42.5
98.4 28.6 53.5
99.6 66.2 36.3
53.5 66.7 43.7
15.5 57.5 15.4
97.0 66.3 46.0
76.3 31.6 9.4
14.7 51.8 50.9
66.4 11.2 52.4
93.4 80.6 38.1
59.0 63.4 41.5
86.2 58.0 91.9
52.6 37.0 85.0
94.4 1.8 71.6
6.1 42.2 0.6
82.6 70.3 3.9
81.0 21.4 75.1
43.2 98.5 68.4
30.1 53.5 50.2
96.3 56.4 1.2
44.0 71.1 53.7
77.8 78.1 33.4
5.1 4.0 71.0
53.8 50.7 34.9
95.1 35.0 60.6
79.5 17.1 62.1
8.8 67.5 72.5
80.7 62.8 26.5
78.6 37.3 28.9
18.5 98.1 65.5
68.7 39.4 50.6
71.6 9.1 65.1
28.7 24.2 18.2
97.1 55.2 9.5
22.1 30.1 38.7
72.7 32.5 14.0
9.1 83.0 95.7
5.1 30.4 67.2
52.1 1.7 85.5
2.3 25.1 57.8
39.8 88.6 38.8
32.1 1.1 10.0
2.8 50.9 82.2
57.8 95.9 95.3
5.9 36.8 4.1
61.7 46.0 25.3
65.0 58.6 80.7
52.6 74.9 27.3
96.4 82.5 27.0
89.5 92.2 94.6
74.6 53.1 57.0
31.0 26.8 80.8
25.9 7.0 45.3
30.4 25.6 45.4
0.3 0.1 14.3
11.9 73.4 34.4
82.8 99.3 19.1
34.0 95.7 51.7
46.5 37.2 3.1
70.6 58.8 95.5
54.5 65.4 82.3
1.8 68.7 9.6
40.7 95.1 92.2
80.4 19.0 38.1
91.0 79.8 11.7
44.4 1.2 91.4
16.4 15.4 59.3
5.9 65.7 38.6
47.9 11.5 5.6
54.0 28.2 33.9
82.7 56.6 58.2
93.1 9.0 71.3
23.1 60.4 68.4
15.8 50.4 74.8
15.8 8.3 55.2
49.8 50.7 15.3
47.4 52.2 68.5
18.4 54.1 75.5
93.9 25.3 67.6
90.3 80.3 43.4
78.2 33.1 74.6
87.0 25.5 6.4
41.0 68.0 36.0
77.8 22.7 38.2
11.0 8.7 23.0
84.2 70.3 95.3
71.7 31.2 17.0
21.5 67.1 72.9
20.6 20.1 79.4
8.4 91.5 66.7
1.0 63.7 96.9
48.4 28.2 32.6
15.8 31.1 90.4
44.5 45.2 68.1
73.3 35.0 13.8
97.2 83.7 85.9
56.1 75.6 0.4
64.9 57.0 23.3
75.4 54.9 80.6
40.4 92.9 49.5
16.6 92.5 46.8
12.5 80.4 64.4
70.6 69.9 64.2
19.8 25.1 23.4
56.2 3.4 84.2
40.7 58.9 59.7
43.6 18.9 54.4
85.1 26.4 97.3
97.9 85.5 12.7
79.7 54.0 72.5
15.0 48.6 99.6
0.6 76.1 33.9
92.8 31.5 23.5
7.1 96.3 45.4
38.8 43.0 26.6
60.5 6.5 90.3
83.2 58.4 73.8
88.8 28.2 53.4
49.6 86.7 30.2
33.1 47.0 32.0
28.8 41.2 44.1
53.0 3.7 90.2
3.5 87.8 42.8
35.5 49.2 29.7
67.3 7.8 27.4
81.0 81.9 58.6
9.1 50.4 52.9
59.8 24.8 63.7
85.7 45.2 64.5
99.5 27.3 87.5
2.2 89.4 68.2
83.3 66.0 25.0
98.5 64.4 38.3
80.6 91.1 50.7
20.6 8.2 69.2
80.8 89.4 38.1
15.9 75.3 48.0
41.8 71.3 27.1
49.4 4.3 56.4
67.9 29.4 79.8
69.4 74.4 51.1
22.3 3.4 93.9
60.4 97.5 44.0
23.4 23.2 81.2
13.1 9.8 28.1
36.9 46.8 88.2
71.9 7.9 97.3
76.9 19.8 46.7
48.1 73.9 49.1
71.4 68.2 33.3
90.0 79.5 49.9
39.3 22.7 94.0
64.0 57.2 41.1
41.6 76.2 94.2
49.1 58.3 59.1
34.5 2.8 48.6
35.3 74.2 8.6
46.4 93.3 65.2
62.4 18.1 76.0
87.4 35.1 34.7
17.3 95.9 86.2
81.8 15.4 55.2
94.3 60.4 47.6
69.0 16.1 29.3
44.7 0.9 63.5
89.5 47.5 35.2
40.0 0.1 76.3
63.4 74.7 86.5
8.8 30.4 0.4
24.0 7.7 5.1
60.3 63.7 21.2
68.5 68.5 70.8
25.8 91.5 46.2
47.2 50.2 37.4
80.6 40.6 82.3
64.3 39.0 6.1
48.7 27.1 98.8
33.1 41.0 47.0
54.9 46.5 77.2
21.4 29.9 33.0
79.4 61.6 17.5
90.4 95.9 52.7
28.1 92.0 93.8
68.3 91.0 72.7
12.6 82.4 24.0
33.2 51.5 85.9
74.0 47.9 70.7
44.5 2.5 66.7
91.1 74.0 59.7
14.5 77.0 52.6
26.8 91.7 87.0
41.5 64.3 70.0
2.2 85.2 50.5
15.0 22.8 56.0
36.7 94.5 74.0
82.4 46.6 26.2
4.9 10.7 46.3
1.6 73.5 80.4
91.8 51.3 40.8
59.4 1.8 24.7
54.6 73.5 15.2
84.8 56.1 56.8
21.3 97.0 68.9
14.9 78.1 71.1
45.5 21.8 70.6
93.4 41.7 58.1
12.2 9.2 71.4
87.3 12.4 99.7
38.7 39.4 94.8
68.6 41.4 99.4
42.9 74.1 78.1
92.3 6.2 44.4
25.9 62.9 4.8
35.3 76.8 25.8
24.7 92.1 77.9
60.1 12.7 12.7
21.1 35.2 79.3
63.9 93.5 7.8
1.3 14.4 15.9
61.6 80.2 31.3
50.6 9.8 77.3
82.7 90.5 82.4
75.1 87.2 65.2
18.9 86.6 41.8
97.9 44.3 67.6
18.3 96.0 85.2
78.1 95.5 39.6
5.0 93.4 42.2
19.8 45.0 74.6
33.6 99.5 52.6
34.6 29.8 62.6
57.0 25.1 86.3
26.4 29.5 37.8
38.0 2.8 80.7
87.6 65.9 2.7
1.6 71.9 20.6
59.0 15.7 14.9
47.4 15.4 24.1
64.2 57.7 36.1
91.7 19.5 68.5
35.9 76.3 54.5
85.8 1.6 81.2
55.1 37.1 95.2
54.4 74.4 68.8
27.5 31.6 84.5
27.1 6.2 94.5
43.0 48.0 9.3
89.8 43.0 66.9
95.9 77.3 42.0
78.5 57.5 67.8
71.9 69.6 62.8
8.9 77.7 5.6
28.3 72.7 45.6
56.7 97.9 89.8
5.7 66.9 34.5
74.8 56.5 6.7
22.1 78.1 4.1
80.4 49.3 73.2
38.5 98.7 19.3
68.8 18.1 50.1
59.1 36.7 0.6
56.8 39.2 15.0
36.2 19.6 9.8
72.2 93.4 12.9
87.1 80.7 16.4
66.6 79.0 63.9
31.8 86.5 32.1
26.9 88.9 5.8
87.9 28.2 2.9
80.4 69.0 60.8
47.6 79.7 76.3
19.0 0.1 42.9
22.9 94.7 18.7
43.1 50.3 40.6
5.0 59.5 7.0
6.9 32.2 63.9
99.5 56.4 17.4
64.0 16.0 66.5
48.6 66.7 70.5
21.4 93.9 88.8
26.5 27.8 49.8
21.8 50.6 78.8
90.4 33.6 16.1
60.0 62.1 22.4
83.3 65.9 35.6
73.2 99.9 60.5
19.4 32.5 17.4
53.3 99.7 99.2
75.6 18.5 75.1
83.0 72.4 85.4
17.9 47.2 71.8
79.4 84.7 92.3
83.6 7.2 93.8
50.4 66.2 58.1
36.8 27.9 2.4
86.5 42.7 23.7
53.0 99.1 54.9
23.5 37.6 5.6
14.0 29.0 3.6
86.0 47.7 82.7
5.7 10.7 83.6
94.8 76.1 90.8
76.2 84.8 60.1
69.2 88.8 61.3
41.8 24.9 30.7
45.2 61.2 37.5
63.2 73.3 51.9
61.9 9.8 26.6
25.0 91.8 51.4
75.6 21.5 84.4
86.3 25.1 88.6
54.1 2.2 40.2
9.0 95.6 65.9
77.7 48.1 49.4
25.7 27.2 87.1
31.7 49.4 30.4
19.7 4.6 36.3
23.6 27.0 53.6
42.6 55.2 27.5
10.3 28.8 84.9
65.5 94.3 75.0
23.7 99.7 53.2
64.3 8.4 38.5
16.1 82.8 73.5
75.6 90.4 11.0
48.0 60.4 15.4
32.2 77.8 74.7
70.3 49.9 22.7
53.5 37.6 29.3
77.5 76.2 63.4
88.6 41.4 69.9
1.4 92.1 46.5
0.5 65.6 85.6
70.5 23.8 10.0
19.4 82.5 0.2
0.8 53.4 93.3
95.3 94.2 35.9
59.5 52.6 20.8
48.0 88.0 28.2
65.7 33.0 99.8
62.5 73.7 29.1
76.5 44.3 33.7
49.7 92.8 35.7
76.0 61.6 36.9
76.1 46.9 86.4
0.0 46.7 93.4
10.6 79.2 70.2
98.5 11.6 25.0
16.7 62.5 0.4
53.3 69.5 2.0
57.7 99.0 7.1
90.6 97.6 60.5
35.9 31.2 77.4
69.7 10.3 66.1
36.1 87.7 21.0
8.4 58.0 45.0
62.4 78.0 73.0
60.7 61.9 1.3
67.4 85.5 13.2
29.2 55.6 91.4
94.2 45.6 48.4
90.2 67.5 60.6
97.2 33.5 20.7
15.4 45.5 85.2
35.4 91.1 85.9
95.6 36.1 88.1
95.8 44.9 61.5
14.5 79.7 86.1
38.4 80.0 82.5
76.2 18.2 74.3
88.2 75.0 87.2
84.7 36.8 66.2
61.5 80.5 80.0
5.0 65.9 50.4
11.6 32.2 82.2
10.2 83.1 3.1
90.3 91.5 55.9
58.1 88.1 13.2
72.4 49.5 19.7
77.9 23.1 17.2
98.2 55.6 98.2
39.3 54.7 65.5
72.8 74.3 36.2
20.7 0.4 77.4
37.1 58.6 27.9
80.9 81.9 49.0
9.3 91.6 27.4
36.4 4.7 50.8
46.3 4.6 95.0
84.7 93.8 73.4
43.1 82.8 95.4
50.5 18.4 65.9
48.0 23.4 69.8
92.7 75.6 78.7
68.7 15.5 98.3
74.4 56.5 10.0
95.3 67.4 94.8
89.3 36.3 21.8
26.1 36.8 23.1
46.3 70.8 94.8
93.5 10.5 43.9
1.8 42.8 40.7
76.7 29.3 70.4
82.2 5.4 31.3
70.1 72.2 20.9
61.0 27.9 44.2
0.9 98.4 43.2
38.3 95.7 40.2
27.5 43.0 45.0
44.9 12.3 46.3
71.7 52.6 50.0
38.0 7.2 34.3
79.4 4.5 10.7
66.2 62.6 47.5
98.1 53.8 46.9
69.2 18.8 41.0
56.4 3.2 4.9
87.1 60.0 68.9
47.1 80.9 2.5
0.0 96.5 27.7
97.8 86.1 2.6
70.2 39.4 70.2
62.5 71.4 74.2
17.3 30.1 90.2
17.3 67.5 30.3
32.4 62.9 64.9
2.9 5.9 58.8
44.9 76.5 17.6
56.1 9.6 40.3
94.8 91.6 4.7
10.3 69.4 62.7
67.4 63.4 29.1
35.9 10.5 73.1
58.7 86.3 81.3
0.5 77.4 72.3
48.5 25.1 39.8
34.7 74.5 39.9
68.6 78.5 75.0
41.4 39.5 32.3
38.0 61.6 81.1
16.6 34.8 3.1
38.8 80.8 95.9
63.8 57.3 5.3
20.3 19.7 49.8
27.7 72.6 36.2
96.4 86.7 8.8
46.5 56.8 39.2
63.6 75.1 41.8
10.5 64.7 35.6
56.9 65.5 51.6
30.3 1.2 97.4
3.2 32.6 5.3
32.0 27.4 62.2
45.3 65.0 50.0
0.8 22.4 70.3
40.8 7.7 62.7
87.6 2.1 69.1
49.1 36.5 24.9
33.6 0.7 64.6
43.6 12.6 4.9
22.7 52.2 14.4
70.5 22.0 80.9
74.0 69.9 56.3
61.1 42.5 29.8
24.0 8.6 48.3
92.5 99.9 62.7
57.3 30.4 77.6
24.4 61.5 29.4
69.6 71.3 35.2
13.4 25.4 53.2
90.1 73.1 77.7
61.2 14.6 12.9
76.7 27.9 59.2
41.3 23.3 0.4
68.0 40.4 66.2
70.4 65.5 53.5
78.0 58.2 37.1
23.7 27.0 76.4
56.5 95.3 11.5
66.0 9.5 71.0
99.5 70.5 26.4
5.6 87.1 81.1
50.1 52.5 69.7
70.0 45.1 6.0
16.2 45.1 81.0
22.8 43.5 68.1
66.0 0.0 3.0
51.5 71.0 36.1
27.8 24.7 74.2
52.5 2.0 76.2
11.8 3.9 38.0
14.5 67.2 31.1
14.3 80.7 3.5
22.0 53.7 14.2
45.2 58.2 47.8
22.5 49.6 68.9
29.7 77.0 4.1
87.9 10.1 40.0
62.3 0.5 47.2
70.7 28.9 7.3
34.1 58.7 46.1
58.6 36.9 9.3
52.4 56.0 35.9
9.5 98.5 84.6
3.2 56.7 67.6
70.2 67.7 79.9
67.4 33.1 19.9
0.3 75.1 27.6
64.2 95.0 39.8
72.8 66.8 4.9
45.6 97.3 6.8
4.6 72.3 27.8
13.7 44.5 9.3
64.4 58.5 83.7
69.0 58.7 90.8
28.5 84.2 21.7
31.9 68.2 7.1
93.0 7.7 37.2
14.9 7.2 36.3
84.5 65.0 94.6
43.5 52.9 66.4
45.0 9.9 48.4
52.9 73.9 7.8
44.9 52.3 1.8
25.2 53.5 74.0
16.4 3.8 26.5
31.1 47.3 79.7
58.9 20.7 19.1
77.9 14.8 23.6
22.6 64.9 57.2
18.0 84.3 78.7
52.3 21.1 73.5
62.5 74.9 75.8
21.7 33.5 0.8
66.9 91.4 32.0
59.0 75.1 15.2
58.2 52.2 8.2
12.5 86.9 50.2
9.1 20.9 90.5
79.7 11.5 24.3
87.7 28.5 88.3
46.0 49.3 75.9
33.7 37.2 90.2
42.5 31.5 42.5
42.8 7.5 95.5
34.1 65.3 21.0
59.6 59.1 84.5
26.6 10.0 60.5
59.2 60.7 52.3
77.7 50.3 59.7
37.1 16.9 55.7
17.4 91.2 30.0
69.7 85.2 38.5
21.7 32.2 36.8
89.6 0.2 39.8
2.6 28.7 15.4
41.1 57.0 93.9
21.8 41.7 28.7
64.5 19.4 39.1
89.4 55.8 15.0
6.9 71.7 92.3
90.2 3.4 16.8
44.2 79.5 6.4
53.9 87.6 43.9
57.3 63.3 45.2
51.7 49.9 58.9
67.0 98.5 35.4
81.6 69.9 62.4
3.5 49.8 17.2
94.7 75.2 55.6
81.3 20.8 31.5
44.5 10.1 11.4
48.5 93.1 13.8
30.6 24.0 14.0
43.4 51.7 71.1
55.0 95.9 46.4
66.8 61.2 98.7
54.6 7.4 89.8
58.9 93.7 42.0
39.5 31.4 23.2
76.5 75.2 39.1
29.5 70.6 42.0
17.4 25.1 91.7
86.2 99.2 35.2
1.9 39.9 16.2
70.8 8.8 41.3
41.8 26.9 5.7
52.7 59.6 9.4
76.3 43.3 34.4
37.4 73.8 89.8
80.6 73.0 34.9
45.2 95.7 68.4
8.0 17.2 75.2
84.3 16.9 63.5
48.3 91.7 94.4
10.8 73.2 57.9
19.2 55.9 62.1
5.2 80.3 42.1
42.5 42.8 14.1
7.7 72.5 38.2
91.1 27.8 56.1
89.6 25.5 5.4
12.7 80.6 33.4
34.7 61.9 26.5
68.3 35.2 88.3
14.6 77.4 25.0
76.2 77.8 80.7
75.6 84.7 32.3
72.0 73.5 34.7
66.0 36.8 22.2
97.9 80.1 77.0
39.3 36.3 80.2
6.9 99.9 38.0
78.9 50.9 41.0
73.4 36.6 96.2
15.8 72.2 87.8
95.1 85.9 73.7
96.1 31.8 4.3
93.7 6.0 61.0
79.7 10.6 44.7
82.9 76.3 68.3
70.4 89.9 98.5
93.9 99.2 20.6
92.7 91.6 45.8
62.7 1.7 39.4
60.9 87.8 70.1
54.9 34.5 66.6
62.1 55.5 40.1
93.9 96.5 98.7
39.9 71.9 51.9
62.1 52.4 57.8
2.9 13.3 55.4
79.3 68.7 12.1
39.5 21.8 98.2
72.9 2.8 93.0
64.0 83.9 23.4
36.7 82.9 47.9
47.5 2.3 57.7
28.8 37.7 48.8
3.5 11.6 93.8
28.1 70.0 68.5
17.2 20.0 92.5
18.4 97.5 47.0
71.5 15.0 17.8
41.7 58.0 29.6
41.1 87.3 87.0
71.6 56.2 19.7
89.3 34.2 66.1
87.8 65.4 11.2
24.9 7.5 3.5
46.8 90.3 43.9
49.4 49.7 98.1
64.8 55.2 71.7
82.3 85.7 17.2
67.4 35.8 48.3
10.4 66.0 21.6
82.3 18.8 77.7
68.7 73.6 28.7
53.0 45.4 53.5
13.4 37.8 38.6
71.8 18.1 21.2
75.0 85.6 93.9
66.6 55.3 70.5
98.5 86.7 11.5
9.8 28.4 51.6
72.6 46.4 90.7
65.1 21.0 43.8
19.5 95.1 2.0
18.4 6.5 69.2
79.9 74.6 64.7
7.8 53.9 95.9
26.7 54.0 32.5
87.8 42.8 20.7
10.3 75.4 56.7
79.5 25.8 85.7
85.7 6.9 92.2
70.4 38.1 82.1
8.9 51.7 7.3
57.4 4.6 80.5
32.4 26.8 10.3
24.7 71.4 61.3
70.0 94.4 74.7
89.9 94.2 29.6
47.3 24.1 85.6
70.9 91.3 45.2
89.3 17.5 35.6
97.2 82.6 14.7
88.6 28.3 47.7
61.2 89.4 85.3
3.1 99.9 89.6
95.3 47.0 22.2
97.5 25.5 94.2
41.6 11.9 6.6
53.6 65.4 47.4
6.4 65.1 38.5
30.4 4.7 81.9
61.0 82.9 43.4
93.5 57.0 28.6
40.5 23.1 72.3
62.0 17.3 78.2
69.4 34.8 69.9
16.4 30.3 19.0
21.9 87.9 95.1
61.3 76.8 81.2
40.8 64.6 14.7
80.0 89.4 59.6
4.3 76.4 63.5
74.7 83.9 52.0
81.1 64.4 34.6
29.4 29.8 2.5
78.9 95.5 95.5
98.6 78.8 61.0
87.4 70.2 5.8
44.2 18.8 19.8
29.4 56.0 99.8
86.2 29.8 23.2
94.7 7.7 23.3
15.2 1.0 63.2
74.6 39.7 61.5
83.4 75.4 61.1
53.7 7.8 13.4
21.5 14.0 15.2
21.7 69.5 23.2
51.3 26.7 86.8
13.7 57.7 72.3
80.7 84.8 11.4
27.1 41.8 9.0
30.7 12.9 3.2
87.2 65.8 58.7
69.5 48.7 15.8
60.7 28.5 78.4
2.7 74.4 84.1
97.9 85.5 31.7
46.7 65.5 97.3
75.1 94.3 86.9
96.0 62.5 73.4
29.4 74.6 22.3
60.6 69.8 81.3
80.2 45.1 87.5
35.4 66.7 38.9
6.5 96.1 59.8
34.8 90.4 54.4
86.6 58.5 26.2
14.3 59.8 90.3
64.1 78.7 28.6
99.4 28.8 52.1
58.9 99.1 19.3
99.0 18.9 89.2
51.5 16.5 58.1
8.1 58.9 13.6
0.2 92.7 28.7
78.6 21.8 99.2
20.7 65.3 8.5
58.4 61.5 79.9
20.4 67.4 13.2
54.7 51.9 43.0
89.9 70.9 53.7
84.9 54.3 66.2
7.1 14.9 81.4
36.1 4.9 59.5
10.0 0.4 71.2
14.2 22.4 21.9
51.3 64.2 45.4
26.5 69.6 21.3
2.9 11.3 23.2
61.2 29.0 19.7
57.8 20.1 80.4
70.8 57.3 4.4
86.5 46.5 25.3
79.2 23.3 67.4
35.1 75.2 41.0
61.4 55.5 10.5
47.5 27.4 48.3
57.7 85.4 11.0
56.4 69.6 55.9
57.1 80.2 1.4
25.8 33.6 16.0
80.6 17.2 43.8
89.6 24.1 36.0
22.4 92.0 8.6
78.1 11.1 88.6
31.2 73.4 20.5
47.0 50.4 77.8
54.4 22.5 84.5
36.5 33.8 3.2
80.2 32.7 70.2
36.1 79.9 9.1
61.3 13.7 81.8
0.3 55.4 96.3
79.9 44.2 11.5
73.6 30.1 22.6
95.4 7.9 19.6
4.0 90.6 79.9
3.6 16.4 74.9
55.5 58.3 62.9
91.7 78.1 60.9
82.0 77.0 31.0
11.9 59.9 86.8
55.6 82.3 13.0
21.8 71.7 70.2
97.7 43.4 46.8
2.3 24.1 68.1
37.8 48.2 20.7
19.7 99.0 47.6
3.3 72.1 8.0
15.8 50.0 24.1
43.4 20.8 12.6
23.9 37.6 28.7
3.7 75.7 57.0
2.0 75.1 32.4
19.9 93.5 58.0
13.2 6.1 45.2
56.0 27.7 48.6
71.7 10.1 44.6
66.8 37.6 61.7
95.6 20.1 63.4
28.4 51.7 48.8
6.8 86.1 61.3
54.4 77.3 10.9
5.6 50.6 61.7
13.2 50.5 63.3
33.7 77.8 21.1
33.0 49.0 98.5
99.8 66.8 83.4
80.1 37.3 63.3
13.6 21.2 45.3
80.5 70.0 80.4
84.0 84.7 13.5
54.5 59.5 82.2
