10.1
53.5 47.7 52.0
903
36.7 89.7 33.8
51.6 85.3 9.3
50.0 19.5 45.0
53.2 67.5 46.7
83.5 4.9 2.0
16.5 71.4 71.7
57.3 4.3 25.9
42.7 5.4 73.6
45.8 69.8 47.3
84.1 12.3 42.7
19.5 70.9 38.6
37.1 12.3 16.9
76.4 55.5 43.4
9.5 65.3 37.4
82.0 71.1 17.9
20.3 91.0 71.8
85.1 52.4 97.6
43.9 37.1 61.4
6.2 67.2 55.2
33.0 32.1 31.0
78.5 65.1 57.1
41.1 48.3 30.5
58.7 22.2 45.5
95.7 17.3 56.4
96.1 45.4 90.2
28.7 33.0 14.7
2.2 82.8 95.1
31.4 97.5 20.0
30.7 8.9 46.2
12.5 30.7 24.3
67.9 10.6 82.5
89.3 65.4 46.5
2.0 80.9 81.9
53.4 55.0 85.1
62.9 6.0 50.1
73.8 74.6 37.7
15.8 8.1 94.9
83.7 40.7 10.3
32.2 95.9 91.5
65.9 25.5 28.9
80.4 85.2 88.3
64.5 49.2 99.3
97.1 10.4 42.0
96.4 23.4 88.6
42.5 30.0 12.1
27.8 30.7 93.1
73.5 55.9 5.6
78.9 99.5 40.3
20.9 10.6 79.2
88.3 33.1 2.2
84.8 90.0 95.3
61.5 82.8 96.8
78.4 44.6 76.3
64.0 47.5 12.2
96.9 45.6 13.6
9.7 37.7 76.3
93.8 93.7 51.0
40.9 86.4 47.8
3.1 95.8 18.3
50.8 18.6 99.7
29.9 22.4 75.4
30.8 50.0 18.6
66.7 57.8 15.0
63.8 14.1 69.5
80.9 60.3 48.7
41.9 95.5 8.2
99.9 37.0 32.2
46.7 19.9 35.7
63.9 94.2 64.2
78.0 75.1 30.2
55.9 2.0 85.1
43.4 42.8 33.9
55.5 3.0 3.9
67.6 71.9 53.5
85.8 90.3 11.0
76.6 20.5 57.5
37.0 21.5 76.0
96.3 21.9 66.7
25.7 6.9 88.3
55.5 51.5 69.5
63.5 67.7 52.8
13.6 70.0 40.4
19.9 20.1 52.8
50.7 91.3 85.2
13.7 22.6 7.3
97.5 43.4 40.4
40.3 42.1 8.5
34.4 31.1 2.2
22.1 18.3 39.7
60.1 55.0 88.6
51.4 53.5 68.9
56.4 19.6 15.3
54.0 7.7 57.1
34.0 42.5 32.1
74.5 62.8 19.8
91.9 81.9 47.1
90.1 35.0 77.6
38.0 2.1 20.5
24.2 26.8 75.2
70.4 81.8 47.1
34.2 78.2 91.3
51.4 6.7 39.4
69.2 34.4 98.0
44.7 91.9 28.6
85.6 60.7 78.2
75.6 21.2 94.1
84.0 42.4 46.3
63.4 65.3 80.5
77.6 58.1 48.1
3.6 83.7 11.8
4.9 59.3 64.5
5.3 8.6 32.2
28.7 33.4 70.3
90.8 14.9 16.0
2.8 41.5 49.2
23.8 52.9 61.0
40.5 74.2 21.5
24.9 44.1 56.0
31.3 74.2 70.3
68.1 90.1 67.1
79.4 28.1 33.8
57.5 82.6 55.3
35.3 3.0 93.5
82.5 17.5 20.5
85.3 44.9 8.9
57.3 60.4 12.6
51.3 26.4 52.0
88.8 43.3 60.3
68.1 17.0 6.1
63.3 83.5 83.3
1.4 59.5 84.8
85.6 25.9 48.7
16.4 2.7 90.7
18.3 42.6 27.5
76.9 82.8 11.8
43.4 93.5 45.8
29.8 61.5 82.3
48.5 67.7 30.0
92.5 75.6 93.6
23.8 52.8 91.8
41.9 94.9 20.3
54.6 75.2 70.9
11.1 25.9 46.1
33.9 34.8 70.8
77.6 6.0 1.5
22.4 41.4 89.1
27.0 84.5 50.9
85.7 3.4 20.2
5.1 1.8 46.0
45.4 25.5 27.7
6.7 12.3 91.8
6.0 79.7 26.8
62.4 43.8 51.6
58.6 19.6 47.3
68.3 77.3 60.1
82.8 16.1 7.3
43.1 87.5 74.1
51.9 77.3 43.6
74.7 3.8 96.4
97.0 74.9 59.3
51.6 83.9 59.0
77.8 78.2 85.6
99.5 11.9 88.2
91.6 58.7 2.1
6.5 53.3 79.2
16.3 81.3 49.8
47.8 21.6 60.8
86.8 63.6 34.3
69.0 97.5 58.5
77.7 71.9 20.3
14.5 30.7 20.1
14.0 49.6 80.2
60.2 60.7 63.8
23.7 7.6 21.5
69.1 57.9 21.2
20.6 96.5 90.0
69.2 65.5 3.1
18.8 52.9 46.8
34.8 49.3 22.8
29.9 96.5 89.9
83.6 81.5 87.2
81.4 38.8 20.4
97.8 58.0 2.5
93.8 97.3 53.4
59.2 21.4 52.5
20.4 30.1 37.3
66.3 85.8 35.0
69.1 14.0 91.7
52.9 62.8 98.1
15.3 88.4 50.4
55.9 81.3 51.6
62.8 32.9 10.6
45.5 25.4 25.1
88.7 7.7 89.7
65.7 53.6 34.0
22.6 27.2 0.0
60.4 42.6 22.5
45.3 96.4 19.8
91.6 56.3 39.4
41.9 74.2 12.4
5.6 42.2 83.0
85.4 47.7 97.9
55.6 2.1 14.5
78.7 32.3 19.5
53.3 58.0 21.8
1.3 37.0 83.6
37.3 53.6 45.0
71.7 62.5 41.2
7.6 80.8 72.7
91.1 89.1 3.5
24.8 98.1 20.9
85.3 73.1 51.9
35.2 39.5 0.3
40.9 26.6 26.8
92.4 67.3 38.5
27.4 12.7 34.8
32.9 82.6 59.6
53.9 7.7 18.2
1.5 0.7 29.5
12.0 96.6 97.6
46.8 1.8 52.2
61.2 10.3 63.6
77.3 76.6 98.9
99.0 98.7 73.3
99.3 66.2 10.8
64.7 30.5 54.8
19.2 70.2 39.3
55.6 66.0 89.7
94.2 34.0 42.0
5.4 29.4 93.5
81.7 93.5 78.9
80.1 22.9 68.2
86.7 58.0 72.5
71.7 45.3 22.6
0.7 93.0 56.8
44.4 18.7 60.8
71.8 93.0 70.3
1.0 64.2 28.4
14.9 96.3 48.6
90.5 4.0 45.0
41.5 86.1 95.1
35.5 50.3 16.8
44.1 93.4 99.5
46.1 37.8 18.8
79.0 99.3 42.9
31.9 6.2 5.3
73.0 27.3 95.8
22.8 74.5 5.6
68.4 84.1 83.2
1.6 5.9 86.7
17.8 86.6 22.8
47.4 13.7 80.4
70.4 79.1 86.9
19.2 51.3 32.7
31.7 38.5 49.8
22.5 56.5 99.6
14.7 20.0 9.7
52.4 88.2 44.2
65.7 16.8 72.7
72.2 80.5 72.9
30.3 64.3 85.1
82.2 97.1 8.6
55.8 47.4 16.9
69.4 86.6 52.1
57.9 19.4 61.4
98.2 98.3 51.4
6.4 6.5 32.8
79.8 67.1 86.4
49.0 38.8 34.1
21.9 34.7 0.0
65.1 0.4 0.0
76.9 41.0 84.7
41.4 97.7 26.3
2.2 19.5 25.2
95.9 60.0 88.3
11.7 90.0 57.9
71.1 57.4 51.8
78.3 40.3 3.1
86.1 56.5 30.3
0.1 64.5 16.0
18.4 41.1 28.3
37.1 15.2 36.4
15.2 31.6 46.0
23.4 55.6 49.5
98.8 73.1 54.8
88.5 24.8 35.4
29.5 93.4 75.2
46.8 92.6 10.9
84.5 58.7 56.2
52.4 51.9 64.2
29.0 18.4 94.3
73.0 33.3 58.9
51.0 43.7 1.2
84.5 30.8 14.6
46.0 40.5 74.1
51.3 67.5 14.5
56.2 89.5 48.0
50.5 23.6 37.9
62.4 62.0 88.6
35.3 76.7 33.2
55.6 71.9 17.2
63.3 69.4 70.3
45.6 57.9 50.5
34.9 3.1 43.4
76.0 96.9 32.8
19.3 86.3 33.5
32.2 69.1 31.3
77.3 62.3 90.7
66.6 38.0 66.2
66.6 12.7 25.9
41.9 50.9 27.6
52.8 5.8 32.5
34.2 34.4 86.8
65.2 78.7 11.4
96.1 9.2 21.5
99.9 76.7 45.8
44.1 82.0 34.5
14.7 5.2 68.3
68.3 98.9 83.4
12.7 72.5 44.9
23.0 43.1 2.3
50.4 29.7 25.2
89.3 15.6 62.4
87.0 4.2 35.2
21.9 79.6 65.7
37.0 36.9 49.9
17.7 72.8 54.6
94.6 47.3 68.1
93.3 89.9 18.1
22.2 44.4 39.5
84.0 17.7 99.7
3.8 33.9 69.2
91.4 42.9 26.0
86.8 57.0 53.7
47.4 15.2 11.3
65.3 15.2 66.9
82.2 47.1 44.8
99.6 23.6 3.9
37.8 31.0 70.8
89.1 82.1 0.6
41.6 38.6 27.7
36.8 98.6 91.2
68.6 14.5 87.0
71.3 84.8 67.9
88.6 80.1 68.3
91.4 76.5 52.3
11.7 16.4 70.2
18.5 25.8 64.5
47.8 8.4 83.5
28.9 19.1 63.6
40.2 97.4 88.6
57.8 10.8 85.6
43.1 22.8 33.6
32.7 89.5 11.3
5.6 18.9 3.5
39.0 67.8 96.8
91.9 60.0 86.5
34.3 96.9 88.2
31.1 75.5 22.4
88.1 56.4 49.1
79.9 31.0 74.8
38.0 20.6 87.6
88.6 78.4 32.3
82.8 42.7 93.5
93.2 52.5 92.5
23.6 84.8 23.1
56.2 80.2 76.7
19.4 34.7 47.0
72.0 30.6 33.6
56.6 41.0 42.2
15.9 2.6 24.4
89.7 40.5 94.6
94.4 53.6 49.9
60.9 78.9 5.4
4.4 5.7 60.5
19.7 83.1 27.8
22.3 6.1 16.0
83.1 48.6 27.4
69.2 42.6 57.7
40.1 8.5 55.1
88.3 97.8 61.8
62.5 14.2 34.9
47.4 55.2 11.6
93.4 54.6 56.2
25.5 29.1 7.0
70.7 29.0 26.4
62.9 77.8 19.1
81.6 8.8 93.5
93.0 39.1 66.7
33.0 30.1 68.6
33.3 57.3 24.6
1.5 58.1 78.9
40.6 58.5 85.3
77.3 95.5 56.6
19.6 18.7 28.0
35.5 94.3 59.9
4.3 21.5 27.9
51.3 31.2 16.8
21.7 61.8 47.6
21.9 68.1 91.8
71.7 57.8 88.0
65.7 77.6 4.3
32.9 33.6 1.0
3.0 15.8 11.3
90.7 27.9 9.6
10.9 95.2 10.1
5.5 37.2 90.4
65.8 38.3 33.8
51.4 29.3 21.1
84.9 87.7 78.0
78.2 16.7 47.9
6.9 78.4 29.0
50.6 76.7 54.9
85.7 6.8 14.8
33.3 23.6 87.0
57.8 46.3 72.7
49.5 58.7 66.3
36.2 59.3 55.3
71.4 88.5 55.7
10.2 99.1 52.3
93.9 52.3 19.3
66.8 7.7 58.3
89.0 12.0 14.8
93.9 10.6 56.0
75.4 29.9 80.9
50.3 95.4 1.5
99.3 52.1 19.7
13.9 20.7 53.0
4.7 74.8 69.1
9.8 26.5 78.0
3.7 23.2 8.0
17.6 24.3 2.1
36.5 58.4 7.3
25.9 63.0 73.4
73.6 89.4 31.0
41.9 81.0 96.9
48.9 33.4 48.5
74.7 17.8 59.0
45.4 6.7 95.2
21.1 36.8 0.2
59.8 48.0 31.6
19.3 53.8 19.5
97.1 90.7 49.7
73.5 22.7 44.4
32.9 14.6 4.6
38.5 11.0 41.1
81.7 31.4 1.7
86.3 37.9 97.4
39.0 20.4 42.9
9.4 67.7 26.1
20.9 39.6 4.4
31.9 58.9 62.1
16.3 77.9 52.2
54.9 45.6 97.4
50.4 87.4 60.3
58.9 58.9 64.4
6.0 14.9 10.2
21.9 53.2 51.3
29.2 61.7 15.4
5.3 94.7 12.1
3.9 33.9 31.9
62.5 45.9 69.2
10.4 35.6 32.2
85.8 67.9 48.3
12.9 20.3 84.9
44.5 26.2 52.8
78.8 28.4 43.1
54.3 96.0 75.4
24.1 39.0 71.2
33.2 85.2 40.9
31.3 12.6 83.6
0.5 21.0 87.9
53.2 26.2 43.6
70.3 83.0 63.8
40.3 79.0 39.8
59.9 46.2 44.6
9.6 61.9 47.6
77.1 9.5 93.8
17.6 92.2 56.7
87.6 53.4 85.6
16.5 81.5 62.2
1.3 8.6 70.7
3.3 36.0 78.1
35.6 64.9 12.5
95.3 75.2 6.2
62.9 4.6 53.8
33.4 86.0 81.1
56.6 89.3 34.4
22.0 71.7 9.3
64.8 38.4 31.6
83.1 23.6 44.6
78.4 53.1 7.6
48.4 70.8 34.9
11.6 56.0 11.1
83.2 78.2 93.8
18.4 35.9 16.8
68.9 43.5 48.2
36.7 62.9 72.8
91.8 55.6 11.0
0.2 8.0 32.6
54.7 33.3 77.9
83.2 80.5 33.2
64.7 61.3 70.9
93.0 35.7 20.1
81.9 63.1 9.7
22.6 48.1 26.9
47.9 19.1 47.1
90.8 94.5 4.0
68.8 35.5 7.1
27.0 59.7 87.9
52.8 20.3 82.4
74.5 72.9 54.9
72.4 97.9 14.0
0.7 89.1 41.1
89.8 28.9 11.2
52.4 11.5 1.0
72.6 23.3 70.9
72.3 44.0 61.1
25.2 41.3 10.7
74.1 51.3 89.4
88.1 17.3 55.0
29.6 27.1 41.4
90.5 83.4 28.1
21.3 96.7 17.9
14.1 54.4 21.9
52.4 74.9 59.7
4.7 54.1 56.9
88.2 97.8 40.3
94.0 63.3 72.2
18.5 22.2 37.5
58.0 91.6 53.0
51.6 35.4 24.4
8.8 62.9 47.6
44.7 85.4 25.7
34.6 36.8 1.9
84.1 97.7 20.0
48.4 23.6 30.8
69.2 5.0 44.9
38.9 88.0 91.6
10.2 0.4 74.5
81.7 56.0 24.7
6.5 87.2 20.4
63.5 38.3 22.8
3.0 48.2 22.9
95.4 37.6 74.9
58.2 53.3 16.6
46.8 31.9 82.8
95.1 87.5 26.1
49.7 75.0 91.9
11.2 91.0 88.1
93.0 41.5 12.4
25.8 89.9 22.0
14.0 57.3 88.2
97.7 32.1 84.1
60.2 2.7 62.1
3.4 44.0 45.3
90.7 80.6 39.5
3.2 66.1 36.7
98.0 74.6 15.1
18.5 95.2 14.1
76.3 80.4 42.7
90.6 89.5 24.3
25.5 96.5 86.0
92.6 7.0 21.9
21.6 94.2 15.7
76.9 3.1 19.9
47.3 7.8 34.9
33.0 33.4 96.4
69.5 77.2 64.6
80.3 69.8 57.7
4.7 55.1 68.4
20.5 14.4 93.1
25.8 71.6 28.4
26.9 16.1 84.0
96.8 22.8 74.6
79.6 41.0 69.6
42.3 57.5 62.7
71.2 74.7 26.6
3.9 58.6 47.4
95.7 38.5 24.7
34.7 33.5 63.6
46.8 71.1 92.5
52.0 5.6 86.1
69.3 52.2 87.5
0.4 32.4 90.3
82.0 18.9 29.2
73.0 59.0 63.9
60.1 0.4 54.0
97.3 42.2 13.1
68.2 60.6 22.0
27.1 35.8 21.9
75.5 2.4 33.4
71.8 77.2 55.6
8.4 80.0 84.6
44.8 30.3 71.5
95.9 15.6 97.2
27.4 13.4 89.2
31.7 81.5 75.9
96.4 20.9 34.7
3.0 41.3 81.3
60.3 59.1 62.9
34.4 41.6 48.5
22.7 13.3 63.9
59.4 73.9 20.4
38.7 96.7 41.5
92.2 38.4 99.6
33.5 58.7 71.4
14.6 84.9 98.1
22.1 19.1 12.5
99.1 40.6 44.2
32.3 61.7 73.7
37.5 81.4 80.6
72.4 29.3 59.6
92.7 54.8 67.0
4.6 84.2 38.3
66.3 18.2 64.3
77.0 72.1 7.1
49.7 66.8 4.0
65.7 30.1 42.6
61.8 12.4 62.2
90.0 82.5 94.1
74.4 64.8 7.6
43.1 57.4 67.8
6.7 66.0 79.0
81.2 55.4 31.7
27.7 99.4 96.8
14.9 92.2 92.8
16.0 71.6 76.7
74.3 64.7 31.5
54.1 36.6 42.3
16.4 76.7 3.0
77.2 75.6 22.6
57.6 70.2 41.9
64.3 49.3 4.6
12.3 17.7 39.8
53.2 57.5 55.7
18.2 49.6 66.2
76.0 98.0 30.3
72.0 54.8 30.1
38.4 92.8 74.1
80.9 80.0 69.8
1.7 44.5 22.7
89.6 33.4 82.6
99.6 43.2 39.4
37.1 12.7 79.2
24.9 10.8 39.7
17.2 81.9 58.5
75.2 63.1 23.6
41.3 64.7 24.8
76.0 61.3 55.5
77.5 2.2 58.8
37.1 67.3 66.0
31.2 95.0 12.8
42.0 53.2 74.4
91.8 21.3 19.1
2.2 65.1 31.7
57.3 67.7 48.5
43.0 6.1 59.1
44.8 97.4 77.9
72.8 26.3 17.9
70.3 35.2 54.5
58.3 13.3 57.0
59.1 60.9 94.2
66.0 39.6 38.0
19.9 39.2 35.0
33.9 35.3 86.7
78.9 16.5 2.5
63.5 61.0 45.4
68.1 99.1 84.2
14.2 76.6 97.7
74.7 58.2 50.7
78.3 79.7 9.6
71.0 25.9 98.0
0.7 63.3 35.9
28.6 65.5 62.8
19.7 45.6 24.5
63.3 84.6 77.4
19.4 76.0 4.1
97.0 34.8 73.2
4.6 71.7 98.9
82.2 40.3 94.0
36.8 48.1 4.8
50.0 38.6 41.3
57.4 62.5 92.6
66.4 46.9 25.2
30.0 98.6 61.4
52.3 33.0 9.5
56.6 74.1 57.8
44.2 62.9 1.4
49.4 18.4 97.3
38.4 30.6 29.9
21.5 64.3 63.4
76.1 62.6 3.0
51.6 94.0 38.9
87.0 59.8 99.4
99.9 92.6 7.5
50.4 14.1 9.6
61.8 48.3 75.6
77.1 80.7 3.1
17.6 91.0 74.3
52.4 10.8 2.7
43.0 7.7 12.3
91.2 17.1 93.1
19.0 63.4 86.2
81.8 7.8 1.0
18.4 56.9 84.5
58.1 89.2 1.6
70.4 97.4 90.1
22.1 96.0 58.3
91.3 85.6 12.2
15.3 33.2 38.4
37.1 0.8 0.8
17.3 57.5 5.8
69.9 55.9 46.0
73.7 88.1 40.6
75.5 43.8 53.9
1.2 25.5 89.7
67.2 41.7 50.5
98.2 82.8 25.3
61.0 53.8 23.9
7.5 48.2 49.5
96.7 14.8 10.5
55.6 0.0 66.5
29.3 18.5 56.2
42.9 11.6 17.0
57.2 13.0 49.8
3.3 68.0 69.9
36.4 42.5 87.9
73.8 24.6 27.2
74.2 20.4 56.2
63.6 44.1 91.3
47.4 71.3 74.3
41.6 24.0 8.2
14.2 46.6 19.5
42.3 87.3 23.8
34.9 86.9 47.9
54.9 42.8 70.0
8.6 68.6 66.1
89.3 5.5 77.3
36.7 94.7 45.2
14.4 95.1 5.2
71.9 19.5 4.8
83.9 98.9 70.0
5.4 9.6 25.1
32.1 47.5 92.1
36.7 96.8 54.5
71.6 45.8 51.9
9.6 13.5 86.1
1.4 75.4 67.0
29.0 98.5 27.8
67.1 15.6 13.0
57.1 83.4 35.4
34.3 42.9 69.6
42.3 80.0 71.6
59.0 22.2 57.2
52.3 32.2 70.8
74.8 90.2 46.1
44.6 72.8 86.4
52.1 10.9 40.1
60.3 76.4 21.5
59.8 42.5 13.4
75.2 43.5 10.0
20.8 86.5 84.7
4.1 90.1 92.7
66.0 28.2 35.7
19.1 39.7 53.9
59.2 2.5 69.1
81.3 49.6 61.8
0.0 52.2 37.0
79.1 78.4 5.6
35.9 31.1 97.2
92.2 4.5 6.4
0.9 57.1 26.7
15.6 79.3 58.0
78.9 61.3 20.9
62.3 90.1 14.3
57.0 15.7 95.5
83.7 89.1 18.2
39.0 76.7 68.7
13.5 91.5 9.8
61.9 31.3 97.4
29.6 76.4 22.3
60.7 7.4 79.0
59.9 51.8 14.0
10.3 24.5 25.7
21.6 35.7 3.7
36.5 37.3 39.7
4.8 12.4 36.0
12.6 64.0 11.9
22.8 74.1 27.1
94.8 15.0 73.9
22.9 60.9 74.0
76.4 44.9 34.6
0.0 92.9 45.8
10.2 80.8 76.0
20.6 99.3 47.2
92.9 63.4 76.6
95.3 85.3 85.1
13.9 27.5 38.7
10.1 99.4 11.3
48.3 23.4 74.8
22.8 72.6 70.9
60.1 75.5 6.1
22.3 27.8 91.3
2.5 53.8 34.2
16.0 88.3 36.5
40.4 74.1 73.4
41.5 29.5 3.5
44.2 17.5 52.7
11.7 64.9 36.3
4.0 61.4 29.5
52.7 92.4 77.1
38.2 84.9 46.2
76.4 34.3 21.1
21.2 88.6 12.8
81.6 19.6 81.2
89.0 13.1 22.7
31.2 33.0 26.8
55.3 54.8 49.9
90.0 84.1 65.4
57.0 65.1 15.2
46.8 62.6 69.6
3.6 45.1 72.1
79.3 34.3 73.5
13.1 73.9 44.3
38.2 26.9 92.4
72.8 38.9 2.8
18.3 68.5 93.6
42.3 66.5 47.6
50.0 73.0 17.8
42.4 35.1 2.1
46.9 63.5 95.4
29.3 78.7 97.1
33.3 44.1 87.6
57.2 94.8 77.5
71.2 59.7 79.3
69.6 7.8 94.8
36.2 14.5 86.7
2.6 52.5 70.0
96.5 47.9 44.1
67.0 82.4 87.7
52.6 85.8 74.5
66.4 96.8 94.2
28.1 87.3 40.8
22.1 71.6 81.5
46.0 22.9 46.6
78.3 20.8 10.5
15.0 26.9 44.4
68.9 86.9 29.2
91.9 83.2 88.2
8.2 46.9 91.9
23.2 59.2 50.2
61.7 52.6 36.0
11.1 28.7 69.8
91.1 13.2 95.6
11.9 44.6 71.0
27.5 60.9 13.9
87.3 87.2 5.9
98.1 73.0 94.0
54.3 54.5 88.7
70.9 1.4 44.6
52.7 67.7 45.6
44.8 98.8 58.6
44.6 94.7 36.6
40.6 52.5 50.9
35.4 22.4 47.8
94.5 7.4 76.3
48.5 59.3 50.3
66.1 91.8 1.2
78.8 47.4 74.3
33.7 89.3 36.2
31.4 13.9 56.7
20.9 36.1 42.1
16.2 96.5 25.5
82.4 49.3 44.5
52.4 41.8 38.5
35.2 30.5 73.7
84.8 90.8 40.5
56.1 19.9 51.2
19.1 69.8 57.0
77.2 36.6 54.9
55.9 34.3 8.5
90.4 85.4 68.1
77.8 90.4 59.1
70.6 36.2 3.1
56.5 37.9 42.1
11.1 92.9 34.8
46.4 34.9 56.9
98.9 95.4 1.7
76.3 75.3 15.8
55.0 3.7 7.2
73.9 78.1 97.5
18.8 28.9 35.8
96.3 25.4 50.9
92.1 30.7 44.2
75.8 24.9 19.6
1.6 44.9 8.3
38.6 20.4 24.2
71.9 31.7 65.6
45.2 96.4 92.2
85.7 75.5 18.4
46.0 75.1 46.4
96.0 8.4 80.9
