12.5
48.5 52.0 51.9
625
67.9 96.7 55.5
55.7 33.4 31.7
30.0 4.0 62.3
85.3 59.2 20.8
95.6 78.6 31.6
72.3 88.8 33.2
4.6 57.4 16.1
42.3 1.8 87.5
73.4 36.7 40.6
5.5 53.1 28.0
25.6 93.3 48.3
22.6 57.4 98.9
24.6 16.5 70.3
20.2 81.1 58.5
93.6 12.3 4.6
91.4 81.7 79.1
83.8 34.6 99.3
48.6 37.7 28.7
14.3 58.1 54.5
62.2 9.1 83.4
98.7 89.6 77.2
97.8 35.6 13.3
54.8 40.8 65.5
75.8 29.7 83.8
21.4 76.7 34.0
32.8 38.1 48.4
76.7 95.1 11.7
70.7 58.7 55.6
20.7 2.7 76.8
62.2 39.0 41.9
72.9 47.7 60.3
45.5 33.4 80.8
88.3 66.2 97.1
28.4 80.4 19.1
75.4 19.7 19.2
4.5 35.7 29.0
22.5 82.5 37.4
77.2 5.3 39.1
16.2 66.4 36.4
85.9 82.7 7.8
99.2 18.2 86.2
24.0 96.3 55.5
33.3 43.8 13.6
71.9 78.9 20.9
87.5 64.1 57.8
65.6 36.2 69.4
5.7 59.2 55.2
3.9 44.6 25.4
23.2 99.9 27.2
57.8 73.5 8.0
39.4 99.6 86.1
10.2 25.1 26.6
59.7 34.2 99.2
15.8 74.6 67.1
16.0 12.9 22.8
52.2 10.5 70.0
90.0 44.7 65.7
93.7 67.7 84.9
39.2 66.9 56.4
36.2 45.2 72.1
8.1 6.5 6.8
69.7 53.3 69.1
64.1 82.1 90.2
27.1 60.1 22.2
60.2 51.1 23.0
10.7 32.9 10.0
50.3 94.8 70.1
73.8 12.6 38.2
8.6 44.4 68.2
2.5 68.1 70.4
91.7 79.8 33.7
96.6 58.4 70.2
33.7 99.7 68.6
5.5 45.7 87.9
81.5 15.9 84.7
46.2 28.6 86.2
27.9 18.3 54.1
35.9 99.0 62.2
87.8 63.9 90.8
40.2 85.3 60.2
0.8 17.8 86.9
47.4 8.0 48.0
97.6 80.1 85.7
69.3 56.4 16.9
70.8 47.7 12.2
69.7 18.6 14.0
67.2 39.5 89.7
89.0 28.1 55.6
71.1 38.7 31.5
23.6 67.8 30.6
81.0 87.9 99.3
39.9 18.7 45.9
29.4 38.2 64.3
52.2 70.0 61.0
12.9 55.4 74.3
68.9 7.4 83.6
57.8 62.6 34.0
43.4 56.4 65.3
69.2 43.6 90.3
48.2 98.0 58.9
57.2 82.0 5.5
84.1 10.7 14.3
73.5 12.1 83.4
99.2 4.9 13.1
49.9 81.2 68.7
42.0 59.5 68.4
82.3 31.1 24.0
62.3 6.5 21.9
37.9 91.2 27.1
16.7 79.0 4.9
70.4 0.1 17.6
38.5 39.0 20.8
84.6 11.4 36.1
41.4 73.2 94.2
2.6 39.4 90.9
75.5 29.3 86.1
63.2 70.8 12.1
36.4 94.7 83.5
23.3 18.1 54.0
72.4 11.2 34.9
46.1 62.7 0.1
12.9 94.4 52.0
98.1 74.0 73.2
17.7 82.5 94.4
66.2 40.9 70.2
4.9 84.3 59.2
14.6 86.2 93.3
55.6 1.6 43.3
96.4 35.8 74.8
10.5 42.3 91.9
68.1 62.2 18.8
21.3 6.2 98.1
27.6 28.9 6.2
62.8 53.8 42.7
87.1 67.3 16.5
88.0 3.7 87.0
77.2 17.1 50.4
99.1 68.2 79.3
92.4 76.7 34.7
21.7 96.0 36.0
81.3 87.6 73.7
36.1 33.8 96.9
36.7 45.3 67.7
30.1 69.5 33.8
83.5 58.5 69.1
91.1 73.2 38.8
89.6 29.7 42.5
96.2 23.0 70.4
47.3 83.7 86.1
27.8 17.5 36.3
90.2 19.9 59.8
28.0 87.1 14.3
0.0 98.2 77.2
79.3 5.8 24.2
31.4 30.0 98.1
6.5 22.9 9.1
95.3 27.5 13.3
11.6 55.4 67.1
47.6 4.0 7.1
87.9 37.1 45.3
78.5 44.5 89.4
76.9 60.9 90.1
4.5 35.2 58.9
57.3 65.3 13.6
27.7 11.5 41.4
98.7 5.6 51.8
10.9 30.0 36.4
96.7 27.7 0.6
16.6 92.9 7.4
69.7 58.3 19.1
90.3 21.4 7.2
26.9 63.2 79.7
55.1 28.2 5.0
80.4 1.0 14.9
6.6 20.3 75.5
15.7 32.3 30.3
46.9 67.7 40.4
44.4 37.4 12.8
61.7 68.6 6.2
52.9 7.2 48.9
59.1 82.2 43.1
98.3 42.1 34.1
56.5 89.8 53.5
28.0 74.2 35.5
19.0 88.6 28.3
37.1 39.8 99.4
96.9 95.9 88.4
4.8 16.8 31.3
3.1 80.4 34.3
38.1 83.3 42.1
96.6 4.9 24.7
89.9 83.7 68.9
0.7 86.1 35.5
4.1 31.4 29.4
57.7 6.0 8.2
81.6 79.2 36.5
44.6 48.9 34.4
33.3 45.2 99.0
90.7 58.8 55.8
5.3 94.5 28.3
79.2 79.1 23.7
43.3 41.6 9.4
99.1 22.8 26.3
65.1 11.6 31.4
4.8 3.6 84.3
1.7 66.2 20.4
6.5 50.0 31.5
12.3 80.8 37.5
88.6 32.7 33.9
76.5 5.2 70.7
74.1 55.1 57.8
21.5 81.1 28.0
83.4 62.4 43.9
30.3 41.3 0.1
40.6 46.1 30.4
6.6 66.0 52.0
69.7 24.1 48.7
51.1 5.9 38.3
78.5 70.2 68.9
34.8 40.2 76.4
1.6 74.8 42.1
92.3 32.0 19.5
6.5 35.2 87.6
1.6 2.0 51.6
93.6 89.5 53.9
27.4 52.2 41.7
51.6 60.2 21.2
51.1 19.2 71.7
68.1 6.9 53.1
73.8 8.6 19.6
47.8 8.8 59.5
9.8 96.8 2.9
70.6 70.2 12.8
29.5 9.5 11.0
40.5 4.1 10.4
24.3 73.8 20.0
31.9 73.6 42.8
10.3 25.4 29.5
99.7 79.1 97.9
6.1 90.3 10.7
62.8 47.9 93.7
36.3 10.8 82.8
96.6 31.0 37.5
9.3 27.0 87.8
14.6 5.9 86.8
25.5 21.4 58.3
97.8 57.7 18.3
21.6 77.8 52.6
89.6 56.8 70.3
82.9 0.2 1.6
81.9 70.4 58.8
26.9 82.6 33.1
74.8 25.1 13.4
40.6 83.1 42.6
5.3 68.5 63.0
2.1 28.0 27.0
81.8 45.0 91.7
32.3 0.9 82.3
31.9 41.6 23.3
23.4 32.5 74.3
13.3 90.1 33.6
62.6 79.8 3.1
17.7 62.5 11.5
52.6 18.6 22.9
29.9 45.1 94.7
72.4 25.0 54.3
80.9 70.2 49.1
77.3 19.4 47.9
10.2 37.5 56.4
28.6 38.6 59.0
55.8 56.5 70.0
76.4 27.1 24.2
11.3 38.9 47.0
69.3 44.8 82.1
50.5 65.9 2.7
31.5 64.2 58.6
42.3 40.6 99.1
67.0 60.2 40.7
89.7 20.4 17.4
46.4 92.7 15.0
26.7 93.1 8.4
21.4 13.7 66.2
11.0 42.2 87.7
19.7 16.9 40.6
16.4 68.8 0.3
61.5 28.6 85.5
80.9 98.5 66.9
70.8 42.6 3.2
77.5 90.4 33.0
78.0 80.7 99.2
89.0 52.8 27.5
40.9 79.8 73.1
28.2 73.0 33.5
0.6 76.4 70.5
41.8 22.2 78.2
38.4 19.2 68.2
67.7 60.9 80.0
28.7 37.9 62.4
8.2 37.8 42.5
74.4 24.5 37.3
22.8 40.9 76.4
67.8 37.1 64.1
27.5 50.8 15.1
18.4 86.5 34.0
93.1 62.4 34.5
48.3 99.9 78.0
72.1 2.0 21.6
4.0 18.2 67.7
65.8 10.7 22.3
3.7 22.4 56.8
37.8 73.6 60.3
24.3 92.4 5.5
23.4 17.0 84.5
28.9 40.1 24.9
61.1 50.2 79.7
29.0 75.8 11.8
91.8 6.1 99.6
45.3 55.0 0.5
27.7 22.6 71.3
95.5 71.3 60.9
87.0 47.9 68.1
74.1 20.5 79.6
88.4 15.4 64.1
23.6 28.3 24.2
55.9 22.8 62.3
30.9 33.6 27.2
21.7 94.3 51.6
18.6 79.4 61.3
4.7 59.1 54.8
12.8 16.1 74.6
78.5 89.3 8.0
74.2 25.1 14.8
48.1 68.6 45.1
97.6 8.7 47.1
4.5 81.4 33.1
73.7 78.0 84.9
54.8 29.7 96.2
66.2 94.4 19.5
49.1 9.9 33.2
27.8 97.9 69.3
2.5 83.2 73.3
19.5 36.8 1.2
23.8 83.7 75.2
37.6 80.1 95.3
9.3 97.2 57.1
41.4 5.8 16.8
79.4 41.0 69.0
25.4 21.8 56.2
22.8 36.8 29.6
71.3 35.7 47.4
23.4 58.6 73.8
17.9 15.1 85.7
50.2 71.3 70.7
27.1 28.1 80.3
63.8 32.4 73.8
99.4 28.6 26.7
72.6 99.4 44.1
55.2 27.4 26.1
65.5 82.0 79.7
13.8 71.1 82.9
79.3 82.0 19.4
59.1 60.4 99.7
76.5 88.8 50.6
12.5 40.3 80.3
43.7 28.6 57.0
53.1 35.9 72.2
29.2 94.6 72.7
23.0 86.5 57.0
37.1 83.2 39.5
96.4 49.3 94.4
14.6 25.6 87.3
81.1 95.3 14.8
33.4 87.8 13.7
10.4 73.1 45.7
35.6 67.3 76.3
15.3 50.1 74.8
78.0 3.4 91.0
68.6 9.3 20.5
4.2 49.8 7.8
63.9 54.0 64.2
79.6 23.4 53.5
53.7 31.7 40.8
82.4 74.5 28.0
11.6 88.9 52.1
24.9 91.6 74.4
93.7 90.8 4.4
93.5 19.2 92.0
74.0 90.8 7.0
26.2 79.0 1.2
10.2 21.0 58.4
41.2 39.0 59.3
60.9 41.6 25.8
17.1 3.3 56.7
29.3 97.2 92.9
24.7 65.8 92.5
56.6 72.5 30.7
23.2 68.0 20.8
27.9 65.2 80.8
57.5 80.1 8.5
16.9 41.5 19.1
68.0 96.5 0.9
56.0 64.5 13.9
69.2 20.1 97.4
73.6 39.1 5.8
80.7 46.9 26.6
30.8 41.5 93.5
67.7 38.2 96.6
78.8 48.8 16.1
40.7 66.8 57.3
70.4 28.0 83.8
72.3 23.6 35.1
77.4 54.9 69.5
65.6 97.9 33.1
65.5 51.6 26.1
25.4 65.4 59.6
3.8 60.1 46.3
86.2 48.0 95.9
81.1 21.5 94.4
54.4 79.8 64.2
37.8 85.6 18.7
97.6 83.8 77.7
75.1 18.4 16.1
99.9 38.8 66.5
12.6 59.6 18.0
38.2 4.6 79.8
81.8 78.5 95.0
20.6 61.9 20.3
58.5 7.5 66.6
25.8 26.9 20.6
4.5 6.8 22.6
51.8 8.2 47.6
52.0 17.5 75.0
85.9 74.4 0.7
65.5 42.4 5.4
65.7 76.8 94.7
46.1 87.8 17.3
99.8 6.0 16.8
77.6 39.7 2.4
4.8 60.3 1.6
65.8 67.5 56.7
19.0 65.8 17.7
80.5 42.0 1.2
19.1 45.0 84.7
53.0 90.1 56.0
79.0 85.0 97.7
21.9 84.4 3.4
33.3 46.5 73.2
7.3 63.9 67.0
19.7 34.3 35.2
93.4 81.6 85.6
44.8 76.4 53.6
5.2 36.0 12.3
93.0 29.1 62.3
10.7 64.4 22.4
52.9 12.7 79.5
91.5 85.2 53.2
72.8 21.9 91.7
25.2 89.1 70.0
83.5 77.2 7.4
17.3 90.6 55.5
39.5 14.9 61.9
0.4 88.9 48.0
34.6 69.3 69.2
10.8 87.3 40.9
77.2 22.5 18.7
89.1 34.2 88.8
71.4 44.4 51.2
70.6 36.5 51.9
25.0 73.3 10.8
5.9 59.7 37.9
84.6 24.9 59.3
83.5 65.4 92.6
5.7 40.4 86.5
5.9 10.6 29.5
93.9 85.2 0.5
9.3 8.3 34.9
51.2 79.3 75.6
96.3 66.7 27.0
16.5 83.4 29.7
4.4 33.9 47.5
28.6 98.3 52.4
38.5 42.5 59.3
31.2 37.2 64.2
52.2 32.4 58.1
67.7 69.3 65.5
89.9 67.9 8.4
94.5 4.5 2.4
89.4 30.4 83.3
92.2 22.4 71.6
65.3 9.0 74.6
77.4 0.4 22.0
70.8 74.1 21.9
8.3 57.6 18.5
22.0 26.5 15.3
11.5 4.3 8.4
75.7 68.4 21.5
61.9 84.7 18.1
71.5 47.1 53.6
51.9 76.6 26.1
19.9 63.6 78.3
39.4 79.8 26.2
6.1 27.2 43.1
27.9 89.5 9.7
31.9 0.0 31.9
27.3 85.0 61.4
4.4 41.7 95.1
75.4 27.2 44.0
49.3 41.5 60.7
38.9 14.2 39.3
74.5 45.9 36.3
75.7 92.2 62.0
70.4 94.7 10.4
80.1 96.2 13.9
90.8 47.2 59.8
78.3 25.3 87.2
32.3 64.5 84.1
9.7 5.1 96.1
74.2 78.3 6.2
48.8 69.6 18.5
14.4 75.1 72.4
31.6 74.0 12.5
34.8 51.0 4.9
11.0 32.3 19.2
57.2 46.6 10.8
1.9 27.0 38.9
11.0 99.0 67.9
71.2 27.5 3.0
68.2 23.2 80.1
54.4 75.5 45.4
0.8 13.9 5.5
47.9 92.5 42.6
5.1 0.5 99.8
5.6 42.4 32.5
11.1 62.0 92.5
45.8 46.1 79.2
26.9 27.4 71.3
4.4 25.1 30.3
83.9 45.6 93.9
56.1 12.8 41.0
23.5 81.9 45.3
1.3 69.8 60.3
54.1 9.9 71.1
87.7 62.4 81.9
26.9 0.2 13.2
5.4 38.2 69.3
5.6 41.5 54.2
72.6 39.2 31.4
53.7 12.3 84.8
55.9 30.3 30.8
37.2 9.4 32.6
30.1 29.6 36.4
44.1 44.1 49.9
20.7 6.5 90.1
16.9 53.5 80.1
68.3 9.0 18.2
46.2 3.3 63.7
45.7 11.0 63.3
20.9 26.3 96.0
9.0 3.7 39.3
2.9 12.7 68.5
79.5 24.5 7.0
68.8 23.5 42.9
91.5 0.1 41.5
61.5 22.2 85.9
34.7 54.7 67.4
58.4 25.1 91.7
48.8 76.3 12.6
54.3 94.8 19.7
45.2 64.0 80.5
72.5 65.7 14.9
81.1 72.3 81.0
20.7 27.6 67.1
23.1 18.9 77.6
44.5 10.6 79.5
19.8 34.0 80.8
34.7 95.0 2.3
76.5 12.4 81.6
11.6 26.9 25.6
45.3 65.9 16.0
9.0 62.1 35.3
22.1 54.3 68.0
11.0 61.8 82.0
28.9 56.3 21.1
95.3 37.6 27.2
99.3 26.9 87.1
38.1 80.5 58.6
24.7 78.4 79.0
15.4 22.7 3.0
37.4 13.7 6.9
40.5 22.8 51.7
56.8 71.3 59.8
63.6 19.1 74.1
56.4 85.3 15.6
41.3 82.9 33.8
13.0 89.0 27.6
55.5 79.9 33.4
70.7 72.7 66.9
51.2 10.7 77.5
37.6 42.6 87.5
45.9 47.7 44.1
98.3 36.1 89.6
2.1 17.1 39.5
86.2 48.2 17.6
30.5 90.9 31.7
22.1 73.4 28.8
67.5 17.8 63.9
92.0 43.9 98.5
24.2 68.7 5.8
6.3 91.5 67.1
57.6 53.8 73.3
25.9 4.8 31.4
15.1 83.6 54.1
50.0 56.4 4.6
69.9 7.7 56.8
2.8 49.1 9.2
8.0 23.3 81.1
48.4 96.9 22.4
5.5 52.0 45.1
53.5 54.1 2.4
19.9 43.2 94.4
30.7 85.5 52.8
47.4 59.7 41.4
29.9 19.2 55.5
27.2 92.8 49.7
14.8 19.4 20.8
