10.9
53.3 46.5 46.0
145
69.7 61.5 8.1
89.6 6.4 45.1
11.7 4.8 61.4
41.0 96.3 27.3
30.3 19.4 53.3
0.7 76.7 83.8
41.5 24.7 17.3
88.6 5.8 94.8
98.8 73.6 59.5
95.2 34.2 45.5
96.4 56.6 88.2
34.7 14.6 79.2
8.0 41.7 9.5
94.0 71.4 2.9
78.4 96.5 74.9
19.7 35.3 36.7
1.6 50.4 6.3
86.6 60.5 8.6
5.4 93.1 29.4
36.9 8.5 3.9
70.5 38.1 14.3
69.8 12.6 62.8
45.1 46.4 36.9
7.0 27.0 31.3
53.2 46.3 9.5
30.6 4.7 16.0
59.5 8.1 79.4
49.0 26.7 56.1
73.7 63.3 59.5
52.8 24.9 19.8
25.2 22.9 28.3
35.1 35.6 90.1
77.4 8.3 31.6
98.3 13.8 90.4
50.6 46.3 76.3
28.0 61.6 40.1
23.4 15.6 77.3
57.5 10.6 27.1
80.3 96.4 40.1
83.0 96.1 78.5
83.0 79.0 12.1
87.1 81.8 32.6
84.4 3.9 19.4
3.1 97.3 77.5
54.0 3.4 26.7
72.6 12.7 28.0
97.9 77.7 99.2
26.4 69.4 38.3
45.1 47.6 89.5
5.8 99.8 75.7
56.7 2.3 50.0
10.5 46.8 13.6
46.5 57.7 75.1
94.3 54.5 95.2
40.6 15.0 6.2
57.7 8.2 17.3
37.0 12.0 80.1
78.0 17.7 18.0
76.6 93.7 11.5
43.5 51.9 71.6
64.0 34.2 59.1
83.4 51.6 33.5
21.4 7.9 24.6
68.9 51.8 71.8
24.4 79.0 51.1
54.2 90.5 96.7
84.5 61.3 25.7
91.9 37.6 40.8
74.8 91.2 99.7
71.1 41.0 17.1
79.5 93.1 31.0
29.0 34.4 47.3
69.4 52.9 33.3
87.5 36.2 78.8
41.5 43.7 73.0
88.2 16.8 73.3
60.5 94.7 75.0
82.2 35.1 2.9
75.3 24.7 61.0
70.9 69.1 14.4
67.3 63.7 82.7
27.6 16.9 38.4
43.4 77.4 80.1
96.6 41.0 51.7
11.6 8.4 8.4
90.5 23.6 25.9
0.9 62.7 64.1
80.5 12.3 61.6
46.6 12.3 89.3
76.7 77.1 43.4
28.8 94.7 49.6
94.3 47.1 98.6
48.0 18.5 60.5
76.7 93.4 85.4
31.8 95.7 75.6
79.3 99.5 97.3
24.9 65.0 4.2
1.8 36.5 91.0
82.2 24.3 67.4
40.8 4.2 32.9
18.2 72.8 75.6
3.3 26.2 89.9
49.6 64.4 45.2
33.2 89.7 45.3
21.2 56.2 37.6
19.5 17.2 97.7
15.0 15.2 28.2
40.5 56.4 51.2
53.9 40.4 6.9
75.8 37.6 94.8
82.6 10.8 43.5
54.2 96.7 35.4
14.7 70.5 88.4
95.3 39.7 24.1
95.1 87.2 24.4
15.3 81.5 11.8
12.2 24.6 22.0
29.7 87.1 64.6
78.1 91.1 32.8
74.6 69.0 41.9
92.4 4.0 38.8
93.8 22.8 37.2
32.1 83.0 28.1
55.9 37.2 73.8
57.0 17.6 0.5
3.2 42.9 61.9
38.9 96.8 54.2
98.3 63.7 16.1
57.5 58.1 88.7
6.1 54.3 46.9
80.4 98.4 99.7
37.1 78.4 0.1
43.0 2.6 58.7
34.8 65.4 28.7
60.9 40.7 33.1
64.2 59.6 44.4
96.0 34.5 52.9
63.9 0.9 42.1
96.8 76.8 74.6
41.6 28.8 46.7
62.9 11.9 66.7
95.0 53.2 55.7
58.9 83.4 85.9
39.3 36.3 60.6
97.8 64.1 45.8
