12.9
50.5 46.4 45.4
357
51.7 71.3 65.1
61.2 50.7 33.5
61.5 18.2 22.6
75.3 7.4 75.2
21.3 8.7 83.1
54.8 48.8 67.9
29.3 39.7 89.9
36.8 31.4 19.4
99.0 60.3 53.4
54.1 94.0 18.8
83.8 98.7 57.1
73.4 8.2 71.8
89.1 50.9 27.3
66.6 41.2 88.8
8.4 12.6 2.1
77.4 44.8 5.2
8.2 97.5 36.7
69.8 64.6 69.5
70.5 4.9 21.7
1.5 36.7 18.9
78.0 37.3 56.1
59.0 61.9 10.9
67.2 21.5 42.5
11.1 0.6 45.4
19.5 50.7 83.7
68.3 95.7 96.3
50.2 39.6 9.0
61.6 49.9 16.8
29.9 12.7 16.7
53.9 44.5 48.4
0.4 16.1 72.7
6.4 66.0 39.0
41.2 24.0 18.0
40.6 55.1 55.0
47.8 4.8 2.0
30.0 83.9 64.0
33.5 14.2 80.9
32.5 54.3 69.5
5.7 5.6 23.4
26.3 9.1 53.5
47.9 70.7 86.8
46.5 41.6 9.3
67.3 57.9 3.1
91.8 11.8 78.6
57.8 31.3 65.0
22.5 82.6 57.8
27.3 10.1 10.4
18.3 78.5 78.3
72.9 23.8 39.3
26.7 46.8 24.7
54.3 64.7 45.7
61.1 67.3 99.7
34.9 83.7 89.5
62.0 50.7 16.8
44.7 90.0 46.1
43.3 61.6 19.3
10.7 35.0 7.5
21.8 9.1 73.5
67.8 98.6 72.9
96.4 30.7 28.6
42.5 0.0 11.4
98.5 93.1 5.2
81.0 0.5 97.4
44.7 75.7 25.0
43.3 86.8 57.3
71.6 32.6 78.9
23.3 20.0 84.7
55.1 9.3 33.4
6.1 22.1 56.9
88.6 87.9 52.1
35.2 2.8 16.8
28.9 76.3 16.6
8.4 4.7 88.7
85.6 84.4 15.5
98.9 10.1 19.2
66.8 35.3 24.9
94.1 73.3 2.9
46.1 59.2 4.5
92.7 37.9 65.7
68.1 13.6 40.2
7.4 95.0 99.0
68.4 63.4 65.8
74.8 0.6 5.3
7.4 19.2 80.7
91.9 27.4 68.6
91.7 88.9 7.2
16.3 47.7 94.7
0.1 6.1 92.9
60.3 39.2 62.5
39.9 38.9 16.4
58.8 49.5 46.7
52.2 67.0 17.3
70.2 96.3 69.2
36.1 76.6 0.8
53.4 69.9 33.4
35.4 77.6 57.0
18.8 4.6 75.6
65.4 16.0 10.6
75.1 82.8 47.4
31.3 68.3 56.3
24.9 79.7 80.6
78.9 69.7 67.0
28.9 16.0 89.3
37.3 81.9 5.4
71.0 64.6 39.9
2.5 9.8 56.6
25.1 27.5 54.4
25.6 93.8 69.3
80.3 33.5 58.9
35.0 28.5 45.5
58.1 39.1 3.0
48.4 96.4 25.2
73.3 21.6 95.7
3.7 83.1 59.9
64.9 64.6 32.5
2.2 95.6 10.0
85.8 85.1 70.3
91.4 13.4 75.8
89.5 39.4 97.3
5.6 66.2 42.3
67.6 16.3 24.8
29.0 0.4 44.2
53.6 74.8 26.3
98.6 77.2 24.4
61.9 66.6 7.0
20.1 14.9 2.3
89.3 65.9 43.9
46.7 32.4 40.5
69.3 53.4 32.9
14.1 40.5 48.6
12.1 47.9 77.4
70.7 82.6 79.0
77.8 73.4 89.7
71.6 7.0 42.7
74.1 10.9 16.1
37.2 3.5 28.7
20.3 53.7 57.9
2.1 7.3 21.3
37.0 63.6 75.0
80.2 85.8 43.7
78.0 31.1 48.8
22.1 73.1 52.1
14.0 0.1 90.5
43.2 48.6 26.2
12.3 68.4 39.1
31.1 7.4 13.6
9.4 67.2 77.0
84.5 82.8 85.9
32.7 96.9 93.0
23.3 78.5 17.0
61.7 90.8 64.9
7.0 11.4 78.6
49.2 50.1 53.5
69.2 80.8 15.3
4.1 52.8 48.5
59.6 39.6 95.6
38.2 37.9 63.2
16.4 68.7 38.6
21.0 50.1 71.3
62.4 45.8 9.1
14.1 63.6 88.6
83.2 20.5 60.8
64.7 35.0 79.3
16.5 3.3 98.3
32.0 12.8 43.3
16.3 47.7 16.3
71.5 42.6 98.0
83.9 86.6 77.0
28.5 83.2 20.3
62.7 92.1 91.3
47.5 84.1 34.6
97.0 46.4 77.0
28.0 31.9 10.2
5.7 8.9 3.5
34.0 34.6 91.2
82.9 36.6 24.6
90.6 31.4 45.2
29.8 63.7 79.5
61.0 30.7 21.8
48.0 27.3 3.7
97.2 88.4 33.4
8.4 79.3 56.3
83.3 24.2 64.9
13.8 9.7 78.6
39.7 25.5 67.9
90.8 0.1 57.6
84.0 66.7 14.1
67.2 69.5 73.1
6.4 37.5 97.8
48.7 86.2 62.5
9.9 11.4 83.7
82.6 98.5 92.4
5.8 96.8 68.8
58.3 19.3 8.2
31.1 69.1 98.8
43.1 18.5 61.5
80.3 46.6 22.3
28.0 80.5 78.9
51.6 23.9 61.4
94.8 98.4 36.6
38.6 41.9 57.6
66.7 35.3 41.0
67.8 20.1 81.2
73.6 17.3 1.9
19.9 94.2 48.9
65.8 92.7 56.5
98.0 6.5 54.9
67.4 48.3 91.1
31.5 60.9 66.7
98.8 27.9 26.5
40.6 89.6 21.4
47.8 5.0 8.8
77.1 54.8 56.4
2.6 44.8 50.7
18.4 35.6 13.2
82.2 27.7 54.4
30.1 88.8 39.9
44.3 27.2 15.3
88.4 65.3 11.1
7.7 11.6 73.1
69.0 55.0 92.2
60.4 9.7 34.7
8.0 12.1 51.3
76.9 9.0 71.3
68.5 68.9 53.0
5.9 55.9 67.4
8.4 70.9 68.7
2.5 22.6 35.6
71.5 70.2 29.1
34.1 35.2 76.0
81.5 87.6 65.6
64.3 74.2 45.1
74.0 26.6 90.6
39.8 57.1 84.0
77.0 61.2 96.4
8.3 0.1 94.4
22.5 92.3 22.2
24.8 98.9 52.7
46.1 23.0 72.7
36.1 93.4 77.4
29.5 92.3 39.6
87.9 8.8 39.3
20.9 66.9 17.4
86.5 5.6 20.6
95.4 14.5 25.1
50.8 28.5 64.8
60.6 94.7 28.1
37.6 76.4 53.1
83.0 64.2 32.0
60.7 86.7 78.6
57.4 79.1 68.3
75.6 70.7 15.6
84.3 26.4 96.3
22.6 68.8 24.2
43.4 11.4 70.2
7.7 24.5 99.3
13.5 4.0 80.1
35.5 75.2 84.9
68.4 12.4 39.5
77.8 46.7 68.9
26.4 41.0 10.8
20.2 28.5 38.1
34.9 40.2 64.8
95.8 1.2 59.4
5.8 65.2 69.6
11.5 33.4 10.6
76.0 9.0 56.2
61.2 25.9 11.3
7.0 47.1 25.5
63.6 89.1 57.6
78.2 49.0 99.0
97.6 49.4 78.1
89.2 84.6 6.4
97.0 64.0 26.1
66.0 21.2 15.5
27.9 48.2 31.8
47.5 48.3 47.6
86.5 63.9 10.7
63.4 21.3 7.4
44.9 11.8 10.7
24.7 53.1 36.2
91.4 75.6 77.2
52.6 57.6 32.1
89.3 11.8 86.8
36.2 3.6 34.7
25.8 57.1 0.4
57.7 19.0 92.4
30.1 83.3 58.0
15.8 26.9 49.6
60.7 24.5 99.9
20.8 61.7 25.4
37.2 51.7 52.3
45.0 16.7 36.2
37.3 18.0 19.6
45.3 38.4 46.3
15.6 80.9 94.6
92.3 63.4 5.1
31.4 12.2 43.4
63.9 54.0 0.6
93.1 16.3 52.7
70.2 95.4 82.8
98.1 88.9 98.5
24.0 92.3 6.6
53.6 69.2 69.1
56.4 81.9 23.1
99.8 30.3 33.9
15.0 69.3 61.9
13.8 12.1 39.3
14.9 6.5 53.4
24.9 79.2 92.4
40.5 86.1 74.2
38.5 11.6 98.5
45.5 18.8 4.4
38.0 0.1 87.1
33.9 55.3 12.9
5.6 5.9 77.3
34.5 8.3 77.0
18.6 9.0 17.8
75.6 48.4 72.4
92.2 99.1 71.5
68.4 47.2 43.7
38.4 53.2 21.2
27.1 68.3 28.1
72.5 58.3 4.4
83.4 17.2 19.1
95.2 2.0 59.7
29.6 66.2 23.0
42.8 43.8 54.7
79.3 34.8 13.8
76.3 74.3 81.4
31.2 44.9 33.7
49.6 45.9 45.7
64.9 90.0 86.1
10.0 18.3 3.4
26.7 11.6 24.2
75.2 73.5 92.0
94.1 82.5 98.4
43.3 46.9 2.8
75.2 47.0 44.0
16.8 36.5 6.2
97.6 32.4 17.0
70.1 19.9 84.3
11.8 32.8 30.9
45.5 51.7 76.4
76.8 48.5 71.8
75.5 62.0 0.3
29.3 15.3 31.5
82.1 84.2 4.6
21.5 78.1 37.8
8.5 76.6 31.6
5.2 79.7 36.4
11.6 53.4 45.3
51.1 52.1 28.0
82.9 13.5 20.0
70.5 93.8 66.9
60.5 47.4 40.3
69.4 32.3 48.0
