17.8
52.7 49.1 45.2
509
33.1 89.5 34.6
79.0 29.9 70.6
72.6 73.5 49.4
63.1 20.2 19.4
23.3 77.0 25.6
68.0 16.0 53.2
48.8 39.2 30.9
85.1 59.0 92.2
36.8 73.0 58.4
46.8 99.3 16.2
1.2 25.4 1.8
42.4 98.6 95.3
36.0 64.1 66.9
53.3 5.1 38.8
11.2 14.7 42.0
45.5 57.4 25.6
5.5 86.1 76.3
62.8 60.1 91.0
56.9 52.9 18.8
1.5 88.6 23.2
56.8 30.7 61.2
52.8 88.4 20.2
52.8 21.6 22.1
58.6 60.8 96.7
20.6 21.9 49.4
27.4 8.1 13.5
74.6 98.2 36.5
67.4 25.6 88.7
1.7 55.8 82.9
79.2 87.1 97.8
80.0 15.6 67.6
98.0 79.8 23.6
71.2 83.7 19.8
41.7 24.9 23.6
95.1 93.3 69.3
19.7 41.4 3.7
55.1 6.7 73.2
70.6 80.9 77.1
29.6 91.3 51.6
10.8 30.5 16.7
24.3 80.4 34.3
99.2 16.7 66.8
37.0 40.2 15.8
55.1 89.1 20.6
53.3 91.1 9.0
67.9 96.0 54.5
53.5 63.8 65.5
66.6 40.5 9.2
28.4 49.7 27.5
18.5 85.0 19.1
61.3 69.3 30.4
68.4 82.7 15.8
37.4 71.6 34.5
86.6 28.8 57.8
79.9 89.3 48.8
16.3 16.9 57.2
56.0 72.7 12.1
24.3 77.7 4.4
69.1 46.0 25.4
73.9 41.8 15.3
79.6 97.5 35.3
60.4 69.4 12.3
16.5 34.0 42.7
0.3 72.1 89.1
80.3 22.9 17.7
59.9 1.9 16.9
47.6 86.9 22.1
52.0 50.0 6.0
2.0 47.3 89.5
24.9 43.0 46.6
8.3 30.3 38.6
48.4 80.5 64.2
22.8 93.5 63.5
73.2 47.8 96.1
41.1 9.5 81.8
36.1 41.9 87.5
5.4 10.4 28.3
41.1 31.0 77.9
83.2 26.7 81.6
92.2 84.2 48.5
32.4 42.0 15.9
32.4 97.9 43.9
23.3 74.4 82.6
48.2 4.6 26.0
70.3 32.6 84.8
67.6 61.9 37.3
21.2 8.3 77.6
76.9 7.8 92.3
83.6 13.6 87.7
54.3 8.6 28.6
26.6 7.8 92.9
42.7 90.3 17.6
12.0 25.5 35.0
96.6 81.7 20.4
34.3 82.1 53.3
92.3 14.2 49.1
83.0 97.7 61.2
78.1 46.5 65.9
33.3 25.6 44.6
53.5 99.5 76.7
77.4 38.9 88.9
82.9 34.1 85.5
63.4 55.5 21.6
50.8 85.0 17.9
47.3 54.7 76.5
58.2 42.4 3.9
85.5 51.6 25.2
96.5 74.0 26.6
58.6 19.8 43.3
37.7 73.3 23.3
84.2 86.0 38.3
98.4 41.3 58.5
6.3 38.2 27.1
89.2 39.6 23.9
11.0 91.3 40.1
57.7 68.7 68.1
39.3 65.8 29.7
31.0 62.9 90.6
54.6 87.4 93.1
73.8 51.2 83.7
39.3 2.9 44.2
71.0 90.6 98.2
45.6 15.6 24.0
46.6 33.6 58.9
81.2 11.1 72.3
4.6 38.6 82.9
1.5 52.4 17.6
15.6 69.4 55.5
27.2 91.1 58.3
60.5 77.9 56.0
38.7 84.5 52.9
80.3 65.1 70.8
35.9 52.7 38.5
39.6 19.2 41.0
41.2 8.4 40.7
78.9 26.3 57.9
61.9 99.2 2.0
48.8 83.6 14.2
25.3 35.3 20.5
94.1 0.3 3.4
73.9 40.7 62.7
19.3 65.3 98.0
39.0 75.2 31.7
38.8 1.5 5.0
34.2 52.7 91.5
78.6 14.9 79.1
52.4 63.2 93.3
99.3 57.4 45.3
15.8 8.0 39.8
85.7 32.6 73.0
48.7 93.9 90.7
64.7 71.1 9.7
15.1 75.9 94.5
93.6 30.8 79.5
61.2 75.0 82.6
74.4 86.1 7.1
26.4 10.3 44.0
44.5 79.9 7.2
84.5 3.5 25.3
43.2 76.8 87.5
16.8 79.2 61.7
6.2 86.5 11.3
87.0 5.3 11.6
42.1 90.2 62.9
95.7 14.3 65.5
94.4 34.9 22.9
9.7 12.2 76.5
17.2 0.5 37.7
9.8 55.0 13.7
58.5 95.4 5.6
45.3 79.9 44.6
2.3 27.5 18.8
29.6 79.6 25.0
51.6 98.3 55.6
97.9 70.3 14.4
51.7 37.6 50.4
9.5 23.0 7.4
78.9 92.7 30.3
58.6 37.4 11.8
52.1 28.2 96.1
65.2 50.3 98.8
44.4 74.2 78.9
70.7 83.7 59.8
15.2 28.2 99.1
58.9 53.4 96.2
99.8 23.6 16.7
15.1 88.5 58.3
7.6 53.3 72.6
81.1 79.9 7.1
57.0 1.8 39.6
24.8 52.1 99.6
25.4 66.1 67.6
4.8 7.6 69.1
72.8 73.2 2.9
77.3 87.0 18.5
57.0 92.9 9.0
39.4 80.4 34.0
43.3 27.8 87.0
35.5 79.0 74.0
58.8 79.5 61.4
13.5 66.0 29.9
82.6 42.6 94.7
67.3 78.1 76.5
87.6 90.5 62.3
37.7 74.0 28.5
43.3 19.3 88.9
86.6 59.4 33.7
76.5 5.5 7.4
97.9 2.9 71.6
34.1 82.4 83.1
77.6 11.3 67.6
81.1 6.7 47.6
63.7 15.3 74.2
63.2 93.3 25.9
32.7 24.8 31.0
98.8 12.9 31.2
37.3 79.4 28.4
55.9 27.4 38.4
32.1 39.2 96.7
51.1 16.0 24.2
43.1 7.9 78.1
49.3 25.8 96.0
1.7 3.8 35.0
43.7 96.5 22.1
23.1 61.1 76.4
83.6 2.6 17.4
22.5 49.0 19.8
90.1 83.1 30.5
66.9 62.3 37.6
32.5 62.6 59.1
52.8 32.7 95.5
81.2 49.0 6.4
67.2 45.9 67.5
81.8 7.6 68.9
49.4 42.7 74.8
9.1 39.2 58.7
4.6 39.3 31.7
84.0 24.4 37.1
21.8 88.8 54.5
13.8 21.3 39.2
21.1 61.8 79.4
69.8 57.7 97.4
87.1 26.0 81.5
50.9 17.0 62.2
81.6 56.4 62.6
48.3 97.9 94.0
68.3 97.3 21.7
90.1 52.6 58.7
26.2 13.9 22.3
63.6 18.2 51.2
96.9 53.6 69.0
95.4 23.1 42.8
73.9 13.4 26.9
86.3 75.9 8.5
23.1 99.5 12.9
34.2 63.9 51.0
6.1 94.1 24.5
20.1 57.2 88.2
72.2 84.0 64.5
75.7 22.1 30.8
88.6 2.5 6.6
5.4 36.9 3.8
71.2 32.5 67.3
85.9 54.6 77.7
21.5 1.1 88.0
98.5 6.4 53.6
3.1 67.4 0.2
95.8 21.4 21.6
0.7 21.7 22.6
29.8 42.4 78.5
95.7 70.5 98.2
88.5 30.6 5.8
26.1 62.2 94.0
23.7 33.1 34.1
47.9 2.8 30.3
12.0 27.9 37.5
99.7 28.1 97.6
87.2 98.5 9.5
9.4 93.1 36.9
71.3 57.4 8.0
27.2 9.6 70.1
36.3 59.3 69.2
54.3 85.2 72.1
77.0 45.0 21.1
52.8 23.7 13.2
75.8 78.4 32.3
11.5 68.7 2.3
17.7 94.0 51.1
37.0 84.1 98.9
29.6 60.3 33.8
75.1 35.3 80.5
87.3 63.0 78.6
32.4 51.1 1.1
55.5 27.5 55.5
14.8 3.3 26.4
59.4 17.8 23.3
5.8 7.6 74.7
94.3 3.0 75.3
99.3 42.5 85.4
92.3 6.8 46.3
83.6 75.7 49.1
94.2 97.4 61.3
68.0 75.0 34.6
33.4 69.3 94.5
85.9 66.5 23.3
98.9 63.6 92.4
34.3 6.7 93.3
14.8 76.1 13.6
16.4 69.6 72.9
79.6 7.7 14.9
56.1 62.6 29.3
56.1 44.4 79.1
44.3 35.4 69.1
99.9 31.3 7.9
78.8 61.2 5.0
2.6 27.3 64.0
69.2 90.0 26.9
76.5 62.3 84.9
18.0 53.0 89.4
15.8 72.3 69.7
31.8 17.6 60.5
40.7 68.5 27.0
24.0 19.6 21.4
45.0 80.0 78.0
67.3 59.6 17.8
80.5 83.1 18.4
36.4 74.5 57.5
65.7 4.3 18.2
21.9 80.6 55.6
35.7 41.5 68.3
69.5 78.4 73.0
13.1 9.7 47.1
28.5 33.3 96.1
57.3 22.8 2.9
97.3 84.6 66.7
89.2 49.4 12.3
29.2 69.0 27.4
57.0 15.0 95.5
73.6 6.4 75.1
72.0 27.3 35.2
70.9 51.2 88.5
60.1 40.9 99.0
6.7 21.8 8.5
12.5 67.0 22.5
30.4 83.3 31.6
91.7 2.3 44.0
4.8 5.6 23.0
17.7 53.1 88.1
7.2 1.9 40.6
73.7 58.7 53.7
85.1 75.7 1.6
81.2 44.5 81.1
55.4 4.2 61.3
24.8 63.6 95.0
87.8 4.1 43.1
8.0 45.9 98.5
26.0 87.1 36.8
67.5 31.9 58.8
79.9 18.4 2.2
0.0 78.8 65.0
4.1 58.4 57.0
77.8 13.7 21.6
4.7 43.1 54.1
88.6 42.9 20.1
74.7 57.7 54.7
56.5 47.6 13.8
63.6 47.3 92.3
74.5 96.6 70.7
10.3 41.1 80.6
48.5 47.1 74.6
6.6 67.5 83.0
43.0 61.4 12.8
12.8 21.1 50.7
83.0 38.7 13.0
27.7 45.2 1.7
62.9 62.0 38.9
70.9 7.7 44.6
38.3 81.1 55.0
26.6 69.7 7.0
91.0 11.2 22.4
38.0 73.0 40.7
96.4 1.2 72.1
23.1 2.3 30.0
51.7 16.1 79.8
74.8 99.9 28.4
34.6 7.1 73.0
48.9 6.5 81.0
58.7 78.5 37.7
28.5 47.1 21.3
61.3 81.1 19.8
87.7 18.7 73.3
65.4 19.7 62.8
35.5 41.9 50.2
64.6 98.9 78.2
25.7 94.3 45.5
95.6 87.4 49.9
2.0 66.4 99.4
19.2 33.2 66.7
14.8 92.8 96.1
61.9 42.9 0.6
86.2 16.2 32.6
5.3 7.3 15.3
26.7 29.3 26.7
2.8 33.7 68.7
86.1 58.3 79.6
76.3 21.3 31.3
83.8 72.7 53.7
37.6 95.9 25.9
77.1 9.4 40.1
70.8 94.2 26.7
21.9 55.0 86.4
53.8 4.9 7.7
96.9 24.8 66.6
30.9 25.9 59.4
48.2 56.8 76.1
88.7 45.6 10.4
13.3 69.5 80.2
65.4 31.7 50.5
42.4 64.3 95.8
18.7 16.7 89.2
66.0 61.3 17.6
26.7 40.1 53.5
70.4 41.2 94.0
19.7 65.6 30.9
78.7 1.5 27.9
98.6 40.4 66.2
90.3 47.1 96.8
50.0 22.1 56.8
54.5 85.2 10.9
30.1 67.0 11.4
74.2 16.2 3.7
9.1 3.4 60.6
16.0 51.2 77.7
55.4 37.1 11.1
18.2 34.9 94.8
19.5 90.6 83.7
22.0 73.3 24.7
18.4 10.9 44.3
38.3 79.6 19.7
44.7 48.7 31.6
9.0 81.9 18.2
16.4 78.2 22.1
28.3 6.3 23.8
6.9 35.8 66.3
59.7 87.0 94.0
30.0 71.0 11.6
36.9 28.8 89.7
15.5 81.8 45.1
66.1 54.5 64.1
40.3 80.8 94.9
94.0 42.3 50.7
2.3 21.5 5.1
86.6 5.7 32.1
55.8 67.4 11.9
36.5 93.8 28.3
21.1 7.5 46.0
21.6 54.0 51.0
47.7 22.0 37.6
39.0 60.0 52.8
37.6 48.1 95.7
63.5 70.7 60.5
17.3 38.5 82.9
56.2 71.1 4.7
74.5 7.0 82.6
84.5 42.1 32.0
54.8 34.8 10.1
17.7 93.9 1.9
7.5 53.6 81.0
92.5 30.9 72.5
84.6 9.3 58.3
68.8 99.4 49.3
0.3 29.9 77.5
82.7 58.2 7.7
30.4 10.9 66.0
36.0 26.1 30.2
20.7 27.0 16.6
20.1 13.2 5.6
50.6 77.4 10.3
18.2 89.6 53.9
79.3 26.2 99.1
84.5 82.2 64.6
55.3 68.7 58.0
58.8 78.9 11.3
70.4 21.7 18.9
32.5 57.1 77.7
60.5 77.4 86.2
93.5 43.0 57.8
89.7 50.2 51.3
31.4 32.2 32.2
38.3 15.1 6.0
19.2 95.3 67.9
36.6 34.0 41.2
31.2 3.8 95.4
89.5 62.9 39.7
73.5 76.8 29.4
24.5 58.4 72.3
32.5 0.8 56.3
2.0 70.2 61.1
98.9 96.8 87.8
97.1 89.1 88.7
33.6 3.9 38.9
54.1 90.0 49.4
4.8 8.1 25.7
74.6 86.0 35.7
93.2 70.9 74.9
87.1 10.6 53.8
26.1 59.9 96.2
35.2 23.4 5.0
59.0 95.4 20.3
