12.5
48.5 47.5 50.1
760
69.5 12.0 94.0
68.2 45.1 79.8
18.8 34.5 66.6
69.4 75.3 63.0
22.5 46.2 44.5
60.3 63.8 30.7
27.2 56.8 33.3
37.1 39.6 67.0
51.3 99.9 81.8
70.9 0.9 8.1
75.6 8.9 62.0
9.0 14.9 12.2
68.5 95.1 47.0
18.8 93.8 80.5
99.5 21.9 11.3
79.4 37.3 33.9
49.2 79.8 76.1
85.6 49.6 39.5
32.9 76.9 76.8
28.1 18.5 30.7
25.5 58.1 62.0
0.3 99.0 42.6
76.8 2.7 82.6
63.2 20.8 63.3
3.3 69.2 69.7
51.6 7.9 38.5
38.3 65.7 13.2
72.6 8.8 26.9
37.7 52.7 37.7
20.4 21.1 49.6
87.2 20.9 19.0
28.7 51.4 83.0
1.3 53.8 30.1
91.8 4.1 13.7
31.3 90.6 16.9
90.1 41.9 80.1
77.7 76.1 15.4
63.5 97.4 42.4
36.5 80.8 31.2
41.5 48.4 33.2
41.7 26.9 19.9
48.6 2.1 76.8
83.6 63.4 61.8
22.5 39.7 66.7
60.3 0.3 76.0
50.1 81.5 67.1
16.9 93.8 27.1
69.2 26.9 85.9
99.2 69.4 84.8
98.5 81.4 55.6
42.6 2.0 52.2
45.4 39.8 56.4
36.5 6.3 28.3
98.2 29.3 28.7
22.2 3.4 19.1
38.1 35.9 88.3
23.8 63.5 93.9
67.8 49.8 2.5
7.4 64.7 65.3
79.9 31.4 27.2
49.8 22.1 81.2
9.8 91.9 99.8
91.7 52.1 24.5
82.8 15.1 71.6
78.1 91.7 62.5
13.1 66.1 43.1
5.3 2.0 72.4
88.8 16.9 66.2
3.4 45.7 28.0
28.7 97.9 62.7
44.9 18.8 38.9
22.7 84.8 67.2
2.4 84.2 95.6
2.3 32.6 49.6
3.3 87.4 85.1
46.6 43.8 18.9
51.1 62.5 54.6
61.5 35.3 91.8
74.7 57.9 63.0
92.3 19.9 34.1
25.1 99.5 69.4
67.8 45.5 70.0
57.6 81.2 81.2
32.4 62.7 85.2
91.2 4.2 19.1
23.3 29.4 51.9
94.2 56.1 33.9
51.6 67.8 64.6
92.6 21.3 54.5
30.6 91.1 20.7
43.9 10.3 54.0
71.8 93.8 27.0
76.7 85.0 86.6
9.5 98.0 1.1
2.6 68.0 25.0
52.2 65.1 60.9
69.5 51.4 9.5
48.7 68.9 43.1
12.1 28.7 80.3
35.0 88.3 31.0
44.4 86.9 97.6
37.5 40.6 70.0
51.5 84.4 80.6
42.9 42.4 83.2
1.5 32.7 46.5
76.5 92.4 53.7
80.4 78.6 12.6
66.1 37.9 25.5
51.4 54.7 61.1
21.9 13.5 13.6
6.6 17.4 67.0
55.0 61.8 92.3
20.3 7.8 74.7
70.4 69.1 19.5
78.4 84.1 43.0
92.9 93.7 1.7
46.3 99.8 10.5
28.3 21.8 25.5
18.5 11.3 87.0
27.9 25.2 39.4
56.3 7.5 30.8
83.3 13.3 66.5
23.7 25.2 7.3
68.3 63.3 20.2
95.1 52.6 31.6
67.2 52.9 63.2
95.2 93.4 49.9
36.1 38.0 35.7
86.0 36.1 88.8
35.6 98.8 89.1
21.3 19.6 75.0
6.4 57.8 11.2
8.8 47.9 84.2
13.7 41.6 97.1
38.8 88.1 28.9
57.3 52.3 84.6
63.9 18.0 16.8
89.8 60.7 39.5
51.6 76.8 19.5
89.8 85.0 16.9
74.1 95.9 49.2
58.5 15.3 69.4
29.3 95.5 43.1
26.2 96.7 9.2
12.1 63.1 98.2
56.6 74.6 56.9
66.9 15.5 80.8
1.4 75.9 64.6
0.4 41.1 0.1
78.0 92.8 1.8
57.4 62.4 40.8
6.8 69.0 41.6
25.1 71.7 8.4
65.8 16.3 36.8
51.7 36.3 94.0
74.2 6.2 4.1
30.6 75.3 92.2
12.7 41.4 50.1
4.7 80.1 77.8
3.3 38.7 62.5
1.8 3.4 85.2
14.5 67.8 41.7
24.0 12.2 54.9
11.8 79.8 40.5
99.6 69.3 46.1
16.7 80.8 8.0
72.4 37.0 36.0
21.3 97.8 79.4
8.6 16.9 63.9
34.1 19.2 42.9
5.8 3.9 68.2
41.7 62.0 50.8
34.2 21.4 40.4
33.5 3.9 50.4
96.5 19.5 97.7
44.3 13.3 76.0
22.1 11.7 4.8
80.9 40.5 81.3
90.1 15.5 48.3
24.3 28.6 59.2
38.2 61.6 53.4
49.3 92.7 33.5
56.6 60.9 13.7
74.8 28.0 42.3
27.2 17.9 63.2
22.1 9.9 14.0
70.3 59.8 70.1
48.6 79.4 66.1
88.0 73.0 35.5
71.5 28.3 10.6
26.2 77.1 66.1
61.7 63.1 96.4
55.4 42.0 59.4
23.1 43.9 8.2
56.2 2.6 59.2
14.4 22.2 49.1
22.6 84.8 63.4
40.9 78.9 97.8
24.2 42.3 33.0
98.7 30.0 71.4
19.0 60.6 98.2
98.2 98.1 76.9
99.7 93.2 8.3
16.1 52.0 27.9
49.5 12.8 1.2
98.3 29.7 55.8
44.9 13.3 39.7
94.1 75.7 88.8
5.6 61.8 58.4
63.9 47.4 8.1
6.4 89.6 93.3
98.4 15.0 14.5
93.3 71.8 88.0
30.9 36.1 4.5
68.0 24.1 96.1
80.7 75.7 94.3
77.6 27.7 70.4
16.3 75.6 57.3
73.8 23.6 9.2
5.2 46.0 27.7
44.1 12.2 80.7
97.3 26.3 94.2
61.4 60.4 75.0
65.8 36.0 58.3
49.3 95.3 85.8
49.3 43.8 88.5
98.9 98.6 91.2
8.5 59.5 71.6
16.0 97.5 84.0
92.5 74.5 39.5
79.9 12.1 99.9
0.1 98.6 69.6
95.8 57.8 20.6
75.0 84.0 62.9
11.8 90.5 83.8
45.9 75.1 29.8
63.0 90.9 73.2
69.6 37.5 15.9
17.8 74.5 3.3
46.0 62.3 9.1
65.6 45.2 13.5
84.2 78.7 45.1
95.9 25.1 4.7
22.0 97.4 16.8
25.0 91.0 12.8
23.6 54.9 30.1
80.5 73.8 11.3
73.2 60.9 16.1
32.5 67.4 72.6
39.5 51.0 34.7
78.3 44.6 72.1
65.7 29.3 0.2
62.1 45.0 38.4
86.0 35.7 81.9
95.0 49.0 90.0
39.7 73.6 73.6
80.1 91.1 45.3
31.5 17.3 75.6
7.8 97.2 71.5
66.3 49.3 62.3
36.8 3.6 31.2
90.1 39.5 90.5
77.8 51.1 72.6
82.1 97.9 71.6
50.1 79.1 7.8
54.0 88.7 22.6
88.4 6.9 2.7
64.7 4.0 58.2
97.3 46.0 42.7
69.1 5.7 15.6
41.6 28.0 2.2
70.3 3.4 10.5
62.3 2.0 30.8
40.2 43.0 93.2
60.2 74.6 81.8
71.2 28.7 42.2
71.5 15.0 58.2
40.3 45.1 79.9
89.2 5.1 54.3
86.9 0.6 61.2
35.0 4.3 41.5
56.5 76.1 14.1
90.9 97.8 37.2
52.3 82.1 29.0
0.4 23.1 17.1
15.2 20.2 62.3
48.7 19.9 99.1
92.7 90.0 10.5
55.2 58.3 78.7
51.3 62.7 78.1
7.2 30.4 85.0
21.2 85.9 79.7
4.9 38.1 19.3
64.0 40.3 32.5
70.0 44.9 36.1
40.7 67.2 86.8
34.1 18.7 50.3
21.6 26.8 16.8
4.8 35.3 60.2
14.1 25.2 18.6
77.1 61.4 64.1
7.0 60.7 17.3
56.2 18.5 75.7
53.6 20.6 25.1
49.9 80.2 54.4
26.9 28.5 76.4
22.4 3.1 41.2
30.0 91.2 24.1
73.7 48.6 52.9
75.3 89.8 54.7
95.8 10.0 53.2
2.4 9.7 95.2
22.7 90.4 32.6
28.9 62.9 79.6
94.1 70.6 70.1
72.2 17.1 49.5
96.7 61.2 47.5
4.9 84.7 1.9
50.4 16.2 46.3
34.7 44.7 95.4
22.4 56.8 9.9
48.0 27.3 28.2
65.7 18.8 27.0
54.1 39.7 2.1
58.6 59.5 61.2
33.5 84.1 8.6
38.0 22.3 54.3
64.9 20.9 60.2
17.3 55.9 21.7
68.3 91.7 75.8
50.6 57.1 69.2
13.3 31.4 83.0
6.3 13.2 90.3
59.6 39.3 68.2
77.7 18.1 42.0
98.1 87.7 27.2
23.8 51.7 11.5
43.7 48.6 50.6
50.6 57.0 87.1
36.8 4.2 93.1
74.8 73.6 70.6
19.0 90.0 86.5
15.5 7.8 8.1
47.0 94.9 42.1
20.3 55.3 84.1
45.6 33.0 54.4
38.2 62.2 54.0
87.2 60.8 0.9
67.6 73.6 81.4
33.6 74.8 75.1
34.6 85.2 47.6
91.2 18.3 43.3
70.7 54.8 46.2
27.1 67.7 43.3
27.3 41.8 63.7
84.2 25.2 58.3
92.5 65.4 44.9
99.3 11.7 39.8
0.3 62.6 93.6
12.9 87.7 78.9
56.5 24.3 1.9
81.2 26.0 46.2
36.9 66.1 29.5
66.2 98.7 4.3
84.3 46.8 95.7
61.0 88.7 93.1
35.6 49.0 45.3
75.9 15.6 96.0
89.4 3.9 66.0
63.4 19.5 2.4
34.3 1.7 94.5
7.6 39.6 99.6
20.5 33.8 29.6
66.6 10.4 84.8
69.8 91.2 98.0
10.3 37.6 45.2
93.6 59.8 71.2
92.1 80.1 61.7
48.9 37.3 82.6
89.9 92.3 72.7
55.6 60.2 62.0
91.6 46.5 33.8
49.3 47.5 75.0
80.5 36.4 81.6
29.6 97.7 54.7
51.9 12.8 64.2
4.1 44.2 72.1
31.4 32.8 27.6
3.3 99.8 95.9
27.8 11.9 77.9
58.4 72.1 22.8
59.3 25.2 58.2
49.3 88.6 7.8
44.3 28.0 20.6
73.4 91.1 35.6
77.8 39.9 8.8
96.6 47.0 76.2
81.0 80.9 24.8
19.6 77.0 31.8
51.7 21.4 53.2
23.7 17.4 11.6
78.6 13.1 26.8
84.8 84.6 95.6
66.3 59.9 97.8
81.8 66.1 23.6
2.2 79.8 44.1
63.6 49.8 58.3
51.4 17.8 75.7
95.3 72.7 98.8
81.3 53.6 10.3
43.0 65.5 20.5
74.1 27.7 74.5
28.8 44.3 61.4
81.4 50.3 15.0
48.8 21.0 2.9
37.1 46.3 19.0
39.0 62.5 55.5
75.1 70.6 24.7
29.7 52.2 46.5
23.9 12.8 85.9
90.2 45.9 68.7
97.4 30.3 6.2
43.6 77.3 13.1
1.5 82.4 55.6
34.1 14.6 85.7
22.5 21.6 7.9
91.2 49.5 92.4
60.7 97.3 42.9
24.0 22.0 95.9
77.9 44.8 50.4
72.0 25.3 4.1
83.3 36.1 1.9
60.2 65.1 78.6
86.3 50.2 65.5
34.8 64.8 93.5
21.9 57.0 39.1
86.1 30.5 60.5
44.9 44.7 36.5
8.0 0.5 96.1
99.3 30.0 23.8
72.6 86.7 8.5
22.6 28.8 8.9
89.2 35.6 66.3
71.6 12.5 19.9
87.8 88.3 66.0
40.4 77.2 79.3
94.0 27.0 31.3
41.8 70.4 60.4
33.5 33.8 12.6
7.1 28.4 74.2
59.2 58.0 45.3
90.3 52.5 59.6
78.0 56.4 85.6
21.8 60.5 62.3
77.5 54.9 38.2
46.0 29.4 63.9
36.5 29.3 95.7
46.8 33.4 32.9
89.6 71.1 68.5
82.2 73.3 57.0
80.1 65.2 17.1
98.9 26.6 34.8
25.7 83.3 13.3
20.9 89.3 64.5
80.5 67.0 50.3
80.0 53.9 52.9
62.0 90.4 1.7
53.4 59.9 1.9
9.2 49.4 77.3
79.6 38.5 64.9
27.9 33.6 97.7
75.4 20.6 61.7
83.2 33.1 25.0
76.2 6.6 52.1
70.7 41.3 89.4
61.6 6.0 19.4
28.8 24.2 37.3
72.0 52.2 26.0
5.6 30.5 62.6
91.4 45.4 61.7
11.4 97.2 12.3
78.3 45.2 32.1
69.5 65.5 14.0
21.1 91.8 2.3
70.7 53.9 13.9
49.7 29.7 38.2
34.4 85.7 20.3
52.7 58.5 64.7
22.9 14.4 73.8
29.5 15.3 66.8
42.9 67.1 4.1
94.3 53.7 98.4
50.5 47.1 0.7
49.7 36.9 27.6
66.3 21.6 36.1
7.9 55.5 91.4
23.0 27.9 77.0
3.8 26.8 92.9
65.6 44.5 51.6
55.3 49.9 61.2
29.7 38.0 24.9
72.5 12.5 10.4
54.5 59.5 28.9
40.6 3.9 26.9
78.9 43.9 2.8
98.9 43.6 34.1
46.0 41.7 16.4
85.1 97.0 56.9
57.2 76.8 81.8
37.8 47.9 1.5
41.3 23.4 78.5
98.6 83.4 98.1
35.1 23.3 8.2
92.8 90.0 56.6
58.9 14.0 16.0
84.3 61.2 87.7
51.5 99.8 42.3
95.6 82.8 57.1
48.8 93.7 91.5
90.6 59.9 21.3
54.1 52.3 23.1
25.5 52.1 96.7
16.8 44.5 95.8
96.1 60.6 87.8
53.6 0.5 21.9
71.0 3.5 56.0
39.3 53.7 82.3
56.9 84.3 52.3
74.1 30.1 62.0
98.4 20.0 28.9
66.3 22.3 61.5
46.0 99.2 89.2
5.0 11.4 6.7
55.8 51.5 15.3
48.5 46.2 57.6
78.9 15.9 38.6
22.2 5.5 86.6
51.3 22.4 88.6
95.1 8.0 21.6
37.2 11.0 90.0
50.8 40.4 73.8
11.2 94.1 90.6
34.6 48.1 9.2
99.6 17.9 80.0
54.2 59.9 83.7
58.5 3.4 6.2
17.1 77.8 55.2
2.2 43.9 39.7
75.7 78.9 34.9
32.1 28.4 50.1
15.0 53.4 79.1
28.3 15.2 16.0
71.0 10.1 76.4
71.0 23.8 79.6
52.1 61.9 88.6
25.4 69.5 73.3
56.7 51.0 84.6
22.8 41.8 55.2
4.0 74.1 56.6
96.7 16.4 21.5
30.6 64.2 68.4
31.8 17.5 50.3
29.7 31.1 21.0
51.8 32.6 38.7
72.1 93.8 40.3
96.7 88.4 99.5
61.1 28.2 23.8
13.5 91.2 35.3
16.3 89.0 74.1
37.6 50.8 65.2
42.7 69.8 12.9
13.8 80.0 80.3
66.3 25.5 16.6
54.8 91.4 25.2
63.2 43.9 18.1
69.4 50.6 53.1
89.5 63.2 4.9
49.8 28.8 24.8
85.7 96.9 99.6
5.4 36.6 32.8
77.5 38.6 70.0
21.0 39.4 26.1
10.7 66.3 66.1
20.4 81.3 59.2
15.8 86.4 73.0
45.1 43.2 88.1
57.5 73.6 84.0
43.6 45.8 22.7
29.2 70.6 84.1
93.2 30.9 37.9
95.5 43.5 50.2
49.1 67.8 92.7
76.5 74.8 65.9
68.8 75.4 39.6
43.2 89.9 99.7
7.3 11.6 28.7
39.7 9.0 95.2
51.0 89.4 83.9
73.2 43.8 77.1
14.0 78.4 83.3
58.9 43.4 22.8
42.6 93.0 13.4
58.5 99.2 16.1
72.6 96.2 55.9
62.9 35.3 50.9
66.1 28.0 52.7
3.9 77.1 40.2
76.1 81.5 74.9
72.2 43.4 98.5
98.8 88.4 79.8
51.0 69.7 4.4
24.9 88.9 14.8
24.2 72.4 78.1
35.9 6.3 1.9
96.6 54.0 38.3
97.8 59.8 80.6
11.0 57.0 88.9
54.3 72.0 87.9
17.0 38.9 31.6
74.0 31.1 31.4
20.0 93.6 37.1
12.4 44.3 48.2
85.9 3.5 49.5
5.1 69.1 64.2
67.0 38.0 37.7
1.5 5.5 41.6
15.3 53.4 15.2
70.7 57.9 36.2
72.6 20.3 85.9
56.5 38.7 50.9
48.8 28.3 39.1
89.1 31.9 91.4
4.2 48.5 50.4
94.1 38.5 91.7
33.7 49.8 74.3
48.8 57.7 2.3
2.2 42.6 92.8
78.0 79.0 90.5
47.0 10.9 66.9
57.3 55.3 91.9
97.5 88.6 50.7
80.5 84.0 54.2
44.2 60.3 42.4
30.4 40.9 30.7
78.3 66.6 80.8
31.8 6.5 95.1
93.6 65.4 83.5
77.6 73.8 68.1
50.3 52.4 83.2
55.2 27.6 14.1
6.0 82.5 61.0
17.4 57.5 45.0
3.6 54.5 82.1
46.3 89.4 38.1
83.9 92.5 43.3
48.9 56.0 0.0
67.7 7.4 73.3
18.6 45.5 77.9
76.7 41.3 95.5
38.9 99.5 4.3
61.2 60.4 17.9
93.2 60.9 37.3
11.8 90.4 87.4
94.1 97.4 80.5
54.8 38.8 57.7
24.3 25.6 58.6
34.6 63.8 64.3
32.0 0.0 71.6
48.2 36.2 79.9
12.0 90.8 94.7
89.3 82.2 14.8
43.3 15.2 8.8
55.1 71.5 77.5
20.8 89.1 47.3
41.4 37.4 50.5
38.7 8.6 29.3
81.2 0.5 51.6
60.1 58.6 8.1
75.3 99.6 38.7
46.1 91.4 44.9
37.5 64.6 98.4
24.8 53.3 71.7
97.8 41.2 3.4
52.1 86.6 28.9
56.6 27.0 55.8
95.4 67.7 37.2
28.0 99.4 53.2
80.3 2.4 99.3
85.1 21.3 92.0
59.3 35.4 32.4
79.2 78.6 86.3
55.9 70.7 80.3
51.9 78.3 2.5
99.3 68.2 34.2
46.3 66.1 48.4
46.6 11.6 29.7
46.5 79.8 5.4
85.1 2.5 65.1
42.0 19.0 34.1
19.7 64.5 73.3
90.5 51.2 94.5
1.7 20.2 22.1
87.8 54.9 3.3
80.7 72.6 19.2
68.0 42.7 31.8
49.0 86.9 4.7
93.8 89.1 6.1
28.2 98.3 79.2
30.7 69.3 78.6
99.9 21.7 74.4
82.4 99.0 73.3
12.8 25.3 99.9
94.4 9.6 60.0
20.7 41.2 27.7
87.9 33.5 93.2
41.5 16.7 76.1
12.0 0.4 86.3
72.7 68.0 83.1
39.7 32.9 49.7
45.7 33.7 27.0
66.2 19.1 26.5
59.7 94.5 58.9
66.0 9.2 97.0
4.0 42.7 8.0
63.1 69.0 11.7
25.4 90.1 87.4
42.6 65.0 27.7
41.0 93.8 7.0
33.1 45.3 7.1
32.6 89.1 48.0
12.0 81.7 65.3
64.1 76.0 6.6
74.7 85.3 17.5
92.8 88.0 37.4
82.2 13.0 53.9
62.1 36.8 28.7
30.7 60.4 49.5
61.3 79.0 64.8
43.7 84.8 74.1
78.1 46.1 76.6
96.2 37.8 24.9
96.1 42.1 51.8
8.5 63.7 5.9
96.2 40.4 80.2
83.3 34.5 53.7
66.7 92.7 95.9
69.7 96.8 89.6
3.0 99.1 29.8
97.6 11.0 53.5
56.5 73.5 14.1
54.3 5.9 28.6
30.9 43.5 52.6
22.3 1.4 16.1
6.1 90.6 50.0
32.4 35.5 24.5
13.0 70.0 58.9
69.2 67.0 69.4
10.7 43.4 50.3
97.6 16.8 10.2
57.3 47.2 92.5
