11.5
47.3 57.9 49.7
148
43.7 89.0 78.6
22.9 50.6 76.7
16.8 6.4 42.2
54.7 23.8 52.4
49.2 40.6 53.1
21.1 97.4 13.1
97.3 40.3 73.0
52.6 15.7 69.2
31.9 19.6 16.0
33.9 88.7 32.2
15.1 67.8 96.0
72.1 55.4 67.3
81.4 40.0 47.3
9.7 53.9 36.3
29.1 77.5 98.6
57.8 47.4 10.4
49.6 48.5 93.4
21.8 21.2 54.2
76.1 26.5 88.8
6.3 99.5 43.5
73.6 60.6 30.4
61.6 17.1 53.4
17.5 55.0 83.2
41.7 64.3 3.6
74.7 49.9 76.7
53.4 39.9 51.2
50.1 64.0 93.4
99.2 16.8 15.0
98.3 21.8 34.0
66.8 94.4 31.0
40.2 30.5 26.1
86.4 69.6 37.0
34.3 85.0 88.8
26.0 55.1 87.3
0.8 39.3 61.3
97.9 55.4 32.7
50.1 86.3 53.3
2.1 57.7 37.4
33.1 81.5 78.1
53.6 82.8 5.2
99.0 38.6 6.8
38.3 58.8 36.7
77.6 69.9 85.1
42.8 53.5 93.8
68.4 98.4 11.0
19.2 57.7 14.0
83.6 49.1 8.1
51.9 16.8 56.5
88.9 73.4 21.6
86.9 59.6 17.8
37.9 92.3 93.9
74.6 97.6 83.5
40.8 31.5 83.3
2.0 71.1 34.0
55.5 99.4 27.1
89.5 94.3 41.6
25.6 9.3 70.1
79.3 65.4 99.3
75.9 71.3 74.1
64.8 14.1 70.4
21.2 51.9 5.6
90.3 80.6 92.6
71.2 33.4 89.5
83.6 97.7 79.7
11.7 50.7 21.9
3.4 83.9 67.7
48.2 86.6 13.8
79.8 76.6 4.3
5.7 2.8 10.7
2.5 87.7 30.9
33.1 44.8 43.8
32.8 97.8 73.8
32.0 0.7 22.7
28.8 1.8 98.7
46.6 91.8 66.7
85.6 86.5 70.7
17.3 9.8 84.7
46.2 88.6 45.6
24.5 1.5 15.7
22.4 69.1 94.9
45.0 91.6 77.1
73.2 56.9 60.4
87.5 5.8 8.1
91.6 76.9 84.1
0.0 98.2 53.8
85.5 6.5 62.7
96.4 62.8 15.2
8.7 98.1 24.4
3.7 65.0 18.8
22.3 30.4 95.0
97.4 51.7 78.8
51.7 34.7 38.9
23.1 73.9 99.4
7.9 56.0 5.3
41.8 40.9 85.8
73.6 11.5 96.7
19.2 14.0 51.6
15.1 84.1 26.6
67.0 90.8 30.3
20.4 0.9 68.1
64.2 42.9 40.6
64.8 55.4 93.7
47.6 5.9 76.5
28.6 79.9 13.9
94.2 20.2 39.0
60.7 63.1 62.2
63.6 73.6 33.6
26.0 88.9 13.0
40.0 42.2 75.3
96.5 49.9 79.1
65.4 90.9 34.0
11.7 11.4 84.7
12.5 54.3 71.1
58.2 7.7 79.5
43.4 22.8 74.6
15.6 19.7 55.6
84.8 64.2 68.5
99.2 42.4 62.6
28.3 15.8 47.6
26.4 98.2 4.9
15.3 9.0 96.9
62.9 35.8 9.5
44.1 27.4 74.9
55.1 66.7 53.3
9.5 44.4 25.9
15.6 90.1 78.6
18.3 64.8 59.6
25.9 36.5 68.8
25.6 72.7 73.0
33.1 74.1 73.8
32.6 44.6 13.0
39.7 33.2 36.7
14.3 44.2 18.1
20.9 31.2 95.4
79.1 76.2 23.5
56.9 61.8 38.5
27.8 74.1 6.0
47.5 98.8 9.8
46.2 89.6 57.8
82.6 9.5 71.3
89.2 64.3 73.5
79.7 47.0 1.7
71.8 85.3 93.6
63.0 87.7 74.8
88.1 28.7 59.7
8.3 23.9 27.3
30.4 73.2 85.4
74.7 6.9 66.9
