1 25 25
79255 87525 73414 73873 61100 10786 589 30564 38614 93916 12415 47543 15695 39614 25530 11524 30506 47132 88 55467 2518 13173 43436 74199 87803
30610 60353 18303 11291 12452 36449 97858 50321 68137 91243 58218 63029 9255 86971 59465 57110 12335 40966 62399 48190 62491 66715 66129 90225 39247
47747 95219 55213 92508 21697 60447 37739 57111 72274 18266 83228 71782 25101 71093 31949 64275 3076 40906 83555 75414 98400 27227 45566 87279 65288
18390 8601 35753 13403 74579 80232 75000 54833 76883 42681 92859 87965 75202 93940 3995 67533 27893 86938 86921 29800 30892 7976 69155 91439 18929
57525 11119 97788 81208 44623 39934 21253 31420 74434 14633 65497 54023 18321 38007 1601 44298 37594 57301 62752 38176 405 90172 5203 11695 99381
61710 57234 24935 4645 64152 77836 51969 22636 66193 28814 15136 5097 88665 74748 12851 71223 18779 43798 51568 59529 23755 72852 62233 51663 8008
94826 24411 58255 48154 81668 20585 83948 46293 42314 32549 65730 58867 35772 77080 95655 93373 37975 36308 84043 71043 61678 29432 69144 12447 48209
42572 70771 32245 41482 25408 73976 4469 79290 55345 45985 22263 63327 77219 92128 87997 91729 59559 14048 85524 61311 44918 72455 9715 76310 36724
48630 12794 88027 1582 82983 57076 83147 75867 32525 8117 17730 23998 32631 59803 64913 13378 4813 10545 6469 83388 70960 60679 16678 85325 20510
61050 95189 27036 78860 84306 66604 90911 90378 2335 24162 45171 17377 67802 57540 50495 62551 76810 56412 10900 25738 26139 72206 19919 64081 82760
68437 36341 6430 60818 31178 33750 33373 92230 33469 57674 77973 99771 50841 50774 92870 7185 43268 97032 54345 53522 66779 22646 65075 33780 44026
58242 55953 245 8146 33656 90413 13245 5520 70606 27431 47615 11965 73443 14461 81368 16888 90304 70179 26893 26364 71065 4074 99377 6720 7500
5885 31036 52561 34880 75935 28213 51802 11559 79598 41576 33340 41533 29570 79088 67734 50662 78158 57646 190 46419 28445 8079 99717 84605 42326
30218 18806 88967 43768 28350 4087 37120 46654 76504 44742 41662 32091 15467 31741 77444 32095 23157 7310 35005 89968 87360 67846 52862 47441 33694
63534 63047 78974 76 97253 28513 87437 64111 18151 42881 14 58810 96713 52612 46859 46821 1401 20048 51336 52054 98562 99737 87876 70012 39846
51864 82902 75086 48545 83509 35920 46832 16012 14526 30687 96910 14615 5422 85033 27615 57358 35527 50796 49218 8661 58007 4869 10788 59723 8086
97734 26103 28042 85029 73278 87900 55972 50800 84021 82106 64391 84460 83277 63588 45113 87514 38081 50006 67101 37730 93673 24248 59212 56120 51412
46201 83164 27418 41740 67156 37691 32015 12789 3150 2132 95241 28269 28982 83561 60547 13645 52739 83511 29251 57414 5849 97621 96889 56772 89860
25365 41597 25614 2170 32928 56565 96196 33661 36925 81228 64895 17462 5259 46267 86036 45915 38369 44292 22736 22761 96821 72593 47453 10474 51410
68793 88955 5680 17504 29339 74023 2359 71935 4992 32120 41222 17675 60541 56860 15 13241 60782 2719 35018 20504 95132 84355 12605 84273 43287
54792 37750 48999 99260 96710 8686 68983 93007 3981 26792 27833 76033 63531 59824 70140 87563 67238 73148 97229 10897 11357 12782 36144 35616 13483
97647 5957 40400 30084 82325 59076 33250 1685 12509 88896 24705 95271 70833 58023 27397 42172 61154 39776 30955 69040 64526 9836 10014 56793 43324
10789 64081 40423 60379 74305 81537 16548 69638 43408 91895 81045 46018 17625 48996 70582 64701 28000 19459 30689 99440 26754 78234 95144 21598 25590
68920 73301 79731 28910 39352 13041 41701 42132 22844 96601 84917 60845 59058 70186 45198 88121 5778 94038 40997 11952 47966 4236 9175 49510 7744
93332 68846 64199 21871 37040 32859 87387 297 79963 380 35331 98009 19981 22680 81274 67347 26165 74813 80788 51315 51900 97641 81825 31969 52328
