625 25 25
41821 64107 48591 77079 29099 72275 52793 63391 39753 62231 22787 26708 49594 99119 74462 37282 64300 48907 43939 57102 85268 61142 341 48856 97587
74613 87747 3643 95732 3496 43012 27371 69420 67911 59128 8118 55704 21318 87853 82083 44673 42610 90103 43926 47387 86641 61686 72617 90177 3013
81460 92051 91194 88169 78275 29060 16215 20017 75235 62791 70994 53038 56058 20543 40175 70887 30777 11882 48479 82720 67101 36928 27960 38999 71915
16499 4605 49314 76882 10545 51995 42866 86636 69821 72234 62514 60381 52057 98248 57448 1394 35103 75841 76690 76419 79555 40521 83241 20977 91026
29567 47041 40200 69173 4011 5959 44574 56942 89505 22049 73937 45657 66716 43665 72812 83500 82787 74194 63011 73175 73894 90041 82129 76068 99937
41556 13921 11447 79512 52462 57185 10927 42073 67561 3120 40899 35261 44385 96273 18501 22278 86095 9557 93442 99330 99811 72564 87103 38246 23401
19956 70365 85267 56548 12448 469 37524 59414 6609 56573 69021 96085 78761 6977 8173 27543 30930 60553 36140 67014 5059 88281 3917 1804 86779
81292 10285 28264 932 6487 83954 82038 13104 24364 4397 94571 75455 3924 52855 48246 22518 14611 58199 12479 89448 2759 45530 29387 77809 57512
27257 51030 59158 10441 38230 1303 87750 33750 4670 16095 81435 12084 93512 1146 61593 78659 6132 26476 7948 93854 32813 78004 74286 7865 2407
86444 53983 50050 76321 72742 35211 5728 39395 49264 18535 32022 75360 61297 82740 61793 26549 54857 69241 29717 28616 12564 87372 72195 87945 22631
76682 49494 74420 6769 22586 28656 16365 98203 99886 56049 60001 34600 57313 18160 67787 71669 13177 37280 69996 88473 53893 22732 48241 97126 49440
6107 80977 65606 93196 82924 75564 56254 34839 85626 97325 98861 80057 32056 62760 25229 66452 23413 2396 23633 19186 3289 61297 98213 62954 82278
14074 75953 46042 85752 97460 43509 8270 90789 28676 83053 93719 91581 90141 5039 31060 97834 40375 94280 40140 61264 92473 31394 99282 57582 21135
51328 42239 6811 97044 78943 30650 76713 53225 39446 66771 59013 12027 39255 30851 5076 3521 32332 57230 74423 57435 410 20257 28071 74035 48289
99091 78650 82879 10521 54055 62939 63837 41014 83464 60917 32949 35652 76235 93033 4826 30283 26448 77234 61480 34123 37856 16584 59879 36193 81936
13913 65830 45504 92861 86577 53569 44408 57709 69235 17627 84691 92756 77725 6340 71410 6060 29416 87923 43795 80571 31909 39916 71502 99856 73984
1723 6099 5349 21184 4119 20269 19774 77221 66464 80769 85704 66152 40384 61647 88507 79006 59405 55055 29273 46388 61796 33077 10540 60851 60015
8781 12650 222 50464 99743 90068 43887 84180 30380 12242 35645 74224 40111 85368 5016 64167 284 7332 77035 73361 16260 83229 9368 57396 36366
83733 85151 33183 62942 83847 42776 37065 80658 35257 31411 65718 78176 62811 84350 64786 77625 92774 81279 85620 37672 88829 64501 17403 2706 69103
3003 55732 79927 39826 57188 65265 80624 79113 53151 24595 77007 91998 92660 66273 55777 33800 56101 61229 85231 12102 8078 13046 13976 60289 83909
90976 19383 28366 5370 81821 40323 12329 21527 44424 52521 75483 14784 66628 84500 51924 99380 62720 52262 65457 79978 1014 76859 47318 2100 40806
51308 87285 79711 50431 59241 30981 39376 65591 61693 55915 27559 99533 20782 32020 58144 90157 71226 37303 20845 56972 9019 57879 10109 11559 13763
86623 64024 31976 73024 19397 40127 38241 71224 75047 44688 70158 30413 52656 73535 11287 76634 11507 71742 747 70996 78541 6773 26117 12234 26055
58666 43658 50852 84338 74427 63336 72999 35113 81470 78104 37807 63666 72551 49981 58995 15709 9505 62627 30916 16066 14995 54208 75118 21638 55965
60342 82229 37815 83896 86638 29112 21643 34136 98429 52977 19812 4013 16515 95122 60559 15357 97286 33129 98271 79148 26203 412 21334 94164 37469
