400 25 25
1000 1000 1000 1000 1000 99766 99766 99766 99766 99766 99766 99766 99766 99766 99766 99766 99766 99766 99766 99766 99766 99766 1000 1000 1000
1000 1000 1000 1000 1000 1000 1000 99766 99766 99766 99766 99766 99766 99766 99766 99766 99766 99766 99766 99766 99766 99766 99766 1000 1000
1000 1000 1000 1000 1000 1000 1000 1000 1000 99766 99766 99766 99766 99766 99766 99766 99766 99766 99766 99766 99766 99766 99766 99766 1000
1000 1000 1000 1000 1000 1000 99766 99766 99766 99766 99766 99766 99766 99766 99766 99766 99766 99766 99766 99766 99766 99766 99766 99766 1000
99766 99766 99766 99766 99766 99766 99766 99766 99766 99766 99766 99766 99766 99766 99766 99766 99766 1000 1000 1000 1000 1000 1000 1000 1000
1000 1000 1000 1000 1000 1000 1000 1000 1000 99766 99766 99766 99766 99766 99766 99766 99766 99766 99766 99766 99766 99766 99766 99766 99766
1000 1000 1000 1000 1000 1000 1000 1000 1000 99766 99766 99766 99766 99766 99766 99766 99766 99766 99766 99766 99766 99766 99766 99766 99766
99766 99766 99766 99766 99766 99766 99766 99766 99766 99766 99766 99766 99766 99766 99766 99766 99766 99766 1000 1000 1000 1000 1000 1000 1000
1000 99766 99766 99766 99766 99766 99766 99766 99766 99766 99766 99766 99766 99766 99766 99766 99766 99766 99766 99766 99766 99766 1000 1000 1000
1000 1000 1000 99766 99766 99766 99766 99766 99766 99766 99766 99766 99766 99766 99766 99766 99766 99766 1000 1000 1000 1000 1000 1000 1000
1000 1000 1000 1000 1000 1000 1000 1000 1000 1000 1000 1000 99766 99766 99766 99766 99766 99766 99766 99766 99766 99766 99766 99766 1000
99766 99766 99766 99766 99766 99766 99766 99766 99766 99766 99766 99766 99766 99766 99766 1000 1000 1000 1000 1000 1000 1000 1000 1000 1000
99766 99766 99766 99766 99766 99766 99766 99766 99766 99766 99766 99766 99766 99766 99766 99766 99766 99766 1000 1000 1000 1000 1000 1000 1000
1000 1000 1000 1000 1000 1000 1000 1000 1000 1000 99766 99766 99766 99766 99766 99766 99766 99766 99766 99766 99766 99766 99766 99766 1000
1000 1000 1000 99766 99766 99766 99766 99766 99766 99766 99766 99766 99766 99766 99766 99766 99766 99766 99766 99766 99766 99766 1000 1000 1000
1000 1000 1000 1000 1000 1000 1000 1000 99766 99766 99766 99766 99766 99766 99766 99766 99766 99766 99766 99766 99766 99766 99766 99766 1000
99766 99766 99766 99766 99766 99766 99766 99766 99766 99766 99766 99766 99766 99766 99766 99766 1000 1000 1000 1000 1000 1000 1000 1000 1000
1000 1000 1000 1000 1000 99766 99766 99766 99766 99766 99766 99766 99766 99766 99766 99766 99766 99766 1000 1000 1000 1000 1000 1000 1000
1000 1000 1000 1000 1000 1000 1000 99766 99766 99766 99766 99766 99766 99766 99766 99766 99766 99766 99766 99766 99766 99766 99766 99766 1000
1000 1000 1000 1000 1000 1000 1000 1000 1000 1000 1000 99766 99766 99766 99766 99766 99766 99766 99766 99766 99766 99766 99766 99766 99766
1000 1000 1000 1000 1000 1000 1000 99766 99766 99766 99766 99766 99766 99766 99766 99766 99766 99766 99766 99766 99766 99766 99766 99766 99766
1000 1000 1000 1000 99766 99766 99766 99766 99766 99766 99766 99766 99766 99766 99766 99766 99766 99766 99766 99766 99766 99766 99766 99766 1000
1000 1000 1000 1000 1000 1000 1000 1000 99766 99766 99766 99766 99766 99766 99766 99766 99766 99766 99766 99766 99766 99766 99766 1000 1000
1000 1000 1000 1000 99766 99766 99766 99766 99766 99766 99766 99766 99766 99766 99766 99766 1000 1000 1000 1000 1000 1000 1000 1000 1000
1000 99766 99766 99766 99766 99766 99766 99766 99766 99766 99766 99766 99766 1000 1000 1000 1000 1000 1000 1000 1000 1000 1000 1000 1000
