367 25 25
499 525 595 647 1111 1204 1366 1383 1385 1504 1660 2134 2642 2659 2762 3397 3601 3904 4053 4154 4216 4218 4294 4322 4454
4486 4515 4653 4766 4840 4940 5072 5166 5215 5495 5627 5678 5716 6178 6378 6486 6807 6818 6845 7030 7328 7417 7832 8276 8368
8386 8408 8721 8767 8799 9081 9111 9391 9402 9494 9504 9945 10376 10615 11018 11039 11049 11096 11651 11934 11938 12311 12564 12597 12852
12952 13243 13366 13390 13568 13759 13934 13979 14004 14022 14190 14266 14285 14302 15057 15073 15216 15219 15235 15299 15336 15403 15692 15786 15993
16201 16265 16568 16715 17044 17210 17356 17575 17635 17902 18067 18265 18567 18600 18655 18919 19050 19223 19280 19283 19406 19682 19742 19783 19844
20140 20157 20351 20992 21138 21297 21319 21365 21461 21467 21503 21547 21572 21615 21626 21732 22008 22085 22138 22159 22190 22639 22816 23062 23122
23143 23243 23344 23354 23388 23425 23959 24042 24247 24256 24559 24726 24987 25017 25037 25042 25044 25138 25766 25945 26086 26097 26150 26475 26791
26837 27214 27255 27272 27277 27521 27686 27718 27855 27920 27959 28237 28328 28401 28461 28550 28689 28815 28910 28936 29008 29193 29276 29281 29535
29591 29714 29800 29817 29834 29877 30136 30224 30300 30729 30865 30939 31277 31290 31448 31449 31725 31775 31900 31980 32113 32249 32614 32927 32941
33333 33366 33374 33448 33601 33622 33844 34037 34146 34220 34371 34428 34493 34534 34940 35328 35739 35801 35933 36377 36433 36589 36723 36741 36835
36921 36964 37126 37196 37422 37643 37661 37718 37780 38186 38193 38325 38397 38419 38935 38978 39534 39604 39747 39869 40027 40887 41033 41569 42819
43074 43102 43364 43632 43657 43988 44153 44315 44373 44553 45136 45294 45330 45796 45888 46008 46057 46296 46308 46572 46640 46677 46816 46994 47119
47153 47170 47186 47400 47902 48052 48166 48206 48421 48587 48613 48836 49025 49214 49335 49596 49637 49761 49961 50139 50145 50158 50696 50738 50771
50813 50815 50874 50953 51005 51043 51161 51235 51371 51542 51671 51876 52085 52126 52280 52417 52723 52786 52807 53288 53411 53736 53948 54189 55158
55173 55321 55358 55386 55452 55494 55505 55552 55806 55838 56248 56258 56444 56533 56544 56579 57258 57636 58132 58220 58290 59012 59051 59905 59921
59971 60386 61073 61120 61138 61200 61348 61636 61773 62686 62721 62769 62848 63033 63434 63646 63653 63678 64174 64182 64349 64492 64569 64688 64702
64740 64767 64853 65595 65856 65905 66062 66120 66471 66569 66588 66725 66798 66849 66892 66950 67108 67157 67795 68150 68287 68515 68600 68670 68919
69150 69218 69258 69273 69274 69369 69896 69973 70030 70083 70088 70272 70291 70454 70465 70503 70642 70926 72019 72268 72522 72612 72752 72817 72861
73278 73370 73375 73666 73926 74113 74153 74173 74485 74493 74578 74824 74849 75239 75313 75355 75696 76668 76836 77020 77346 77348 77454 77460 77468
77707 77712 77774 78253 78290 78349 78359 78371 78483 78510 78590 78845 78851 78915 78976 79089 79264 79431 79462 79525 79753 79784 80130 80323 80503
80740 80892 81070 81084 81283 81368 81462 81507 81535 81569 81583 81606 82204 82226 82281 82559 82653 83288 83381 83512 83661 83905 84331 84404 84409
84542 84800 84941 85196 85235 85242 85525 85588 85593 85746 85862 85898 86194 86744 87048 87131 87458 87725 88233 88364 88447 88557 89107 89418 89479
89740 89804 89846 90213 90322 90394 90514 90528 90788 91102 91103 91275 91599 91807 91973 92041 92138 92140 92190 92323 92392 92454 92734 92785 93259
93446 93585 93593 93669 93674 93794 93980 94032 94113 94275 94600 94756 95040 95040 95527 95642 95705 95724 95760 95814 96012 96058 96085 96191 96249
96464 96523 96557 96697 96742 96894 97202 97253 97279 97520 98165 98225 98472 98493 98616 98714 98767 99104 99338 99431 99519 99780 99851 99853 99954
