367 25 25
99970 99820 99733 99677 99479 99460 98913 98869 98380 98134 98114 97907 97895 97795 97723 97502 97471 97444 97424 97100 97077 97022 96995 96769 96521
96500 96392 96248 96085 95926 95874 95340 95262 95259 95110 94971 94897 94795 94736 94729 94642 94310 94233 94219 94019 93969 93936 93895 93804 93741
93543 93280 93238 93233 93107 92931 92859 92279 92193 91930 91738 91721 91139 90957 90768 90549 90008 89780 89491 89354 89238 88283 88153 88057 87822
87760 87736 87723 87613 87515 87236 86902 86140 85452 85275 85207 85138 85115 84891 84782 84693 84530 84448 84350 83971 83665 83490 83450 83110 82963
82883 82849 82548 82124 82123 82010 82002 82001 81100 80556 80415 80391 80390 80347 80121 80080 80065 79940 79906 79792 79782 79634 79401 79379 79317
79300 79286 78746 78593 78389 77753 77663 77638 77613 77550 77546 77411 77190 77133 77067 76874 76836 76709 76629 76585 76534 76029 75912 75817 75580
75374 75373 75361 75135 75033 74868 74850 74736 74630 74589 74417 74203 73821 73821 73726 73673 73443 73277 72599 72201 72079 72078 71431 71349 71166
71054 70869 70617 70407 69995 69780 69612 69225 69129 69095 69091 68833 68702 68457 67437 67413 67129 66796 66688 66680 66641 66599 66510 66431 66420
66339 66099 65999 65579 65372 65048 64936 64731 64505 64479 64313 64279 64173 64173 63904 63772 63696 63645 63624 63486 63483 63468 63403 63372 62948
62914 62858 62505 62360 62282 62068 62052 62012 61994 61847 61813 61742 61351 61073 61021 60912 60741 60354 60029 59731 59389 59246 59168 58953 58713
58701 58669 58584 58455 58137 57986 57772 57499 57445 57434 57416 57320 57310 56905 56813 56508 56423 56219 56216 56119 56082 55996 55973 55787 55587
55510 55300 55209 55032 54941 54925 54788 54728 54709 54517 54493 54314 54297 53763 53630 53496 53284 53169 53063 53017 52943 52905 52585 52343 52178
51979 51844 51571 50948 50570 50472 50306 49998 49906 49122 49082 49067 48736 48191 48169 47936 47821 47764 47618 47341 47160 47131 47129 47038 46875
46809 46656 46606 46321 46146 45887 45849 45846 45524 45384 45320 45196 45192 45151 45053 44944 44901 44841 44798 44710 44516 44368 44352 44221 44113
43877 43835 43771 43767 43431 43127 43085 43060 42959 42947 42762 42586 42465 42432 41881 41828 41747 41732 41691 41433 41421 41034 41014 40845 40775
40634 40609 40260 39998 39864 39600 39534 39449 39308 39234 39121 39012 38826 38414 38317 38056 37943 37943 37798 37760 37523 37075 36958 36834 36770
36710 36623 36355 35809 35664 35506 35391 35240 35173 35143 34997 34780 34714 34317 34276 34210 33883 33772 33444 33317 33313 33257 33041 32924 32578
32504 31900 31806 31778 31621 31353 31074 31037 30881 30787 30507 30341 30293 29994 29852 29685 29012 28856 28828 28776 28657 28654 28565 28530 28483
28317 28292 28086 27912 27664 27582 27444 27428 26881 26636 26625 26239 25988 25740 25713 25579 25470 25367 25054 24974 24936 24895 24770 24613 24541
24430 24074 23948 23778 23762 23438 23107 22905 22841 22411 21899 21773 21495 21464 20960 20883 20688 20452 20257 20240 20027 20025 19903 19811 19755
19723 19508 19373 19232 19160 19092 18930 18785 18678 18479 18276 18243 18217 17705 17614 17521 17507 17493 17265 17124 16824 16677 16598 16415 16346
16266 16183 16061 16002 15854 15521 15446 15080 15013 14953 14914 14670 14657 14636 14352 14318 13754 13708 13351 13293 13042 12958 12838 12798 12787
12782 12541 12308 12201 11986 11901 11873 11771 11574 11290 11289 11123 10388 10040 9802 9435 9398 9141 8901 8899 8878 8679 8237 7830 7759
7682 7598 7501 7486 7421 7384 6724 6679 5853 5596 5583 5563 5390 5089 4857 4494 4374 4191 4156 4097 4067 3743 3712 3662 3530
3494 3477 3140 3128 2835 2709 2660 2654 2481 2429 2373 2302 2218 1852 1608 1309 1305 1192 724 722 491 456 392 389 228
