200 24 23
2547 5751 6051 15305 19976 21131 21215 22354 25029 25928 30497 32829 33298 35963 37405 39407 46154 57092 64794 82975 88430 94402 97232
3811 3873 4082 12338 16397 18945 30514 36974 37104 42950 43763 43853 47395 52261 59416 60470 67104 68471 72018 76948 77801 93404 97525
1946 6799 9030 12363 13120 14459 17700 17839 32245 34533 35971 42008 46537 49785 55337 62713 64452 75184 75798 77834 82504 92288 96161
1093 14016 27131 27391 29528 31343 36712 39313 41886 58684 59138 64080 65143 66042 68862 69718 74039 76954 83120 87727 90005 91514 98099
936 1038 3052 15217 15309 24970 35002 37845 41663 46152 46192 51290 56873 57026 63504 72462 80476 89162 89849 91771 92591 93963 94897
351 1721 3843 4940 7950 9449 18794 19414 21247 21618 35228 36399 45835 58245 60137 68515 69841 80081 87497 88709 93922 95173 99795
674 941 2789 4032 12534 25413 38281 40998 43499 44658 55031 56452 71166 71787 71912 73969 78141 78158 78874 83834 86683 90638 97835
3700 6345 8078 8294 14316 18300 20569 27510 29499 29859 36535 43500 44953 53012 68692 70511 75218 77142 79118 83583 84423 89212 90545
982 7736 15299 20726 27172 30166 31002 38146 40895 46235 47480 51179 51843 53239 55273 59557 63896 69956 71387 74477 77074 95867 96408
1653 4773 8546 8956 10130 15169 15734 23043 23571 30769 35327 39574 50162 53429 76707 81743 82763 83468 83496 89131 89194 90741 99172
9109 10241 13903 21042 31563 44230 49563 58963 61297 67385 70978 71346 71566 76256 80125 82276 83810 89723 89970 92833 94455 94770 96471
2683 6666 13408 24765 27886 31691 35321 36945 37546 38366 39869 41657 45162 49186 53879 55045 57963 60668 71619 78167 82867 85908 93078
1148 6705 14552 20798 22124 24763 26504 26683 30741 33050 37514 37582 40390 50990 57242 59712 66220 74791 76322 77433 88010 96377 96494
411 710 3946 5853 6781 17494 18174 20254 34641 36867 37701 38778 39578 41734 49379 57439 57866 63529 71439 86511 92976 94227 95529
479 1211 4090 8269 9413 13123 13779 15068 25511 26320 35235 37893 52025 58972 60720 66253 72780 75048 79047 82161 84816 93537 94604
329 1680 6518 10283 17315 22137 27553 29959 32678 32947 33848 37712 40688 40866 53413 56051 68106 72466 75788 75799 80366 90549 91327
5864 13464 22456 23301 25785 29251 30048 31671 40351 41827 42494 44715 45706 55714 59468 59601 62125 70250 73327 82478 84557 86093 89246
280 1409 2567 4857 11859 13370 21877 26714 29373 33439 39092 43092 46484 50598 61480 66920 69964 74887 78115 88610 92263 93989 99515
431 16074 21361 29356 30806 42851 44598 64073 66999 68447 68851 69154 69480 83286 86684 88545 90059 91260 91979 93127 97003 99135 99321
4497 5097 10921 10985 18138 18271 21819 26364 32624 41859 46222 47052 55750 56568 58383 58800 63078 72055 73164 79279 79743 84054 92130
2247 2378 10307 11014 11917 13357 20578 25805 27303 27790 27900 31448 41783 45369 47305 48716 49423 53322 63818 64925 83293 85221 86895
718 10993 11183 11851 13709 19199 24589 25065 25805 52799 59997 69210 71215 72227 77544 79069 80224 81590 83985 85384 86009 89142 90741
2435 2652 3517 4165 11198 23305 25527 26412 29773 31260 34941 37644 40491 43950 50947 52660 53302 68900 79331 85109 87386 92332 97714
131 516 1757 2072 6679 10788 37178 40998 41717 41834 44865 49726 51467 53014 53140 62091 62255 65266 67535 73679 76207 92576 96806
