231 17 25
11510 3163 13104 337 3213 9716 9162 2177 6000 2980 1918 11736 2656 9588 11495 419 723 399 13947 2878 436 16825 738 9608 11282
14355 4667 13577 6000 6165 14422 21142 5519 11266 10969 12107 14060 20458 13039 13481 12970 5226 10055 23842 5747 8330 30093 9528 15208 17503
18368 12083 19096 7251 20927 19478 21801 17370 11911 18362 18632 18122 30736 18485 18773 13456 8284 13879 25030 7482 15784 37329 11211 17132 19593
18731 12700 52509 9186 28820 20822 23295 21114 18704 25230 25223 18338 31689 22418 23112 18329 13684 18473 27403 10832 21208 45952 14271 23339 20675
38332 14118 58249 9787 38062 31595 24717 29381 20944 35203 30614 22796 33024 25112 28853 25619 15637 30161 33958 23015 23826 58285 20235 24594 20950
39866 18460 58680 18125 45238 40173 33361 32051 28747 35561 38606 26273 36760 27089 33332 35342 29398 35135 36968 23059 30019 58309 22247 41297 21326
46162 30562 60152 19078 49060 43724 37677 34115 49326 36404 40592 31553 43623 31859 36253 40736 54148 42792 36985 29108 37636 62450 34668 53135 45687
66312 44337 66610 23186 52430 46742 40602 34526 59100 45930 41070 34388 49324 39743 48307 43929 63027 62322 47015 34342 39177 63112 42839 54506 45851
67866 47020 71070 34669 54938 48659 43846 41002 66978 56429 55699 40113 52996 51317 52142 51227 65272 62772 48658 47578 63994 64566 45006 55933 71375
74524 55619 75798 36192 57477 49506 47935 42331 71781 61723 70383 46221 56732 52995 53690 56317 72895 64777 59591 55193 64086 65346 47267 60617 71389
75093 67191 76009 41464 58631 63943 49326 52120 84016 65198 74198 46516 64547 58380 54699 57474 72962 74713 70786 59886 68822 68466 52593 62151 71683
77359 69892 80263 43991 59943 67182 58379 56723 84228 67685 75559 62121 73188 73440 72552 58522 75054 77919 73486 64433 70636 69340 63995 70677 80553
83360 71448 86118 45448 65380 68847 67315 58985 87300 73693 77083 63192 84901 82830 76230 63482 87344 83447 74885 78285 84107 84374 81587 84788 82912
84878 74130 91886 78773 73886 74407 67473 60551 90285 77940 82688 76999 90093 83512 76377 65151 90113 89694 76956 79993 86353 84989 89108 84822 87827
87046 90175 94261 93968 81443 75368 71644 68314 90387 81152 85568 81243 93394 83630 78060 68160 92424 90900 79209 85655 86465 92347 89213 87067 89214
89206 94238 96975 94467 88860 94668 82288 70104 91114 89423 94286 90985 96481 84653 95905 74276 93152 94760 88604 90316 89313 94657 92943 93777 93647
99005 97966 97190 99733 89107 97047 90729 97299 92051 91004 96879 97890 98925 86275 96349 84416 96945 95242 90218 97110 95611 96608 98055 95273 95764
