100 24 25
1890 38673 28488 48452 11056 77146 35239 27602 66767 22692 15502 70947 23045 58496 52350 56460 18113 81690 5380 36672 57085 49721 3543 34441 24701
83708 68310 68332 52687 34111 65838 60873 88360 83923 67953 90488 96557 46633 25760 3149 92679 48551 22754 87477 69868 19377 84618 53014 20893 63169
26036 43218 86274 8366 14792 95107 10447 41960 7253 91808 62338 99002 35639 96086 10786 12742 35633 48271 97473 40172 37010 35311 59418 5987 47124
15697 79251 40574 84568 39022 94652 21736 7851 61142 44750 37448 81155 98228 64268 29341 90146 53806 67813 9185 10481 61538 67119 5610 43430 32009
60493 85828 98494 47415 16681 85336 62915 44633 20218 52744 62247 42069 75167 68336 29350 89357 95010 28326 55336 23036 789 52058 72636 64854 26775
67574 87421 98924 7312 63934 33136 98213 31152 98129 78756 1798 18612 66789 56272 66123 97345 23791 54232 1610 11814 60312 70184 32982 62301 60457
61750 13242 80970 20799 80452 14522 67002 65271 35227 88917 62084 50083 58449 22660 32427 12498 99939 14459 23898 24363 34267 1959 88679 690 27051
10735 91248 25025 23599 81907 27168 92464 36718 40783 93994 16334 2009 40439 47883 88804 3498 55164 41260 74488 61158 36454 33598 3335 21532 71448
28540 20138 15843 2190 40620 2226 11647 94241 21054 19787 63611 15810 47626 96476 39152 73050 33590 7556 37596 39504 88141 38271 51979 27490 32040
83166 11346 75210 41225 38834 56654 88794 56762 38849 58889 97632 13138 33582 81877 43523 69775 48246 7150 66371 37021 22029 70875 23804 72589 49796
75629 65731 54526 16645 70366 14855 95127 84853 67187 93809 24619 26161 41082 36132 88147 8145 56940 12925 45302 62664 1484 50579 95844 42273 44646
22327 78742 90434 81744 44053 62864 95564 83627 50513 9247 31353 78274 38058 43130 27228 24170 11450 57540 84356 87904 45876 14152 94649 42477 86212
22459 70941 95141 8529 76861 45644 11107 57182 69784 18460 8078 14788 28127 76477 91831 71577 26383 19801 81816 46124 27697 2676 56886 50246 83893
2509 73023 13098 98008 53147 27084 43829 91039 50032 8512 47775 36793 17368 53446 25207 93537 20059 83350 28842 69401 10582 75089 85756 68175 89446
49760 77965 54139 98973 95288 78581 35646 43178 69432 44775 38500 57620 50601 40338 94627 97823 84380 63131 87705 99493 15727 92547 5170 61182 34824
81863 10367 36824 30872 45306 92319 85023 55417 66220 14169 42966 79472 18534 56671 28187 11179 61419 40652 79207 99171 9369 6726 16650 51994 94053
2685 76435 53885 37186 71690 46694 70564 42970 2928 7715 26701 41554 35614 90277 34820 15338 22154 80640 63133 63930 29815 76609 45879 37238 95919
946 5306 30922 85609 60883 3322 9918 68420 66561 86577 17939 72010 93426 94088 483 78093 71254 58319 43173 64813 40888 19456 76038 11631 87962
64352 62257 64455 21020 32989 16455 58478 35797 46127 22278 88428 65656 74907 99334 25199 19824 60683 21847 7601 73475 20823 89028 96822 87282 76895
23346 49451 53367 85454 60097 5992 61797 18712 65546 1646 55051 69276 73279 77993 41361 21346 79789 73422 87001 27678 40732 85150 38175 20298 98669
82785 94617 12463 71515 81067 62007 54461 68859 47257 56067 24238 18267 71540 19905 35270 54053 10669 60431 39637 53661 75839 37926 66291 46143 97744
41975 63714 6305 39408 53487 4975 42806 97335 61747 18897 91625 91787 38884 33096 36509 87671 40059 95519 62291 97204 50125 25898 54372 72676 72584
82600 88258 50833 1172 20769 34107 70514 70258 84040 56437 63909 78464 66106 54834 82710 8018 18237 21293 43606 49530 17601 95003 77540 33696 81666
84746 50984 95626 6979 39429 82354 98709 24916 39438 58846 26010 30861 44577 30771 81546 10544 23223 93343 10513 34218 21824 29660 72822 434 86120
