200 25 23
28076 91136 45493 48285 62053 27859 25375 10195 85262 50835 33192 45696 4012 62607 45673 51248 83613 60190 9111 437 53498 62304 15263
81455 60087 71843 58795 68294 7937 91771 83803 90350 12126 61736 5708 83330 55248 77204 74101 7433 77585 43634 16100 88628 24536 77023
87397 58365 34482 28644 50042 85161 51242 76017 63043 95750 42433 37987 53911 22477 51478 47135 78217 9664 6334 95316 12580 89357 78284
71036 84303 65673 3115 51899 2249 13589 64766 48767 37197 30076 45318 81245 15566 85362 93372 43290 13884 42454 62738 74815 21341 13489
84246 37410 26388 58900 29262 80260 77085 50557 39100 48141 74478 55666 42811 6673 46967 67204 84351 77358 81634 65133 32409 69611 48883
59249 52817 58842 98697 97408 92361 87350 5083 94738 32544 50789 96219 91017 71180 13367 89302 31891 57502 99268 73233 58373 96865 43474
44589 84224 16379 90540 11779 32303 74762 57260 88648 85894 88936 3825 94698 66404 87399 83401 55409 73297 9109 30888 69183 23425 99801
15757 85647 68398 66867 97668 6393 79009 29855 76894 17675 2218 62290 5915 6833 4899 48538 3136 43598 14480 32866 14752 92672 8897
1164 42615 85280 68078 47605 16714 29567 78009 39892 60552 32457 6992 96058 50443 28037 98503 16531 17079 35123 88705 13379 377 7020
26312 98249 70760 94213 91312 78399 98183 86251 5304 84119 63745 26888 95208 95263 93708 33436 54068 24638 43430 22660 17142 53012 96410
63991 80311 55965 62235 52259 32103 30990 91526 49747 37055 86 78980 74636 65574 22206 65222 57163 31433 87849 35463 93160 57216 43924
66413 56022 89871 87894 79303 89824 29379 99361 77136 10092 88944 97470 47914 47036 99929 53844 32547 58855 5928 65826 31412 81732 74545
25344 13404 66271 2131 53761 7400 50753 61174 57172 29294 20588 51949 13693 71213 28572 20533 84864 47790 33991 60723 22038 46917 74781
55194 19573 39344 4488 39010 87980 54231 82412 92818 84452 46474 69896 599 18785 33733 45395 35049 1438 70543 36863 11372 66931 10326
19929 4748 21970 59027 38886 54560 80677 11148 88007 65416 50513 32301 19541 23182 3765 45421 57157 99464 67948 3759 79717 50708 64454
5918 18301 35066 49363 33743 51854 18253 91575 74274 34774 650 18646 40577 43274 81334 37994 29822 83865 19012 33447 52761 57807 13644
63933 80344 65551 94516 32341 79980 59415 35659 94899 36306 31584 40041 67378 32527 17083 36336 85258 70610 12340 47821 52909 75829 1202
65462 26917 5692 73044 58061 41560 28469 17685 88251 63843 80662 11785 31638 95202 39905 53438 77628 75270 67234 35483 73429 68220 61326
79555 64884 84588 85990 65299 55829 41719 94546 96703 85088 95672 69766 19928 38244 61635 35232 61993 11260 3400 56199 6292 69037 29457
20045 52601 12358 67903 27437 92143 12350 70865 57485 32585 58585 19996 77117 58322 73315 30323 47350 58384 48243 2624 32155 42564 76232
16009 763 14600 69551 70636 3244 69648 51322 61698 76113 25065 27562 96127 8372 93596 72902 11792 73644 97771 34817 19035 30680 27826
58999 84866 22178 12071 49423 79584 7452 81594 18619 33258 91846 3829 60147 65454 31589 19644 71197 55799 61036 19821 8135 29638 6007
34753 24875 59130 81611 2890 97386 46601 86967 5682 61488 34212 44245 46305 96694 1302 73033 29655 16538 44773 3456 29806 2697 75887
62929 20345 56885 72814 57631 14119 43487 93460 37237 91263 66285 67406 50409 60485 29204 12197 41721 79155 48591 69912 94128 10625 17318
74211 27105 60157 42056 20955 9674 70035 19664 92782 7089 38694 8387 25799 75306 80628 25839 90024 72623 99830 50542 70318 68230 31133
