300 23 24
76308 35835 36525 18285 1909 89466 22569 37124 90267 16855 31330 73545 24553 90489 36582 22422 35241 80255 30349 57249 37198 39968 35352 71542
76345 53394 339 61726 2417 40416 32308 99099 35305 96977 82234 33608 93822 86536 42318 58397 46709 46622 96580 11433 77632 21545 81466 24726
33946 54328 26807 3912 43558 29492 30541 67934 49076 93856 50039 13326 89691 98809 29212 46541 3615 60502 5769 96836 78892 56521 79578 35099
69945 78075 41298 21074 93126 48180 64029 36386 70269 15056 87765 18240 96596 31914 10521 52282 92776 75253 18007 13048 12259 56733 83203 74427
98615 46666 84733 2593 83105 40124 96846 67582 21702 74127 38315 74179 68472 89881 9232 36603 92114 69703 41158 85257 45495 69315 44573 71851
8694 74576 67474 97625 47241 73259 91530 8870 49521 2252 52148 66366 87834 84290 86602 18981 68221 78458 81328 6878 3961 19864 37491 7425
68248 73532 23339 85410 69327 10078 88409 12945 86270 75058 39049 17268 92652 2948 46928 89518 73740 47516 69199 15547 69914 11643 27694 6065
3997 63003 84961 41728 71654 41299 13830 2611 30192 1008 36772 85644 894 52572 3980 99083 1343 20955 37723 75943 94541 72136 55671 67922
66024 54651 34445 16473 52511 10950 96217 8322 53479 20595 59325 80396 88194 27368 9511 71441 81177 56547 44976 8231 19266 56157 97847 23898
50650 44650 87754 73011 83723 42678 94108 65620 3655 84009 43567 45656 61610 30244 5515 26135 52955 14114 11685 29088 9259 55799 73209 25885
18260 49108 39663 3698 8091 10112 39322 94557 2735 75712 19571 21463 97191 82735 68546 34161 55975 9510 86037 45752 78586 58293 55366 48049
35929 87271 43128 14876 60546 25218 18010 47957 35649 57668 35203 10734 37419 57446 9524 46485 37949 86620 22937 46132 74785 21427 62663 87787
14952 15217 99390 67832 22096 26744 84552 23599 13248 28355 26456 43938 63238 71526 34347 75097 6656 82130 6954 54426 7247 71055 12198 36002
48517 88863 53722 9098 60856 77729 24555 19810 69707 84107 31275 45497 22636 73518 76497 15890 67568 72021 6242 17936 26680 60614 59052 40139
41872 85087 52837 40695 62218 19354 44911 58436 7494 16521 52534 18840 96941 62682 14192 93622 52304 25651 86427 80698 40653 72086 10082 41690
2410 64798 88057 43078 55672 61152 17020 87848 65457 33707 81011 3685 11386 98984 9680 19226 74337 79385 24398 53855 9311 69821 12436 77126
84631 88362 12527 5308 32116 27569 37627 31366 42222 66718 49243 4613 17733 38997 3291 25683 44516 81525 5813 89411 82976 96440 72969 37444
13014 86096 93538 64382 72271 53739 86583 93619 479 90768 12615 31999 73825 97087 87196 59863 6940 7924 4424 92365 26720 95588 42763 91050
70409 88350 28010 99250 44251 24747 53241 45667 99396 80910 14130 28918 39197 48068 68378 60124 61832 39556 86915 41858 79955 93087 76644 23053
28307 81249 38274 98941 15657 89454 5002 91374 2912 40518 85684 80914 39852 10497 98849 12087 88428 38034 86653 90375 24520 32807 92317 65474
2452 36871 4002 54854 27307 72690 35699 63143 86164 16837 25319 6806 56607 63859 47736 29598 98952 63340 30448 25058 69747 77465 20896 2080
15853 68925 39875 50992 23441 8821 55679 53861 60641 47608 55044 19306 97256 24632 73227 26854 77822 7487 57559 50392 707 33810 42199 73083
10914 28465 67617 46595 54895 75956 34999 60093 53001 89582 48870 11858 84824 72494 76610 63204 44719 64857 1290 47887 99403 55152 9898 47337
