400 25 25
3953 39000 86703 15746 21162 55545 34386 46815 71064 14872 89055 5361 68878 37475 36069 13583 19818 82853 36576 42374 63475 74211 4371 74497 3291
45530 56365 61473 56062 9762 3464 29765 73472 41550 35013 77090 96754 48713 29425 74731 19404 52761 12610 6762 54260 12383 24634 50341 28501 96533
52002 5338 31977 32911 68464 15810 8303 5786 59937 53937 71573 91455 51615 48276 18927 95776 47196 41649 90684 83321 50292 91754 29320 80383 39183
8698 59365 17796 24380 73141 18640 86417 99190 19052 70481 1419 84258 58535 65307 2446 93839 49416 68775 94196 5300 87310 53917 71310 43477 48847
52331 24041 43902 75868 67819 69930 84133 29408 94273 55410 35596 13377 43450 52570 19804 78877 76942 18359 89034 47341 55454 5431 38454 31142 97302
84610 71591 85042 56523 22490 73967 9883 10173 41722 78061 27712 73686 70906 67429 6365 73609 89576 13961 81543 78676 14352 30643 61004 52158 8885
31944 86231 7929 36565 27831 52394 53152 92041 27607 67777 64089 84450 44204 96981 11859 75628 68577 8887 63113 62798 6127 25072 32925 63783 92500
94343 1245 21010 66044 35386 92385 37059 42940 10819 11211 58407 76785 52916 18725 15912 23941 64667 45606 20582 69865 79519 3949 29374 99644 69152
7619 87846 27522 32026 35964 51439 85069 69602 36086 77185 8343 94567 32857 37058 45765 3090 18229 92814 68517 20454 24486 69184 3216 18400 31123
16871 14665 38743 92298 93041 27196 28316 25093 92740 56031 29115 69127 28799 59187 40440 96287 97661 42723 24882 11652 96689 3140 71555 69975 618
17875 61950 94627 76688 56153 83535 89599 44037 86922 51422 89003 12101 28065 61579 94414 10630 11589 28370 96158 27448 61479 66472 46872 78021 51553
44316 96802 68177 80568 72727 43120 56250 58906 72540 66972 58713 61536 35528 27372 88095 48653 7827 34383 9401 50860 97772 91647 37420 44053 66144
94432 81817 50409 6227 91871 76601 27313 90053 84532 88513 8034 16846 27809 86079 55579 17346 91152 40091 33797 96173 60855 96022 849 26487 98711
88558 54333 44864 21112 40727 64303 38085 62158 48963 81624 2969 89015 12699 35986 29228 10106 33635 69153 58727 35177 97273 92790 42317 4959 66581
42695 24572 5411 84874 30935 55913 96898 23299 45267 39047 17048 41831 38578 62464 51272 55958 97237 38937 75070 77385 46373 82642 27988 76692 32279
68483 80809 92487 34538 45376 99851 4776 20742 33429 95566 77946 56319 89226 90162 99162 42319 89952 41984 57532 86815 36626 92749 90897 27487 66420
49557 82627 89961 8374 97121 75543 57314 33730 24961 2634 73047 21625 97234 84052 61443 49113 28568 26759 38984 16698 78725 82512 8753 99340 46544
25493 33430 11610 5758 98965 72631 93098 16508 44938 51935 10873 99105 52490 30690 48259 57808 97569 72319 54297 12276 94776 64510 33480 6179 36497
21747 56888 72987 26152 30456 51402 60455 46098 56566 92121 95866 51873 79293 54874 91826 25438 47399 15419 83862 83502 10616 17799 90455 91853 75424
29439 883 58933 7063 96482 51085 33271 8415 16453 80501 87392 5189 7771 67142 49717 80640 80015 24034 18518 40432 57732 95895 73375 70560 59227
40318 81794 59812 10733 45846 79054 4539 95820 3628 75946 12557 67238 88790 98522 81901 72161 71539 68152 67960 85439 30796 27676 67380 5435 4886
30516 44465 55658 61037 67980 94763 60282 52857 14311 11045 83606 2316 33603 77327 73952 83746 49720 43425 97492 51007 32953 56765 97899 61012 60241
91120 95190 67610 34055 90385 19390 23093 64091 82624 54634 74866 16710 79719 21272 34120 70556 50748 95778 24634 65485 25021 29018 81843 79679 14098
32782 72264 41749 81454 3172 93753 74635 18702 21215 81872 78263 78615 10232 2336 9066 35996 74180 27846 97036 91413 76596 2987 59267 4361 78352
23872 40075 56228 23323 61120 87806 68897 57586 33424 94510 77857 11052 35522 1414 55825 66970 58701 23436 14696 37992 52694 83457 46694 96538 24043
