500 24 21
46 46 46 46 46 46 46 46 46 46 46 46 46 46 46 46 46 46 46 46 46
46 46 46 46 46 46 46 46 46 46 46 46 46 46 46 46 46 46 46 46 45
46 46 46 46 46 46 46 46 46 46 46 46 46 46 46 46 46 46 46 46 46
46 46 46 46 46 46 46 46 46 46 46 46 46 46 46 46 46 46 46 46 46
46 46 46 46 46 46 46 46 46 46 46 46 46 46 46 46 46 46 46 46 46
46 46 46 46 46 46 46 46 46 46 46 46 46 46 46 46 46 46 46 46 46
46 46 46 46 46 46 46 46 46 46 46 46 46 46 46 46 46 46 46 46 46
46 46 46 46 46 46 46 46 46 46 46 46 46 46 46 46 46 46 46 46 46
46 46 46 46 46 46 46 46 46 46 46 46 46 46 46 46 46 46 46 46 46
46 46 46 46 46 46 46 46 46 46 46 46 46 46 46 46 46 46 46 46 46
46 46 46 46 46 46 46 46 46 46 46 46 46 46 46 46 46 46 46 46 46
46 46 46 46 46 46 46 46 46 46 46 46 46 46 46 46 46 46 46 46 46
45 46 46 46 46 46 46 46 46 46 46 46 46 46 46 46 46 46 46 46 46
46 46 46 46 46 46 46 46 46 46 46 46 46 46 46 46 46 46 46 46 46
46 46 46 46 46 46 46 46 46 46 46 46 46 46 46 46 46 46 46 46 46
46 46 46 46 46 46 46 46 46 46 46 46 46 46 46 46 46 46 46 46 46
46 46 46 46 46 46 46 46 46 46 46 46 46 46 46 46 46 46 46 46 46
46 46 46 46 46 46 46 46 46 46 46 46 46 46 46 46 46 46 46 46 46
46 46 46 46 46 46 46 46 46 46 46 46 46 46 46 46 46 46 46 46 46
46 46 46 46 46 46 46 46 46 46 46 46 46 46 46 46 46 46 46 46 46
46 46 46 46 46 46 46 46 46 46 46 46 46 46 46 46 46 46 46 46 45
46 46 46 46 46 46 46 46 46 46 46 46 46 46 46 46 46 46 46 46 45
46 46 46 46 46 46 46 46 46 46 46 46 46 46 46 46 46 46 46 46 46
46 46 46 46 46 46 46 46 46 46 46 46 46 46 46 46 46 46 46 46 46
