327 25 24
5635 69415 20579 56038 8803 8713 79229 2448 11667 62086 54853 73959 92572 12673 13794 66005 7663 58681 77824 77627 51719 44996 40602 78136
1226 64470 84785 83105 32711 63355 43538 31273 25753 4216 66356 53114 91490 87309 87287 56186 40624 36534 63045 18695 33371 18501 6260 27290
19749 2696 55810 46311 96344 9193 6071 44315 87882 93704 16774 11964 32732 67682 8972 17324 72982 22798 21807 90342 59757 16186 6143 3134
51645 58002 61047 30661 79534 39737 3133 24834 44882 81677 9789 29402 25796 60486 73874 18984 1963 17911 38941 62661 73108 95563 62571 68033
5339 70184 4019 2376 98243 4304 36084 32861 65144 59418 34043 14273 87188 13341 81819 85229 89623 54757 76626 92051 98732 81916 49354 96801
12490 9538 8789 62781 47824 34292 79472 33161 68936 64840 31200 52128 97861 75950 90936 6711 55204 85488 64400 94844 64462 7922 51342 72346
6899 79987 66625 12979 18512 68330 69536 87684 7658 11049 48207 9956 64432 48509 33690 74340 32476 77227 45912 25071 76050 23764 80040 32363
25855 1874 62711 67766 25691 27704 65399 80010 94215 9141 43785 24569 69231 95441 16052 46193 40105 3918 23723 57177 93235 74599 93034 66737
24024 33140 91769 51349 89259 53892 50023 78490 83946 87776 18639 92815 71676 15854 40374 55741 29907 56748 67563 80102 37834 83536 16901 5993
81639 72430 80968 18492 23674 28114 29824 55601 45052 61249 27683 40145 65648 68027 75731 76483 17125 92476 17401 14534 56849 85622 88139 9714
62358 59927 34726 53786 66625 90217 79124 14316 66790 89036 79111 37871 2341 29053 29947 32483 99879 54579 22743 63428 43585 97756 29197 96744
83087 86115 15893 28 89 96589 66869 31273 19025 40535 71963 89844 755 53881 30688 79354 60068 21606 47399 5584 67827 34729 82076 91784
80954 25385 1365 97646 381 37413 3380 12454 18664 25304 66530 70128 97653 62005 97493 12516 64708 1228 59658 87925 98881 15715 20491 6546
5025 58973 77801 47520 24900 63478 72131 34112 50772 41316 41661 31086 17924 66071 61257 59520 23314 40121 75393 17379 75717 65166 87370 35425
19502 41845 73650 50429 89770 21477 67442 45908 89886 94480 66797 63038 79418 7075 46991 4682 59990 72803 60750 40229 22679 37905 3147 94804
42923 70759 87537 53524 56008 53784 66421 84769 71920 96083 3348 69675 99343 70560 62232 44674 41851 49664 13650 87051 94291 76497 83488 53287
5568 87464 18633 97011 87478 15636 1052 37794 93363 61985 58196 12965 90143 45618 42005 82627 76554 21989 8240 80832 89104 59539 65595 52890
49112 52365 56665 26214 75407 29087 46616 74295 20049 64816 48813 26999 31457 18976 22521 45324 2380 81128 7015 49235 48937 19453 9612 22824
5499 54957 10501 25340 17772 78783 35451 41468 6100 40534 62370 73680 51216 8559 87765 10105 51274 63422 71195 78450 27415 45076 46917 95119
29395 38460 40045 62241 16807 52952 27447 61903 11684 9544 53204 14686 55876 99460 23514 87593 1039 82044 52652 45161 38323 64926 95672 80558
15403 79152 42995 84259 18233 4657 34430 11246 34923 43164 60580 81837 17145 83076 58201 41145 59844 97401 24060 55814 87544 13601 87669 53153
19306 16607 52248 75568 5307 41903 65248 2646 371 54215 9556 76299 94822 94839 39012 20551 18482 21865 65612 91544 90814 85793 25616 76966
61084 7646 58814 36502 90663 99735 14095 39044 49093 61246 32197 71590 85158 47680 17966 28912 7683 35330 95327 54698 31 9957 69977 47099
93129 25538 74823 44897 35799 92430 50621 36086 98252 59319 37850 87404 32978 99045 84422 8881 17632 97434 26260 68139 80917 561 5217 59996
32570 81090 94771 58655 57540 88956 32155 59561 7535 24360 10643 76297 94660 77228 58623 75016 38931 84998 11567 12680 59608 8140 68443 70856
