900 30 30
89370 9458 80069 64574 16519 34148 84666 99324 34745 3750 32369 30155 35636 731 60266 7442 82117 49499 92720 81103 80068 29723 77879 3996 82354 94696 62078 11948 54683 59180
5997 30411 48020 36999 78231 44960 44157 66774 31449 54830 76704 29104 69817 42830 39888 26051 8295 52054 16363 31002 3391 1013 43639 25882 66597 3284 14184 53760 30726 62198
63320 48740 50461 63000 67085 55289 31915 90545 64055 55754 52350 88146 50894 20285 47946 45991 73079 91988 94610 73972 47104 25510 84352 40473 57919 95306 20232 92109 91830 39436
97897 46694 60594 34421 8907 64975 13894 13031 51137 5200 12020 13758 40584 16265 19812 94064 53925 46039 33451 88365 31339 43533 57445 28575 36018 82971 56442 4938 38817 67146
17372 8045 8388 2333 75271 71007 16662 11825 61951 92818 81528 93886 37429 12787 19319 26227 17730 4487 94090 26781 63849 75023 87729 33984 26009 56708 34518 58364 60905 44283
50607 13161 55545 71266 15418 85211 16855 16065 31615 34366 85911 94202 31441 42394 76089 65544 14572 58736 16167 19203 22840 78234 62516 74521 66852 23023 68669 12854 94988 90268
39307 5693 81011 12139 84686 1836 21993 50335 5091 6300 98149 15414 51951 76030 71915 15589 93729 27614 49479 84479 73140 59491 64624 91534 65002 97580 45286 9271 89457 4469
69811 59386 96961 35183 41901 39791 85947 51531 57618 70186 40459 1007 81513 67704 60135 1726 20327 41055 60653 4373 904 11393 94632 25768 30289 31256 11339 50376 86037 95899
78868 85312 32300 40183 43690 43154 24252 27254 70431 36574 90804 81660 93519 4123 51467 10212 58590 6396 96869 49191 49949 556 41166 26517 71396 46641 2493 64825 28025 18189
65649 47065 40903 46455 25847 78899 75752 50214 25249 26560 28283 50598 76496 51636 22958 89600 47883 63036 23637 95254 44356 34814 82736 12484 5274 63228 16808 73376 68369 15025
87858 98170 38107 33137 91466 32668 49139 75405 10296 90506 17756 85164 54255 49890 15973 31667 57512 12221 98696 94302 94347 12461 92037 79203 64870 53948 43 99541 74131 27250
26960 82015 84566 17391 96307 85508 92796 27661 71008 17766 19869 95359 48108 78843 4058 78932 56820 72248 72287 38643 10978 33130 88865 96000 48232 50008 50240 46677 35074 77858
55046 25066 39960 63172 6 32910 36057 23730 2558 50762 6560 38621 5269 6276 65490 5933 14205 52249 33117 59428 5041 47330 12730 80417 46263 22800 42188 88410 95582 4495
57247 41728 35617 20870 22793 67711 51618 11892 84748 20987 41199 51220 57329 84211 80801 3706 16205 9409 74871 65140 92448 58359 21822 4937 85552 74339 68300 98076 74898 87500
29344 56458 45121 786 87363 24103 88036 2033 55721 78628 54540 22238 66416 99211 63892 5288 54624 63649 254 78584 55369 39459 94268 89553 44039 66249 24676 73968 52225 89701
8377 79404 68133 9028 11113 16662 19149 14252 9257 24506 87964 42108 29307 700 24033 27599 95016 29979 99251 41112 78693 23665 53203 77862 60785 27217 4940 21601 95349 17479
48949 11947 92770 89978 29678 98624 8343 71885 51646 8086 73624 74297 46587 75773 39319 50452 37314 15615 7630 1709 40889 44864 2337 92141 22996 96575 76865 82807 16909 58546
132 54920 6602 99950 49965 51352 39610 40732 50922 78902 77303 59685 71120 35183 34341 97638 19296 4615 77490 10812 19685 81374 34003 71737 74035 68812 76941 54732 72042 72356
45961 36380 78832 58933 85117 17069 79258 91107 66506 13593 64867 36658 93112 45688 39730 97211 15003 48376 23223 64629 9617 68677 29902 77933 88385 64930 61019 26573 36893 68557
14828 56472 13505 82751 10298 54124 23569 73032 2567 48670 43358 49079 56961 92065 89792 27536 2205 51487 24093 36979 2204 12733 55808 20379 74313 4827 9379 70460 58776 41201
357 15267 11016 34771 61876 73337 50722 95053 89252 65697 28215 42599 15029 41813 94981 93186 24240 98252 96530 29848 59850 36886 61071 43040 97503 3326 58997 94727 23160 47910
75 11031 69413 42158 52830 27796 52547 53869 69895 17081 72086 95734 18216 4991 47248 49076 52975 77910 78120 11917 38129 7049 90595 66114 76367 88637 96910 92205 61779 10226
84192 61345 80404 20833 59644 69965 55117 91644 60621 40121 58506 82096 48393 93767 57179 45349 50414 7315 64254 45148 90247 36147 5113 98544 81767 81719 76636 9173 37164 15369
63299 2108 11325 43245 99762 18124 14923 62337 68310 30442 23860 61470 60906 90993 82683 20341 90735 86746 99312 32019 61043 41845 78478 57789 21899 95438 34455 76308 22040 70504
71449 71249 99588 23908 91789 75785 70021 54907 76306 80138 5529 92959 17365 9948 42344 49182 58636 13440 94438 7582 38806 50548 36557 90625 54460 69868 99366 11490 37843 65114
50177 83126 66487 64454 2167 971 51792 49590 91183 11468 78576 81383 11573 99738 95315 47698 72612 23092 91581 8199 30301 96496 51007 45653 79501 38431 3314 42848 21867 99437
45530 98952 21207 71070 50052 35208 74268 37713 89287 54196 42350 72575 95558 41593 90539 74109 98284 99520 24285 50870 48814 93420 82935 81041 71756 11927 75763 16944 87536 53400
74842 13102 95885 76671 89083 4736 5280 79126 87506 75829 12402 81922 14498 36566 54740 18816 69115 11174 56737 2120 1652 84289 20255 46060 72562 75233 17629 48505 55839 73076
15957 53877 82738 79814 91659 8959 21325 13821 77997 12689 3322 94328 35473 62433 86700 4623 55321 64827 27684 1493 62129 47560 86313 27032 31407 45865 65678 41151 66257 15516
63824 96714 51074 13622 98228 11605 63861 58503 80941 77749 58664 13401 86003 27545 1091 64304 91756 49674 90326 86826 92935 65611 85021 97952 55419 21817 72158 53443 93260 67371
