450 30 30
74345 88352 62982 25747 52599 10396 63840 61179 97163 70456 53530 2472 51316 55949 96990 61849 5512 49968 66946 56488 810 52975 94403 26856 91429 70769 99627 32229 35245 73946
70956 97863 63012 59908 22819 59086 82995 62695 81429 49655 66093 177 42196 74773 97295 26894 51387 73400 58562 78977 54093 63529 72406 54088 42393 38507 86408 77307 14169 82875
43356 49869 78862 39313 63556 5609 32036 18236 9303 31926 42644 20713 62650 16563 23485 9661 82522 9947 99913 32149 65550 22786 48654 99085 69914 67381 905 42005 61383 25982
80676 53757 56427 62685 99889 43017 62630 10991 76524 18493 53922 94730 58364 28179 26898 67582 2226 43039 57364 99029 33961 30641 10863 40948 8868 50771 62581 49176 78546 65222
95969 4345 85293 80232 88121 22121 88725 66513 42381 91573 94105 14129 91221 21603 87503 82995 87031 13106 13174 22684 58622 10620 38714 73324 48963 46711 37520 12411 66056 2127
90165 15101 5335 11789 26067 15135 81991 91538 20924 86535 47639 41948 5164 62263 67312 80128 15530 48041 39558 17518 52071 2612 27608 40304 20221 76453 98699 41482 1873 98726
65970 91610 11602 37595 3561 28537 39991 10207 68052 80664 25732 84331 95012 94020 5732 9807 9106 57154 50480 16150 87266 66066 86438 97830 1121 28304 98130 28061 47302 54861
81033 10900 27124 11226 65032 72415 73046 61310 92345 45451 40769 54586 95085 20254 2230 35020 98082 4826 44636 87528 37695 68314 61161 90400 21106 18803 11450 12028 3961 2643
13621 95586 49557 96421 44206 9967 77176 89258 77023 97659 18424 45473 46510 46745 83672 42784 36746 71444 30790 27032 59022 41715 67159 13717 38556 92149 16237 64186 46242 82549
39249 46408 35736 69575 93912 65496 65599 72376 77537 80380 14276 80498 17973 99298 28858 45941 48965 12272 67139 56062 20815 42569 56583 12771 67833 15302 25050 10292 25780 53500
4986 68219 2746 68316 72622 10941 39504 7438 76968 31094 34628 81013 15268 12032 93519 24205 1446 79981 96500 77231 84575 4392 16766 71244 46120 78455 38725 74893 81604 55515
17257 10809 15458 34702 63221 38286 38616 82115 23646 65222 43081 5129 12449 90740 20576 93384 52135 91107 75090 19586 67364 63517 17535 87314 53651 88225 90160 40880 8795 48076
64634 59435 53676 21169 2585 93933 19426 57951 22 2554 79105 86337 51297 25392 61399 62873 18871 86664 54557 42724 38013 67123 67061 95897 6338 18622 61997 22378 48384 3246
26234 44064 17019 98275 11581 34051 54016 20632 31105 13615 5671 83777 68602 80991 81073 19948 38151 20741 25322 49473 528 847 33768 11425 94921 260 86793 43785 85869 39845
99672 67664 3587 83916 78792 94628 12187 59951 60215 43153 55185 30621 38252 85402 99465 13087 87001 70557 34929 93912 28569 52946 83521 73701 34194 11340 63774 41470 8276 36470
39410 60434 36471 28311 98069 20398 27297 59182 39367 97494 16189 68950 85875 13386 12100 55106 25389 34626 92056 96258 6676 80306 20067 63740 43376 15846 75516 73779 90996 30726
99234 49507 99453 59347 13950 61826 13233 32743 18981 23552 81568 24408 55891 26375 12870 45429 53424 76220 80839 34920 14639 36988 14576 75026 70377 43967 9788 62641 95110 99383
80428 40253 16404 82001 12878 65413 31885 22290 6262 81046 80309 22171 31719 22933 81656 73734 79531 40192 91248 45574 1398 98736 54013 28170 79079 19481 70955 76634 88102 75975
45583 60599 7622 81250 13641 28543 7396 86571 20035 77319 97094 86396 25904 19391 43772 3564 34829 88528 10018 12264 44451 48193 21563 57211 70403 93357 35959 74310 43208 142
98958 98567 98776 67157 27266 25910 22274 4654 80736 867 54433 55584 93759 34265 49495 67755 36126 64926 86642 38120 89514 93200 51082 46444 27766 27880 30273 93381 23745 80954
53153 79418 40371 52178 23680 66030 5855 94489 54367 37694 26145 25262 55814 24670 99841 54796 91146 73439 79086 51978 18535 12 65892 64789 79173 41736 78182 9112 1206 84593
60132 50869 5845 11071 98517 45064 24873 34181 56253 75594 8447 94030 90505 46795 211 22273 5261 57206 51880 45437 83692 96113 85387 81661 42415 65946 66771 47316 84716 85675
82435 11442 25473 7414 41861 61693 47670 40808 45968 18616 28638 13162 80195 84639 68725 73435 33768 74216 39011 71607 97202 75267 53047 16851 19486 45882 57933 71133 65525 39122
89160 54208 17831 13863 62839 21950 98993 51635 48596 98483 18648 87240 35840 55704 17291 83216 24104 24990 48900 9140 83714 74446 20807 46482 5520 71023 15809 32900 90267 84767
29866 88607 70617 84824 90211 36337 78056 25164 77752 89314 99311 56297 43007 96084 44387 54517 15446 42562 66240 18451 82728 78276 59307 79484 95528 57961 36886 19974 24724 96507
3676 64928 44211 64382 94624 48754 50807 51536 5137 4801 32315 78666 62249 64265 17989 29437 17992 83521 47749 3605 52765 99035 94900 35705 81150 63168 73269 76873 32746 95095
6743 85950 43246 57855 64720 3405 91132 30767 40642 78531 49909 76893 61466 19082 93632 95028 18220 92514 14159 86684 26264 19145 641 32917 73351 49043 61850 46587 59598 52913
63436 15907 79465 96846 47793 30684 41280 7084 9294 96463 45381 40875 80850 18431 95668 65347 5044 64169 68114 71300 96568 61637 58574 4669 16650 23490 17890 21489 49568 47981
66354 53282 21883 22858 96074 69386 95175 95161 62852 81309 86422 70706 46176 41192 76648 12648 59114 468 3558 86121 84087 78307 6338 43292 38663 71185 10392 87778 34500 71540
56879 64725 31841 25980 45688 35467 47036 99187 49645 69268 81052 25758 71635 19095 4978 52217 7513 71032 56859 28382 24470 19988 56060 57759 98126 5603 24965 26822 72268 87380
