900 30 30
54323 54323 54323 54323 54323 54323 54323 54323 54323 54323 54323 54323 54323 54323 54323 54323 54323 54323 54323 54323 54323 54323 54323 54323 54323 54323 54323 54323 54323 54323
54323 54323 54323 54323 54323 54323 54323 54323 54323 54323 54323 54323 54323 54323 54323 54323 54323 54323 54323 54323 54323 54323 54323 54323 54323 54323 54323 54323 54323 54323
54323 54323 54323 54323 54323 54323 54323 54323 54323 54323 54323 54323 54323 54323 54323 54323 54323 54323 54323 54323 54323 54323 54323 54323 54323 54323 54323 54323 54323 54323
54323 54323 54323 54323 54323 54323 54323 54323 54323 54323 54323 54323 54323 54323 54323 54323 54323 54323 54323 54323 54323 54323 54323 54323 54323 54323 54323 54323 54323 54323
54323 54323 54323 54323 54323 54323 54323 54323 54323 54323 54323 54323 54323 54323 54323 54323 54323 54323 54323 54323 54323 54323 54323 54323 54323 54323 54323 54323 54323 54323
54323 54323 54323 54323 54323 54323 54323 54323 54323 54323 54323 54323 54323 54323 54323 54323 54323 54323 54323 54323 54323 54323 54323 54323 54323 54323 54323 54323 54323 54323
54323 54323 54323 54323 54323 54323 54323 54323 54323 54323 54323 54323 54323 54323 54323 54323 54323 54323 54323 54323 54323 54323 54323 54323 54323 54323 54323 54323 54323 54323
54323 54323 54323 54323 54323 54323 54323 54323 54323 54323 54323 54323 54323 54323 54323 54323 54323 54323 54323 54323 54323 54323 54323 54323 54323 54323 54323 54323 54323 54323
54323 54323 54323 54323 54323 54323 54323 54323 54323 54323 54323 54323 54323 54323 54323 54323 54323 54323 54323 54323 54323 54323 54323 54323 54323 54323 54323 54323 54323 54323
54323 54323 54323 54323 54323 54323 54323 54323 54323 54323 54323 54323 54323 54323 54323 54323 54323 54323 54323 54323 54323 54323 54323 54323 54323 54323 54323 54323 54323 54323
54323 54323 54323 54323 54323 54323 54323 54323 54323 54323 54323 54323 54323 54323 54323 54323 54323 54323 54323 54323 54323 54323 54323 54323 54323 54323 54323 54323 54323 54323
54323 54323 54323 54323 54323 54323 54323 54323 54323 54323 54323 54323 54323 54323 54323 54323 54323 54323 54323 54323 54323 54323 54323 54323 54323 54323 54323 54323 54323 54323
54323 54323 54323 54323 54323 54323 54323 54323 54323 54323 54323 54323 54323 54323 54323 54323 54323 54323 54323 54323 54323 54323 54323 54323 54323 54323 54323 54323 54323 54323
54323 54323 54323 54323 54323 54323 54323 54323 54323 54323 54323 54323 54323 54323 54323 54323 54323 54323 54323 54323 54323 54323 54323 54323 54323 54323 54323 54323 54323 54323
54323 54323 54323 54323 54323 54323 54323 54323 54323 54323 54323 54323 54323 54323 54323 54323 54323 54323 54323 54323 54323 54323 54323 54323 54323 54323 54323 54323 54323 54323
54323 54323 54323 54323 54323 54323 54323 54323 54323 54323 54323 54323 54323 54323 54323 54323 54323 54323 54323 54323 54323 54323 54323 54323 54323 54323 54323 54323 54323 54323
54323 54323 54323 54323 54323 54323 54323 54323 54323 54323 54323 54323 54323 54323 54323 54323 54323 54323 54323 54323 54323 54323 54323 54323 54323 54323 54323 54323 54323 54323
54323 54323 54323 54323 54323 54323 54323 54323 54323 54323 54323 54323 54323 54323 54323 54323 54323 54323 54323 54323 54323 54323 54323 54323 54323 54323 54323 54323 54323 54323
54323 54323 54323 54323 54323 54323 54323 54323 54323 54323 54323 54323 54323 54323 54323 54323 54323 54323 54323 54323 54323 54323 54323 54323 54323 54323 54323 54323 54323 54323
54323 54323 54323 54323 54323 54323 54323 54323 54323 54323 54323 54323 54323 54323 54323 54323 54323 54323 54323 54323 54323 54323 54323 54323 54323 54323 54323 54323 54323 54323
54323 54323 54323 54323 54323 54323 54323 54323 54323 54323 54323 54323 54323 54323 54323 54323 54323 54323 54323 54323 54323 54323 54323 54323 54323 54323 54323 54323 54323 54323
54323 54323 54323 54323 54323 54323 54323 54323 54323 54323 54323 54323 54323 54323 54323 54323 54323 54323 54323 54323 54323 54323 54323 54323 54323 54323 54323 54323 54323 54323
54323 54323 54323 54323 54323 54323 54323 54323 54323 54323 54323 54323 54323 54323 54323 54323 54323 54323 54323 54323 54323 54323 54323 54323 54323 54323 54323 54323 54323 54323
54323 54323 54323 54323 54323 54323 54323 54323 54323 54323 54323 54323 54323 54323 54323 54323 54323 54323 54323 54323 54323 54323 54323 54323 54323 54323 54323 54323 54323 54323
54323 54323 54323 54323 54323 54323 54323 54323 54323 54323 54323 54323 54323 54323 54323 54323 54323 54323 54323 54323 54323 54323 54323 54323 54323 54323 54323 54323 54323 54323
54323 54323 54323 54323 54323 54323 54323 54323 54323 54323 54323 54323 54323 54323 54323 54323 54323 54323 54323 54323 54323 54323 54323 54323 54323 54323 54323 54323 54323 54323
54323 54323 54323 54323 54323 54323 54323 54323 54323 54323 54323 54323 54323 54323 54323 54323 54323 54323 54323 54323 54323 54323 54323 54323 54323 54323 54323 54323 54323 54323
54323 54323 54323 54323 54323 54323 54323 54323 54323 54323 54323 54323 54323 54323 54323 54323 54323 54323 54323 54323 54323 54323 54323 54323 54323 54323 54323 54323 54323 54323
54323 54323 54323 54323 54323 54323 54323 54323 54323 54323 54323 54323 54323 54323 54323 54323 54323 54323 54323 54323 54323 54323 54323 54323 54323 54323 54323 54323 54323 54323
54323 54323 54323 54323 54323 54323 54323 54323 54323 54323 54323 54323 54323 54323 54323 54323 54323 54323 54323 54323 54323 54323 54323 54323 54323 54323 54323 54323 54323 54323
