321 30 30
4321 4321 4321 4321 4321 4321 4321 4321 4321 4321 4321 4321 4321 4321 4321 4321 4321 4321 4321 4321 23423 23423 23423 23423 23423 23423 23423 23423 23423 23423
4321 4321 4321 4321 4321 4321 4321 4321 4321 4321 4321 4321 4321 4321 23423 23423 23423 23423 23423 23423 23423 23423 23423 4321 4321 4321 4321 4321 4321 4321
4321 4321 4321 4321 4321 4321 4321 4321 4321 4321 4321 4321 23423 23423 23423 23423 23423 23423 23423 23423 23423 4321 4321 4321 4321 4321 4321 4321 4321 4321
4321 4321 4321 4321 4321 4321 4321 4321 4321 4321 23423 23423 23423 23423 23423 23423 23423 23423 23423 23423 4321 4321 4321 4321 4321 4321 4321 4321 4321 4321
4321 4321 4321 4321 4321 23423 23423 23423 23423 23423 23423 23423 23423 23423 23423 23423 23423 4321 4321 4321 4321 4321 4321 4321 4321 4321 4321 4321 4321 4321
4321 4321 4321 4321 4321 4321 4321 4321 4321 4321 4321 23423 23423 23423 23423 23423 23423 23423 23423 23423 23423 23423 4321 4321 4321 4321 4321 4321 4321 4321
4321 4321 4321 4321 4321 4321 4321 4321 4321 4321 4321 4321 4321 4321 4321 4321 4321 4321 4321 23423 23423 23423 23423 23423 23423 23423 23423 23423 23423 4321
4321 4321 4321 4321 4321 4321 4321 4321 4321 4321 4321 23423 23423 23423 23423 23423 23423 23423 23423 23423 23423 23423 23423 4321 4321 4321 4321 4321 4321 4321
4321 4321 4321 4321 4321 4321 23423 23423 23423 23423 23423 23423 23423 23423 23423 4321 4321 4321 4321 4321 4321 4321 4321 4321 4321 4321 4321 4321 4321 4321
4321 4321 4321 4321 23423 23423 23423 23423 23423 23423 23423 23423 23423 23423 23423 23423 23423 23423 4321 4321 4321 4321 4321 4321 4321 4321 4321 4321 4321 4321
4321 4321 4321 4321 23423 23423 23423 23423 23423 23423 23423 23423 23423 23423 23423 23423 4321 4321 4321 4321 4321 4321 4321 4321 4321 4321 4321 4321 4321 4321
4321 4321 4321 23423 23423 23423 23423 23423 23423 23423 23423 23423 4321 4321 4321 4321 4321 4321 4321 4321 4321 4321 4321 4321 4321 4321 4321 4321 4321 4321
4321 4321 4321 23423 23423 23423 23423 23423 23423 23423 23423 4321 4321 4321 4321 4321 4321 4321 4321 4321 4321 4321 4321 4321 4321 4321 4321 4321 4321 4321
23423 23423 23423 23423 23423 23423 23423 23423 23423 23423 23423 23423 23423 23423 4321 4321 4321 4321 4321 4321 4321 4321 4321 4321 4321 4321 4321 4321 4321 4321
4321 4321 4321 4321 4321 4321 4321 23423 23423 23423 23423 23423 23423 23423 4321 4321 4321 4321 4321 4321 4321 4321 4321 4321 4321 4321 4321 4321 4321 4321
4321 4321 4321 4321 23423 23423 23423 23423 23423 23423 23423 23423 23423 23423 4321 4321 4321 4321 4321 4321 4321 4321 4321 4321 4321 4321 4321 4321 4321 4321
4321 4321 4321 4321 4321 4321 4321 4321 4321 4321 4321 23423 23423 23423 23423 23423 23423 23423 23423 23423 23423 23423 23423 23423 4321 4321 4321 4321 4321 4321
4321 4321 4321 4321 4321 4321 4321 4321 4321 4321 23423 23423 23423 23423 23423 23423 23423 23423 23423 23423 23423 4321 4321 4321 4321 4321 4321 4321 4321 4321
4321 4321 4321 4321 4321 4321 4321 4321 4321 23423 23423 23423 23423 23423 23423 4321 4321 4321 4321 4321 4321 4321 4321 4321 4321 4321 4321 4321 4321 4321
4321 4321 4321 4321 4321 4321 4321 4321 4321 4321 4321 23423 23423 23423 23423 23423 23423 23423 23423 23423 23423 23423 23423 23423 4321 4321 4321 4321 4321 4321
4321 4321 4321 4321 4321 4321 4321 4321 4321 4321 4321 4321 4321 4321 4321 4321 23423 23423 23423 23423 23423 23423 23423 23423 23423 23423 23423 23423 4321 4321
4321 4321 4321 4321 4321 4321 4321 4321 4321 4321 4321 4321 4321 4321 23423 23423 23423 23423 23423 23423 23423 23423 4321 4321 4321 4321 4321 4321 4321 4321
4321 4321 4321 4321 4321 4321 4321 4321 4321 4321 4321 4321 4321 4321 23423 23423 23423 23423 23423 23423 23423 23423 4321 4321 4321 4321 4321 4321 4321 4321
4321 4321 4321 4321 4321 4321 4321 4321 4321 23423 23423 23423 23423 23423 23423 23423 23423 23423 23423 23423 23423 23423 23423 4321 4321 4321 4321 4321 4321 4321
4321 4321 4321 4321 4321 4321 4321 4321 4321 23423 23423 23423 23423 23423 23423 23423 23423 23423 23423 23423 23423 23423 4321 4321 4321 4321 4321 4321 4321 4321
4321 4321 4321 4321 4321 4321 4321 4321 4321 4321 4321 4321 4321 4321 4321 4321 4321 23423 23423 23423 23423 23423 23423 23423 23423 4321 4321 4321 4321 4321
4321 4321 4321 4321 4321 4321 4321 23423 23423 23423 23423 23423 23423 23423 23423 23423 23423 23423 23423 23423 23423 4321 4321 4321 4321 4321 4321 4321 4321 4321
4321 4321 23423 23423 23423 23423 23423 23423 23423 23423 23423 23423 23423 4321 4321 4321 4321 4321 4321 4321 4321 4321 4321 4321 4321 4321 4321 4321 4321 4321
4321 4321 4321 4321 4321 23423 23423 23423 23423 23423 23423 23423 23423 23423 4321 4321 4321 4321 4321 4321 4321 4321 4321 4321 4321 4321 4321 4321 4321 4321
4321 4321 4321 4321 4321 4321 4321 4321 4321 4321 4321 4321 4321 23423 23423 23423 23423 23423 23423 23423 23423 23423 23423 23423 23423 23423 23423 23423 4321 4321
