543 30 30
22 79 153 175 349 516 650 680 807 1015 1231 1435 1442 1513 1734 1742 1797 1826 1899 2063 2125 2220 2325 2432 2440 2485 2567 2655 2667 2691
3253 3495 3527 3540 3637 3700 3758 3895 4009 4205 4294 4404 4504 4678 5033 5385 5440 5448 5752 5766 5911 6154 6311 6388 6557 6594 6605 6628 6798 7379
7419 7529 7753 7769 7910 7974 8002 8081 8086 8124 8134 8144 8199 8244 8297 8302 8323 8343 8446 8496 8722 8751 8824 8881 8901 8982 9031 9117 9146 9162
9198 9247 9413 9433 9654 10102 10131 10149 10383 10817 10835 10912 11007 11125 11140 11146 11323 11347 11459 11552 11568 11715 11773 11985 12002 12146 12161 12244 12478 12498
12961 12996 13244 13281 13301 13409 13445 13573 13609 13761 14022 14201 14614 14624 14716 14721 14865 14898 14908 15110 15211 15543 15556 15623 15733 15848 15930 16012 16069 16121
16419 16445 16504 16734 17022 17091 17116 17153 17165 17270 17343 17615 17638 17689 17852 18000 18324 18658 18733 18742 18831 19094 19156 19226 19440 19686 19702 19747 19752 19764
19785 19817 19890 19963 20083 20132 20276 20400 20468 20481 20749 20863 20968 21154 21218 21293 21514 21781 21950 21984 22143 22173 22200 22406 22518 22595 22748 22794 22821 22854
23052 23091 23118 23561 23583 23624 24116 24117 24125 24292 24504 24821 25216 25238 25244 25275 25414 25541 25561 25644 25754 25883 25946 25993 26255 26261 26810 26871 26947 27053
27154 27334 27385 27434 27454 27482 27585 27613 27613 27806 27902 28065 28163 28313 28454 28508 28613 28752 28833 28848 28870 29069 29123 29125 29231 29385 29720 29830 29851 29866
29869 30032 30090 30099 30159 30159 30230 30757 30939 31145 31148 31196 31229 31316 31351 31365 31553 31561 31621 31680 31708 31766 31850 31900 32343 32347 32420 32507 32536 32691
32842 32859 32889 32907 32970 33152 33312 33447 33495 33727 33733 33799 33834 33846 33861 33883 34096 34353 34408 34573 34597 34620 34745 34951 35047 35112 35115 35208 35276 35294
35392 35445 35639 35761 35836 35998 36183 36434 36570 36596 36757 36824 36851 36887 37190 37282 37290 37326 37675 37995 38103 38237 38317 38321 38346 38409 38606 38725 38736 38740
38901 39151 39525 39606 39612 39792 39941 40063 40186 40596 40648 40721 40968 41024 41263 41311 41345 41367 41446 41456 41511 41662 41691 42153 42206 42390 42450 42495 42496 42545
42600 42630 42634 42664 42688 42742 42745 42845 43060 43072 43536 43604 43809 44017 44030 44131 44414 44436 44488 44639 44949 44954 44960 45098 45220 45292 45308 45325 45468 45479
45772 45835 46053 46127 46220 46319 46506 46605 46814 46861 46869 46924 46942 46970 47017 47042 47091 47117 47347 47565 47617 47851 48111 48300 48377 48462 48505 48885 48924 49090
49104 49155 49183 49242 49407 49727 49916 50259 50320 50425 50512 50560 50596 50651 50674 50718 50720 50763 50979 50987 50988 51035 51090 51105 51175 51342 51426 51432 51479 51609
51668 51821 51877 51917 51941 51986 52006 52031 52133 52146 52196 52252 52372 52475 52582 52584 52695 52726 53023 53055 53144 53227 53324 53358 53486 53586 53728 53902 54109 54243
54324 54365 54757 55036 55253 55290 55358 55498 55512 55608 55831 55838 55856 56156 56197 56382 56562 56636 56658 56851 56989 57052 57336 57343 57363 57650 57762 57875 58413 58441
58463 58475 58969 59127 59313 59331 59505 59510 59586 59671 60047 60098 60534 60552 60725 60782 60911 60939 60962 60997 61001 61169 61246 61436 61569 61624 61655 61666 61712 62144
62316 62385 62391 62480 62538 62606 62681 62684 62769 62797 62819 63246 63294 63567 63583 63912 63939 64146 64185 64189 64315 64340 64363 64367 64451 64718 64793 64922 64994 65030
65304 65378 65477 65489 65571 65892 65943 65960 66292 66351 66384 66387 66751 66842 66990 67108 67173 67184 67749 67753 67764 67772 67822 67981 68244 68624 69016 69059 69432 69439
69458 69609 69873 69883 69898 69968 69968 70136 70303 70490 70552 70625 70655 70735 70855 71186 71246 71322 71430 71468 71594 71656 71701 72101 72127 72221 72506 72565 72589 72808
72847 73159 73232 73264 73281 73356 73386 73725 73914 73924 73985 74156 74164 74409 74472 74504 74645 74670 74854 74957 75192 75261 75285 75368 75404 75530 75703 75734 75742 75839
76130 76463 76525 76597 76635 76666 76670 76783 76887 76978 77001 77150 77503 77705 77770 77833 77859 78226 78509 78542 78692 78725 79006 79073 79077 79101 79323 79512 79535 79568
79623 79640 79915 79953 80239 80239 80298 80316 80829 80923 80941 80969 81233 81348 81382 81536 81653 81706 81794 81851 81990 82113 82158 82164 82169 82335 82390 82545 82665 82696
82746 82830 82866 83219 83447 83499 83520 83567 83622 83805 83882 84011 84058 84058 84147 84291 84558 84565 84645 84656 84758 84776 84874 84996 85027 85111 85228 85564 85647 85742
85755 85905 85945 85993 86082 86190 86192 86250 86422 86423 86456 86515 86592 86638 86791 87182 87356 87361 87452 87572 87607 87612 87653 87711 87735 88124 88225 88459 88892 88908
88921 88926 88983 88993 89139 89187 89352 89456 89658 89700 89760 90096 90184 90357 90432 90751 90780 90803 90898 90983 91371 91526 91690 91826 91998 92407 92423 92424 92526 92722
92802 92933 92984 93282 93521 93560 93589 93597 93816 93848 93860 93956 93971 94055 94057 94297 94369 94438 94504 95637 95878 96006 96085 96433 96466 96611 96624 96688 96814 96858
96865 96939 96986 97138 97150 97549 97571 97621 97670 97767 97787 97919 98155 98160 98252 98526 98619 98709 98724 98918 99304 99312 99347 99368 99380 99574 99602 99686 99786 99896
