345 30 30
99962 99890 99806 99349 99339 99257 99049 98651 98481 98411 98214 98119 98054 97994 97909 97839 97820 97735 97674 97562 97473 97469 97457 97371 97332 97312 97302 97297 97190 97155
97143 97113 96977 96862 96557 96542 96450 95913 95821 95815 95680 95528 95403 95315 95184 95181 95171 94668 94605 94565 94479 94353 94221 94212 94182 94143 93707 93428 93385 93330
93228 93213 93161 93136 93080 92925 92722 92708 92342 92307 92209 92144 91987 91891 91701 91452 91381 91193 91185 91073 90867 90811 90722 90092 90089 90030 89912 89798 89774 89729
89614 89584 89553 89155 88955 88435 88356 88331 88297 88274 88122 88102 88092 88049 88045 88031 88003 87895 87758 87714 87540 87508 87493 87427 87374 87232 87179 87087 86701 86590
86435 86423 86350 86225 86220 85961 85819 85338 85298 85247 85229 85172 85142 84936 84840 84837 84833 84713 84668 84582 84340 83793 83783 83747 83717 83640 83555 83472 83409 83312
83277 83127 83096 82896 82601 82538 82291 82187 82156 82067 81972 81820 81803 81643 81577 81549 81299 81235 80433 80395 80379 80364 80299 80228 80101 80093 79924 79871 79803 79751
79745 79692 79645 79557 79525 79313 78985 78698 78497 78255 78085 77944 77825 77787 77785 77705 77648 77574 77521 77260 77248 77191 76944 76802 76746 76710 76698 76435 76419 76344
75812 75671 75650 75635 75578 75533 75456 75335 74411 74123 73972 73862 73809 73529 73405 73400 73327 73294 73121 73055 72732 72223 71899 71882 71784 71731 71661 71608 71552 71540
71465 71350 71242 71121 71081 71077 70921 70866 70816 70745 70656 70597 70535 70341 70254 70252 70174 70136 69953 69796 69738 69603 69472 69304 69276 69185 69154 69078 69053 68996
68979 68803 68480 68455 68308 68235 68043 67974 67811 67715 67561 67539 67485 67467 67451 67400 67359 67257 66903 66887 66663 66636 66362 66351 66037 65992 65947 65846 65770 65722
65673 65579 65506 65503 65254 65226 65224 65145 64998 64986 64974 64917 64816 64647 64597 64457 64284 64253 64160 64156 64104 64068 63885 63676 63617 63558 63466 63409 63372 63341
63171 63115 63078 62796 62790 62787 62690 62413 62275 62156 62080 62045 62023 61785 61782 61765 61626 61600 61541 61382 61207 61091 61077 61054 60808 60690 60666 60285 60161 60029
59877 59858 59819 59783 59615 59359 59198 58665 58571 58518 58400 58328 58208 58136 58109 58080 58004 57943 57932 57842 57743 57508 56893 56608 56472 56042 55917 55820 55581 55451
55438 55258 55160 55126 54530 54489 54343 54147 54131 53947 53931 53858 53316 53124 52876 52819 52684 52579 52554 52504 52282 52239 52168 52078 52068 51984 51961 51905 51875 51748
51538 51470 51236 51193 51061 50988 50672 50567 50384 50380 50143 50115 49732 49668 49617 49538 49491 49416 49341 49277 48863 48818 48655 48623 48581 48487 48428 48225 48107 48057
47947 47945 47673 47622 47600 47417 47117 47079 46990 46850 46842 46763 46695 46662 46649 46607 46606 46404 46400 46295 46261 46210 46120 46109 46088 46026 46016 45945 45942 45910
45818 45715 45654 45510 45473 45439 45126 45100 45070 44863 44779 44450 44444 44120 44111 44052 44036 44009 43868 43844 43676 43525 43149 43097 43090 42826 42786 42625 42462 42386
42384 42165 42148 42100 42086 41959 41896 41848 41777 41761 41685 41663 41607 41576 41426 41414 41407 41349 41256 41240 41235 41215 41191 41143 41120 41081 40822 40768 40488 40087
39990 39959 39920 39792 39737 39620 39590 39580 39576 39482 39103 38883 38826 38783 38764 38756 38645 38603 38576 38556 38534 38362 38221 38146 38125 37887 37830 37813 37776 37547
37544 37437 37165 37148 37100 37088 36960 36642 36636 36470 36419 36090 36051 35912 35636 35564 35449 35200 35052 35046 34968 34803 34798 34782 34663 34508 34409 34318 34301 33880
33848 33702 33537 33536 33287 33246 33127 32861 32854 32778 32600 32487 32485 32477 31857 31848 31602 31551 31298 31269 31237 31091 31060 31004 30770 30681 30519 30458 30404 30337
30199 30090 29994 29941 29871 29732 29611 29546 29470 29400 29320 29274 29165 29047 28841 28713 28616 28515 28489 28383 28336 28291 28194 28025 27938 27754 27666 27594 27545 27524
27318 27302 27274 27204 27113 27093 27051 26981 26963 26884 26763 26748 26703 26579 26528 26197 25978 25918 25855 25732 25683 25497 25490 25133 24730 24518 24187 24009 23722 23639
23620 23458 23378 23309 23212 23120 23078 22997 22963 22730 22719 22689 22682 22619 22511 21779 21748 21658 21447 21427 21411 21330 21292 21058 20875 20865 20806 20727 20147 20045
19887 19848 19821 19749 19737 19710 19631 19560 19461 18886 18659 18514 18453 18288 18272 18134 17548 17482 17343 17279 17258 17224 17093 17041 16958 16746 16722 16709 16626 16589
16582 16489 16465 16436 16431 16266 16260 15959 15860 15756 15577 15569 15333 15275 15153 15122 15110 15038 14859 14473 14338 14291 14263 14176 14158 14124 14001 13897 13753 13699
13687 13670 13624 13585 13442 13379 13314 13272 13134 12934 12680 12654 12577 12573 12428 12212 12190 12156 12151 12144 12113 11871 11771 11727 11659 11588 11458 11407 11400 11374
11112 11105 11049 10910 10869 10850 10617 10515 10386 10317 10084 10016 9917 9883 9516 9043 8923 8908 8803 8751 8666 8662 8660 8585 8219 8105 8043 8035 7854 7785
7156 7144 7057 7035 6999 6922 6842 6806 6707 6623 6616 6598 6387 6372 6139 6062 6056 6041 5927 5917 5690 5478 5215 5155 5077 4970 4928 4909 4900 4826
4643 4599 4352 4318 4236 4032 3963 3904 3788 3427 3321 3122 3113 3034 2638 2466 2453 2149 2124 1864 1707 1693 1684 1447 686 638 427 343 161 101
