400 30 30
2508 3781 6806 7966 15157 18440 18719 18830 21867 23042 23543 24081 28337 31047 32126 34900 41814 44867 47469 53300 59105 65332 68253 79716 80311 88103 90259 92344 93357 98064
99726 99183 96655 94253 90549 90375 78727 75175 74598 71001 67830 67254 65511 57872 55685 49205 33759 32412 29313 29127 28197 26410 22531 22443 21605 9324 8243 6766 4938 1000
3737 7424 8295 11126 15460 20228 22655 39463 56494 57360 57515 60214 61336 63419 66194 68357 69455 72918 80007 80175 80556 82759 83273 85789 85999 87946 91374 95248 99265 99631
95840 92700 92433 89315 82104 74216 71257 65185 60566 58809 58669 55527 53801 52101 45213 44759 43973 42446 40814 32538 28501 24814 15491 15397 13878 13076 12687 2572 2443 9
1733 5612 6649 7067 7137 8107 9810 16773 18189 25869 31201 44394 44807 50564 50944 51005 51942 54556 59872 70256 72733 76274 76924 78260 79032 82331 84392 84464 84876 87772
95575 91049 81477 80069 74838 71713 69156 68467 62089 57037 56158 47491 46219 43794 42827 41254 40974 38384 34195 31090 27502 23440 20805 19959 18489 17005 14473 12838 12608 494
1701 5222 8156 8567 11978 16402 18086 19549 22078 29342 38389 45352 47344 47836 50310 54398 56721 58052 58168 66057 66101 68570 69805 74891 75686 76961 77568 81503 93820 97313
99204 94676 84257 77504 74539 70326 65660 59367 59123 58808 56095 54900 48781 47882 47326 44255 41851 39625 39557 36529 32267 31901 31793 31604 27817 23552 19617 7933 5341 300
2486 2792 3697 6537 10887 12006 24025 35906 36356 37697 39798 44395 53041 53719 55815 57464 58870 64830 65920 76208 76686 77802 79186 79766 83550 85102 90059 92772 92942 95437
99237 98127 93229 84023 81922 77188 73400 64237 63423 61035 59882 55085 53116 52653 44280 43435 42814 37005 34242 31582 31024 30229 28848 22972 15213 13496 9275 6423 5527 1088
4194 10440 20964 21553 21652 36645 38869 39008 40578 41354 42645 44635 46832 46899 50106 58604 59144 61444 65637 65936 68902 80569 81860 82587 83045 84258 85218 87070 91422 92459
96063 93832 93195 87832 82170 81865 77957 73844 67111 66603 63509 61042 60634 57720 56643 48496 48030 46059 42524 40109 39040 38386 37122 27860 24277 21112 20960 14664 14359 11262
1499 2809 5225 6067 6627 23475 25352 25980 27236 34849 35567 36384 37692 41703 42949 44593 44661 44993 46629 47559 51913 52714 54693 66266 69019 70038 77274 82972 92291 95432
98459 97984 97081 96400 90765 84333 70511 67739 66188 59867 59724 59075 58282 53201 50620 35464 35223 34593 32546 30840 28111 26175 25603 20723 19027 15025 14346 9262 3703 54
5246 5505 11535 14104 15508 15975 24479 26605 29097 30577 33624 36595 41747 45359 49473 51993 53696 55258 57723 58151 59117 59989 65858 72415 77599 83253 84950 92437 94738 96326
94003 88462 85323 83933 82620 81472 78891 72853 69535 63634 59814 58759 57442 54509 52615 46771 42171 41178 36306 33351 31876 31815 30368 26036 24100 23450 22597 5058 3942 2807
8032 11585 12752 14918 25859 26764 27407 28024 32551 36794 37319 40731 41792 47568 48976 56388 61730 62458 65735 69962 70261 72798 74512 76607 79194 79552 81390 81546 86473 90836
96620 96209 94401 93804 93408 86661 82907 77271 76640 75799 71371 68167 67121 66408 65563 62339 58188 54957 52674 47742 47497 45369 29038 22354 16466 16226 13070 9537 7718 2308
4019 5028 8882 10878 11579 16195 17737 22387 28758 30437 32075 34636 44500 47944 50807 52998 53184 62429 65333 68255 68916 69760 73276 74103 74498 79690 82120 88442 91971 99293
94702 93363 89196 88471 87369 81346 75511 73725 72039 66688 66239 66180 57952 56883 56595 53441 52851 51811 51442 46896 41891 40589 32431 30941 30209 23594 20836 20321 8485 229
1594 7007 9439 11226 15390 20922 21266 24963 25095 36580 38412 39496 47765 53113 56267 60331 62752 63531 64581 75841 79216 84518 87254 88656 91696 92196 93560 94735 95637 99447
96045 87445 86876 86672 85896 82698 80339 77522 75035 72325 60867 60645 58788 56962 56430 52788 46900 43180 42880 41484 39821 38981 30764 20191 19175 15419 15109 9054 8525 1552
2460 17834 18273 18368 21234 37997 38008 38116 42371 43684 48386 50729 51862 53569 57733 58921 64976 66204 68223 68384 75701 75978 76970 78232 86033 87912 90766 91630 97426 99806
95360 88626 82750 82513 80886 79994 77962 74950 73324 71486 63556 58971 57398 57364 55458 54522 54105 51482 49019 45558 45488 41558 37676 31164 26689 25730 21868 6612 6086 4408
254 2865 5994 9441 16195 18604 21055 21774 29369 29840 32733 34250 40854 42139 43943 44275 46452 46515 60244 61299 68690 75462 79482 79966 81190 81521 81955 83412 84222 94409
99778 93630 88566 85384 82362 81377 77721 70354 68031 64331 59993 48310 45171 39954 36437 35137 33247 30766 27181 26742 26240 24014 18054 14978 14466 13697 11256 7573 4313 1417
6740 6977 8101 8504 12937 30212 32433 35550 35841 36281 45261 45317 46197 62290 62665 64616 65005 66302 70196 73098 74251 77408 78681 83635 89358 92951 96821 97051 98032 98270
97258 95709 95262 87065 81348 77273 77091 76950 70654 67077 66608 56996 55882 54928 46881 46216 42877 37996 37573 33892 32061 29950 27067 25476 20356 14831 11888 7928 5369 1167
88 826 4058 14074 16265 21157 23408 31907 36200 40922 41951 42170 46432 49832 50282 53131 53464 63746 66087 73828 80212 89061 89807 92011 95591 96526 96735 97852 98174 99727
94058 93926 91484 87946 85372 84814 81726 79975 77063 77029 76235 72479 69998 53342 51461 46893 37196 34011 32636 32037 30714 21526 21095 20168 19467 16984 14664 9281 5224 1025
