97
4 9 16
4 34 29
6 9 36
17 44 4
1 3 6
19 48 22
14 26 44
11 20 49
19 8 5
1 3 11
16 13 34
6 21 50
7 18 39
16 54 19
11 17 46
17 33 43
9 32 35
21 40 6
11 24 6
1 32 40
1 55 50
16 55 16
16 44 29
15 9 13
22 21 7
23 18 3
2 52 33
16 6 40
0 18 54
12 19 26
21 20 21
11 4 51
18 10 55
11 7 53
9 12 48
14 6 37
22 32 19
10 13 11
16 59 37
16 32 5
17 8 13
21 42 26
23 9 2
4 0 22
9 21 4
10 30 27
16 49 34
6 22 34
20 36 15
16 33 52
8 21 37
18 27 12
16 50 45
21 11 46
6 17 42
10 57 11
0 13 53
7 51 45
23 16 23
20 1 14
1 30 25
0 9 42
7 23 32
6 9 17
1 42 19
18 39 33
21 1 15
21 41 1
3 9 24
10 8 0
12 45 34
5 51 3
11 4 22
15 12 48
12 25 2
23 9 2
1 6 48
22 6 12
18 58 29
0 35 48
22 30 39
23 46 42
21 59 43
18 1 21
7 4 47
6 51 55
1 53 55
11 41 22
10 44 41
8 37 30
23 6 59
0 36 21
12 38 48
15 57 29
11 59 14
4 26 41
18 1 36
