81
11 10 38
1 57 47
20 25 0
5 34 52
1 28 55
20 51 43
23 12 9
15 49 11
0 48 33
11 26 8
19 52 5
14 47 13
11 24 30
16 46 18
0 36 17
1 27 13
2 39 51
8 18 28
21 43 24
2 48 15
0 20 53
20 26 15
10 22 39
10 38 45
19 27 32
14 18 14
9 43 39
4 57 2
7 53 28
12 52 40
9 34 8
23 28 9
7 36 48
11 8 27
3 19 39
19 51 9
4 44 16
8 14 2
21 41 4
15 0 37
13 46 11
21 48 38
11 46 44
4 22 54
12 52 43
7 35 6
8 21 25
13 54 40
17 59 21
2 24 16
22 14 23
1 31 30
12 13 11
9 58 30
13 22 22
18 54 40
13 31 55
5 1 58
11 58 12
19 5 25
1 59 23
16 51 49
9 39 16
20 10 21
9 4 58
0 11 6
1 38 16
19 7 41
9 29 31
2 56 19
22 16 47
20 25 30
6 43 20
10 25 58
8 35 42
11 10 19
10 28 21
11 3 10
23 33 27
21 49 35
10 17 50
