72
13 32 6
8 32 49
8 43 58
2 18 58
7 47 8
12 59 35
5 47 57
15 5 2
16 48 29
17 14 36
12 33 48
3 33 51
10 51 13
5 30 45
20 34 4
2 6 41
13 57 35
5 55 36
18 48 44
11 27 24
9 3 47
8 36 11
4 33 4
13 59 50
12 14 47
12 48 34
7 28 58
23 46 19
21 13 42
22 22 21
0 39 41
6 36 28
21 47 34
20 30 30
10 0 58
18 11 43
19 52 46
3 38 53
17 16 43
0 28 26
18 27 23
21 57 34
10 37 1
18 34 16
20 41 17
21 40 46
21 30 50
12 52 17
5 32 40
6 17 57
12 11 50
0 26 0
13 10 12
17 32 29
4 12 18
10 19 25
6 44 22
19 21 52
13 43 48
10 54 33
14 18 21
18 26 20
19 24 23
3 16 2
9 5 36
4 8 34
4 21 10
8 50 4
7 15 7
13 41 41
1 21 43
18 18 28
