98
18 45 25
16 44 53
11 23 26
14 40 49
19 55 59
9 33 56
22 28 38
0 21 4
20 16 50
6 39 26
2 0 52
8 2 23
3 24 3
4 0 46
11 8 54
12 42 34
23 43 21
9 53 52
3 14 26
18 36 22
9 28 4
21 6 46
17 6 32
12 25 13
0 41 52
10 51 1
21 35 13
16 15 38
12 8 15
12 43 6
21 23 34
21 26 17
16 37 34
15 41 38
14 50 10
6 20 39
3 3 42
8 53 57
23 6 1
13 17 14
11 25 10
2 2 23
16 55 58
22 37 28
6 20 14
22 45 20
19 56 28
21 25 49
13 57 45
11 40 0
13 19 1
17 22 36
23 20 25
11 22 7
20 59 42
8 47 53
15 36 44
18 2 30
14 56 57
13 50 11
15 30 3
4 16 53
21 13 54
18 34 42
8 1 13
6 19 27
8 38 17
16 59 50
5 25 54
17 51 5
9 28 51
6 31 42
16 45 35
12 42 15
4 18 31
19 37 6
5 41 42
14 41 1
20 7 50
20 18 6
2 7 29
7 6 32
7 22 22
23 44 23
13 7 33
1 29 8
21 9 23
4 23 44
11 2 8
21 56 40
21 10 36
17 16 28
0 49 37
2 56 7
2 56 56
7 8 41
23 55 49
19 34 9
