65
11 47 59
1 36 58
8 3 53
10 20 43
10 1 40
4 24 37
16 53 34
16 18 38
1 47 35
4 11 23
1 21 50
9 1 16
2 40 2
6 20 37
18 50 29
9 49 36
5 11 0
17 56 1
9 55 53
19 52 42
5 16 28
3 16 40
5 56 21
3 30 18
13 21 13
13 41 15
3 2 3
0 20 47
23 23 21
2 3 59
22 1 34
11 1 22
19 30 30
15 44 46
3 4 39
21 19 45
20 30 40
10 57 6
19 34 51
15 43 25
8 22 20
17 42 6
13 2 58
8 42 25
18 18 2
17 40 33
1 17 31
21 31 27
10 56 26
2 2 52
14 25 39
1 0 25
19 3 5
21 47 21
13 46 19
19 51 39
18 44 47
22 4 1
0 24 30
15 11 53
6 37 43
18 48 15
7 36 51
2 40 20
19 6 39
