62
11 39 56
8 59 54
7 26 35
7 32 19
18 54 49
19 29 39
12 24 42
5 53 46
14 49 35
13 9 50
12 22 37
13 16 35
12 39 47
12 57 57
17 57 19
23 3 17
23 8 4
9 13 18
21 19 32
14 14 21
8 22 33
21 23 37
10 18 32
13 46 48
19 4 15
17 43 42
11 6 15
12 0 3
6 55 52
15 56 41
3 19 30
1 2 29
15 10 45
16 10 25
4 55 34
12 58 49
2 32 35
13 6 34
16 54 48
13 39 6
20 7 58
15 15 54
3 54 36
22 4 5
14 57 26
9 23 3
21 4 2
10 43 23
13 26 3
15 44 52
12 56 4
19 33 20
17 25 55
8 40 55
22 4 2
1 10 48
4 13 9
0 44 0
4 46 56
13 45 12
0 26 12
9 10 26
