85
0 34 44
8 29 33
12 33 24
17 42 33
13 41 23
0 55 48
9 5 22
20 42 0
16 39 2
17 41 29
14 55 3
22 31 17
11 12 23
16 3 50
21 5 4
8 46 55
18 26 18
12 15 5
23 42 27
14 29 30
22 6 36
1 30 32
1 27 49
20 34 52
4 39 42
15 44 26
9 24 10
7 6 22
23 47 48
9 59 53
15 27 16
21 42 35
3 33 14
11 35 0
9 8 12
10 22 33
21 53 8
3 32 39
15 29 33
8 57 12
0 31 32
18 42 30
22 3 25
16 26 54
5 24 33
6 39 26
3 28 47
12 41 2
22 9 24
14 26 23
12 59 30
12 9 4
6 18 6
3 30 8
16 7 42
2 2 36
8 59 19
11 39 49
13 1 6
1 26 16
12 48 54
4 34 58
16 24 55
11 55 35
7 42 33
10 23 20
4 13 16
9 22 1
17 6 7
5 32 7
8 2 9
19 51 54
13 54 17
4 33 56
21 22 21
14 14 2
2 43 36
17 36 55
18 58 3
10 32 54
10 35 22
6 10 48
10 51 59
10 16 9
1 22 24
