97
3 21 53
9 24 31
20 41 14
19 49 43
1 36 26
13 36 53
16 44 55
20 48 8
23 22 54
4 44 13
5 30 20
6 22 29
0 0 4
22 33 8
13 3 26
5 31 17
7 17 43
21 7 8
14 22 45
20 54 35
1 23 5
21 36 37
9 23 27
0 32 36
23 45 49
23 25 15
9 39 37
4 44 10
8 13 10
11 48 53
22 10 43
7 33 49
17 7 55
0 43 23
19 9 25
4 33 25
1 2 5
8 29 13
15 52 36
7 48 46
0 44 37
1 39 21
2 31 19
22 16 36
11 9 25
4 13 55
14 8 34
14 3 41
18 37 36
15 39 43
19 37 36
14 23 10
21 43 45
20 58 43
23 44 56
13 56 22
1 23 25
18 22 37
7 31 11
22 2 31
19 7 30
11 16 40
10 17 39
4 59 13
2 32 49
8 4 2
22 28 5
23 24 40
22 34 19
7 25 18
15 48 5
6 13 55
1 1 39
23 14 19
20 37 5
22 55 37
9 13 58
6 45 1
14 9 55
14 10 6
23 10 19
3 4 7
6 30 22
17 48 41
3 19 51
14 6 55
13 10 8
23 41 43
23 49 50
7 8 28
9 29 15
12 22 32
1 55 5
22 4 51
7 39 56
3 5 20
6 55 23
