64
23 2 37
23 39 1
9 6 8
0 33 54
22 41 8
16 8 21
5 17 43
12 16 38
12 56 59
4 8 32
1 52 27
22 24 7
8 29 49
16 59 15
6 52 22
4 1 28
15 24 57
15 51 30
20 29 16
1 4 59
13 54 56
15 20 58
12 59 56
10 37 33
9 44 30
10 58 30
5 16 49
19 36 4
12 55 58
13 14 24
4 55 47
18 58 50
15 35 0
14 16 42
15 21 25
7 29 51
21 49 17
10 17 45
18 57 28
3 19 47
19 18 43
8 33 38
8 44 57
2 31 12
13 41 57
18 16 14
7 7 6
9 34 50
3 13 32
22 52 12
19 4 26
10 1 27
13 4 55
5 26 48
1 19 20
11 48 25
5 8 5
1 25 41
0 48 7
4 23 56
4 42 34
8 40 55
10 8 16
20 21 40
