61
14 32 40
11 34 43
18 32 54
8 54 53
5 11 41
11 23 44
9 1 20
20 27 43
0 10 7
3 16 28
13 49 53
1 23 18
18 52 15
0 2 38
22 56 0
18 57 16
10 17 2
4 16 15
12 38 28
14 37 36
15 53 24
13 34 56
17 40 4
2 22 16
7 27 12
13 56 28
7 19 40
20 2 48
17 23 44
1 44 30
11 12 58
7 2 11
15 26 0
15 52 34
16 31 49
12 11 2
16 49 6
14 37 22
5 17 56
22 29 29
4 1 19
10 37 31
9 42 39
18 2 38
20 3 57
0 42 53
4 33 40
10 18 29
9 47 49
10 33 14
10 25 13
16 44 28
16 30 2
12 44 59
1 13 58
23 10 3
4 6 33
22 11 4
15 0 38
20 36 13
11 19 23
