71
23 53 58
19 27 17
8 10 10
8 40 50
13 24 41
0 8 20
9 49 25
9 34 3
14 12 48
8 1 15
9 48 0
4 45 18
22 40 59
3 14 33
0 2 47
20 31 46
2 29 0
1 4 4
13 23 12
22 28 56
16 14 4
20 32 7
10 23 57
21 36 47
10 53 0
21 16 25
10 40 25
0 27 33
5 49 50
21 7 3
4 11 19
10 19 28
7 19 45
17 24 16
3 42 3
10 10 11
7 31 39
13 40 40
0 31 26
10 44 6
3 27 44
3 42 24
12 13 14
5 0 40
1 35 50
19 54 21
3 48 34
10 6 9
13 57 28
18 12 9
20 48 45
5 1 1
22 45 41
10 22 51
0 1 34
1 8 16
13 10 29
15 10 28
12 55 59
1 7 44
21 41 2
3 59 39
21 0 32
22 45 13
20 2 3
5 31 19
18 42 6
12 53 45
13 49 24
4 56 51
19 22 46
