100
835021 148199
590994 517833
608222 50345
8006 762242
766646 222616
261316 444626
537999 277902
537197 855474
920373 684944
320719 876937
358462 586884
675971 321391
123867 140307
128803 282697
758881 171680
136500 422023
193135 198039
378728 360124
392452 108817
354161 597928
649323 55672
17132 637330
874345 347201
438709 224050
498016 395416
726553 884433
842255 10844
687947 178080
71028 593146
970354 338162
79443 14106
663901 221315
930705 239888
600141 738972
700288 989422
831489 192019
836719 975799
25687 180648
398330 527543
759693 11278
775367 636653
947353 772419
756820 730266
885235 501364
51363 712830
651010 113565
621762 75669
838741 16591
442141 120792
865463 580524
537468 595847
333423 886677
414650 287074
182368 426508
244597 367146
616240 672603
404647 544766
38659 693606
240706 312897
481579 234969
158499 842498
261469 937396
403294 318648
847422 614858
137477 765922
175546 764054
675354 659903
894020 727192
984555 871700
273185 179964
813414 742353
765061 866594
53703 333987
446640 753828
198088 154611
831350 25746
1690 903414
783054 591272
707120 33449
516970 26247
442373 178573
921872 121958
650933 741526
687963 461976
663501 190004
974775 699195
770676 857631
603498 454946
406008 296675
8088 12045
298767 479409
429542 223670
705813 394969
87713 309933
81946 838602
315035 464016
798111 440168
886545 439759
766818 228779
30559 542566
