100
63 45
188 989
215 636
370 365
65 909
740 711
594 245
360 859
364 209
552 688
865 463
421 425
448 602
956 816
626 886
620 784
817 100
616 440
797 44
239 535
435 362
995 733
486 721
402 311
505 551
647 129
169 848
524 1
555 758
316 818
178 950
561 23
828 980
848 313
505 164
85 668
999 667
912 66
916 813
157 504
189 830
542 160
380 542
26 844
307 709
486 52
809 26
634 275
686 6
364 387
109 227
931 249
54 682
648 868
549 222
12 736
795 312
444 194
434 596
53 945
539 5
98 59
99 386
74 98
59 889
599 207
210 601
502 277
474 153
813 562
379 293
554 325
777 654
515 409
94 200
431 812
666 90
238 644
955 944
322 67
691 733
939 83
233 798
225 270
711 717
470 837
727 7
575 602
671 903
867 747
950 684
689 468
679 297
447 880
614 253
21 771
406 29
726 91
434 468
233 256
