100
400768 983396
436724 32474
47638 509884
24978 228417
678642 811002
709305 784923
341604 558244
759025 357929
612840 866340
663574 723464
766775 828849
247914 542231
536378 7837
558463 976742
136297 237042
316403 145350
470561 347887
985242 647584
696727 677718
749518 645141
568350 469648
951500 232921
227643 523373
782783 84467
370216 706341
277630 606210
953751 184649
904958 84861
872503 483042
305818 562355
269496 733383
973273 422703
408286 720984
921521 925132
276173 588152
641160 167893
340730 304350
887456 217106
131532 262322
98491 385018
568949 609574
490081 892056
211891 174590
124309 397030
846367 97133
498582 129896
86744 522038
452062 611412
911576 965847
436357 194098
305872 215675
447344 908854
431696 869675
165000 351614
998949 878484
98119 594422
758234 697013
780783 355293
287655 905972
317465 911234
495444 412489
823644 488811
510282 589213
558802 116627
881186 961261
798671 174087
258847 300397
743629 120831
980285 235813
10084 141205
228699 740878
501758 688143
690390 105254
707720 160840
880628 251719
724050 200594
560336 507112
546020 339175
915476 186738
427646 984125
420999 601634
355509 975328
561245 348057
933702 197259
828660 988578
226785 981266
672709 484148
357627 282268
320862 986518
907001 864238
643520 850382
411814 978853
484767 974630
508848 271686
130817 832070
520875 900307
838022 797000
532041 98674
592340 630016
249375 672193
