100
922 958
763 675
737 148
946 100
177 806
837 117
859 136
792 926
649 559
113 787
288 780
77 567
340 462
983 460
941 927
358 401
99 559
646 998
503 828
22 8
107 107
166 660
941 706
123 383
917 796
596 713
579 136
291 453
66 790
166 360
740 238
698 916
242 573
527 982
941 684
84 380
17 616
64 690
663 516
852 829
142 846
268 189
676 777
223 392
408 939
173 958
923 954
450 427
57 414
853 738
977 234
97 914
775 548
981 336
51 572
386 172
229 101
457 741
576 572
594 873
178 852
87 549
339 183
526 378
144 950
336 705
182 199
42 388
640 72
136 558
272 582
645 895
970 404
760 221
920 594
142 460
582 424
759 254
973 735
358 794
992 500
955 650
766 503
913 656
262 309
509 141
634 961
67 59
51 53
38 811
988 118
622 798
214 501
802 24
955 124
891 274
980 840
954 668
579 273
724 650
