99
-900 1000
-901 1006
-901 1012
-902 1018
-904 1025
-905 1031
-908 1037
-910 1042
-913 1048
-916 1054
-920 1059
-924 1064
-928 1069
-933 1073
-937 1077
-942 1081
-948 1084
-953 1088
-959 1090
-965 1093
-971 1095
-977 1097
-983 1098
-989 1099
-996 1099
-1001 1099
-1007 1099
-1014 1098
-1020 1097
-1026 1096
-1032 1094
-1038 1092
-1044 1089
-1050 1086
-1055 1083
-1060 1079
-1065 1075
-1070 1071
-1074 1066
-1078 1061
-1082 1056
-1085 1051
-1088 1045
-1091 1040
-1093 1034
-1095 1028
-1097 1022
-1098 1015
-1099 1009
-1099 1003
-1099 997
-1099 991
-1098 985
-1097 978
-1095 972
-1093 966
-1091 960
-1088 955
-1085 949
-1082 944
-1078 939
-1074 934
-1070 929
-1065 925
-1060 921
-1055 917
-1049 914
-1044 911
-1038 908
-1032 906
-1026 904
-1020 903
-1014 902
-1007 901
-1001 901
-996 901
-989 901
-983 902
-977 903
-971 905
-965 907
-959 910
-953 912
-948 916
-942 919
-937 923
-933 927
-928 931
-924 936
-920 941
-916 946
-913 952
-910 958
-908 963
-905 969
-904 975
-902 982
-901 988
-901 994
