100
-2518 -3330
1491 226
3161 9630
-6596 -3241
-2400 -4640
3053 -3303
9240 792
3801 -4620
-7560 992
2262 -2695
1778 4366
-6928 -6287
-1223 67
4696 -4631
-5482 4804
2196 -9806
-3432 -8770
-2071 450
-6341 5097
6078 -831
-3434 3367
1968 -9503
-1399 -9521
-7886 3666
4189 -5068
5923 -4751
-1067 -6602
4991 -579
-365 -5462
-9058 -9119
7681 -283
-2261 -9851
-5748 2792
-606 5904
-9207 -3820
9043 -5932
3156 -4623
-9710 -1689
-7110 -877
6789 1672
-5910 7397
970 3979
-750 4433
-2124 4757
-7446 -1050
-4971 -3687
-5945 -1239
4268 -3311
3162 1978
-3502 -2849
-5119 -8021
5294 3935
7261 8342
-9726 -1095
3443 -9101
6213 8831
-3197 -838
8800 -2037
-7420 -5775
-6993 3603
4458 -4593
4990 -661
9510 8769
-6552 -4349
9982 9722
-8584 -7432
-4693 6907
4390 4061
2833 -479
5736 -1142
657 5300
5333 7384
1043 1322
2367 9485
-2162 4844
-1776 2658
6328 6330
-9579 -4557
8974 -8115
-6489 -4315
-4539 -2727
-2113 8344
-9485 686
2452 2548
7888 6494
2053 -7437
-6008 -2875
-4338 2388
9592 -4721
6191 8640
2998 3667
7927 1431
-6788 -5551
2485 7925
6437 5572
9250 8253
-5586 6191
1211 -1520
8013 -1647
2161 311
